disasters/re_flood.asc
ncols         768
nrows         589
xllcorner     124.299398925
yllcorner     32.893460211367
cellsize      0.010567299164062
NODATA_value  -9999
[rows 256 to 287 of 589, columns 216 to 287 of 768]
0.375215 0.375215 0.386112 0.428177 0.612915 0.536794 0.521753 0.566144 0.409793 0.379402 0.171472 0.236551 0.236551 0.236551 0.330956 0.369041 0.406401 0.5888 0.52709 0.313551 0.626115 0.529575 0.330245 0.402528 0.202729 0.202729 0.183812 0.121237 0.113171 0.135251 0.256079 0.4305 0.555402 0.532433 0.776611 0.745336 0.610384 0.886488 0.886488 0.76926 0.770607 0.491682 0.567186 0.71207 0.642692 0.627818 0.554232 0.315781 0.56661 0.56661 0.56661 0.51876 0.348368 0.591605 0.642849 0.212488 0.349506 0.304691 0.206854 0.26699 0.157227 0.500295 0.500295 0.635239 0.595833 0.211691 0.167587 0.559413 0.408362 0.37234 0.56174 0.828435
0.458798 0.231477 0.405733 0.496935 0.681071 0.355241 0.657666 0.450798 0.362306 0.429311 0.176512 0.107599 0.107599 0.107599 0.398483 0.370142 0.417894 0.72148 0.550907 0.619709 0.446456 0.338411 0.346743 0.49057 0.305358 0.305358 0.134309 0.0997133 0.135467 0.142829 0.192727 0.383779 0.438284 0.558091 0.570947 0.726881 0.701651 0.705036 0.705036 0.545439 0.618684 0.704369 0.661842 0.473579 0.54243 0.801309 0.566117 0.474161 0.355402 0.355402 0.355402 0.416078 0.290565 0.451515 0.489463 0.391531 0.332402 0.549822 0.193499 0.236794 0.429036 0.538 0.538 0.547606 0.401463 0.121865 0.143925 0.550131 0.62658 0.307627 0.707152 0.585619
0.479675 0.251941 0.1928 0.422613 0.828079 0.70511 0.595074 0.565007 0.56421 0.377832 0.119819 0.0905479 0.0905479 0.0905479 0.248788 0.287681 0.442818 0.506088 0.615966 0.525258 0.350205 0.380188 0.357099 0.594051 0.40531 0.40531 0.449063 0.173057 0.22541 0.276439 0.46421 0.475729 0.588571 0.523629 0.677844 0.544256 0.735255 0.639077 0.639077 0.637712 0.72179 0.460403 0.393497 0.613454 0.668412 0.655803 0.607995 0.562 0.240912 0.240912 0.240912 0.252206 0.198468 0.70162 0.169566 0.203538 0.587524 0.565232 0.150363 0.148231 0.420883 0.364334 0.364334 0.690336 0.188839 0.103438 0.144499 0.280768 0.774504 0.40375 0.593314 0.473028
0.703507 0.527708 0.4649 0.593304 0.796019 0.805764 0.824559 0.556726 0.592654 0.224495 0.142066 0.134743 0.134743 0.134743 0.279925 0.334607 0.442786 0.583137 0.552673 0.358923 0.323067 0.624352 0.539003 0.525374 0.366556 0.366556 0.535512 0.253284 0.180244 0.309781 0.333455 0.217897 0.744025 0.450532 0.618725 0.617041 0.458622 0.682251 0.682251 0.795414 0.916427 0.332553 0.611964 0.299256 0.421682 0.750696 0.745974 0.772437 0.496038 0.496038 0.496038 0.19496 0.43267 0.442895 0.301215 0.274427 0.414359 0.36554 0.200657 0.254043 0.168765 0.183894 0.183894 0.531771 0.0994525 0.145439 0.143794 0.446244 0.548011 0.802365 0.579691 0.567037
0.786573 0.52623 0.613699 0.856192 0.5596 0.132881 0.0673853 0.112094 0.0788701 0.149705 0.113503 0.19349 0.19349 0.19349 0.120245 0.258512 0.353888 0.393751 0.467491 0.377918 0.487707 0.251316 0.228676 0.418596 0.240532 0.240532 0.337877 0.412638 0.4067 0.313025 0.318256 0.516561 0.599535 0.641362 0.644223 0.364282 0.393807 0.714059 0.714059 0.519205 0.39229 0.320688 0.359585 0.500422 0.810796 0.615353 0.295341 0.713927 0.540536 0.540536 0.540536 0.221238 0.363304 0.851839 0.708242 0.648148 0.39765 0.12863 0.0774422 0.0575832 0.108132 0.126384 0.126384 0.365929 0.485428 0.230922 0.219351 0.563761 0.400207 0.829612 0.739167 0.83312
0.771595 0.818497 0.743113 0.703026 0.332936 0.161573 0.13015 0.0893508 0.121884 0.141325 0.167218 0.204298 0.204298 0.204298 0.287131 0.363259 0.372325 0.333296 0.314541 0.421415 0.375271 0.395662 0.492208 0.707748 0.516952 0.516952 0.258365 0.486508 0.291202 0.412515 0.460957 0.74442 0.487218 0.548881 0.748312 0.288576 0.358434 0.817295 0.817295 0.36676 0.450867 0.37003 0.621644 0.511228 0.833553 0.414548 0.2263 0.562557 0.290152 0.290152 0.290152 0.497927 0.393483 0.842021 0.701687 0.827658 0.342613 0.0919306 0.0611613 0.100475 0.165156 0.402121 0.402121 0.457309 0.35061 0.376191 0.264603 0.596657 0.597711 0.797088 0.775308 0.749258
0.692499 0.884959 0.85594 0.473461 0.163014 0.226516 0.144839 0.236018 0.174639 0.120208 0.113292 0.304707 0.304707 0.304707 0.421687 0.248451 0.313319 0.209277 0.271228 0.241228 0.300766 0.429471 0.384966 0.580568 0.527803 0.527803 0.339139 0.225905 0.44604 0.615849 0.709552 0.630832 0.743227 0.627598 0.762472 0.443739 0.553154 0.622664 0.622664 0.710474 0.71458 0.347519 0.5386 0.520836 0.684431 0.62494 0.372933 0.575641 0.613039 0.613039 0.613039 0.480369 0.519953 0.769921 0.538766 0.400178 0.181395 0.0564043 0.0890102 0.129501 0.150286 0.103488 0.103488 0.356076 0.306189 0.205525 0.129355 0.625356 0.51545 0.62485 0.856929 0.784172
0.652402 0.738934 0.797667 0.478637 0.154513 0.284676 0.170794 0.131053 0.0931289 0.11476 0.182504 0.346133 0.346133 0.346133 0.277514 0.142704 0.223841 0.179656 0.22402 0.409791 0.241051 0.745075 0.365068 0.688539 0.692339 0.692339 0.359603 0.459672 0.583333 0.723466 0.655596 0.721884 0.6416 0.621764 0.738614 0.879658 0.738056 0.608908 0.608908 0.390378 0.429672 0.388032 0.260025 0.228407 0.355394 0.643775 0.609099 0.555843 0.494539 0.494539 0.494539 0.323647 0.506404 0.767276 0.43125 0.299992 0.426242 0.104149 0.0626065 0.099795 0.175519 0.186796 0.186796 0.21665 0.265387 0.158104 0.130849 0.425558 0.639516 0.743135 0.494735 0.707543
0.574524 0.674648 0.674812 0.29678 0.159822 0.601059 0.128014 0.0820881 0.130718 0.0797362 0.137788 0.340005 0.340005 0.340005 0.305511 0.139624 0.181296 0.228137 0.388756 0.271496 0.277096 0.643946 0.796026 0.642314 0.700768 0.700768 0.85798 0.75482 0.778423 0.652337 0.808684 0.736256 0.723065 0.901147 0.816695 0.75391 0.791259 0.755004 0.755004 0.556792 0.725615 0.695502 0.426871 0.355537 0.567403 0.63352 0.653809 0.676381 0.641677 0.641677 0.641677 0.440572 0.369816 0.791517 0.460479 0.608588 0.534842 0.151022 0.0558408 0.0651337 0.19756 0.119195 0.119195 0.191523 0.267286 0.208592 0.234251 0.267588 0.627859 0.698205 0.706468 0.64869
0.563278 0.645541 0.622313 0.297877 0.162514 0.302779 0.194686 0.0924496 0.0925376 0.0993703 0.210291 0.232899 0.232899 0.232899 0.397234 0.36451 0.295856 0.34069 0.278919 0.254368 0.220167 0.309016 0.592904 0.671273 0.705565 0.705565 0.794182 0.843849 0.626713 0.59362 0.58728 0.787805 0.813464 0.81504 0.860208 0.757995 0.68916 0.701442 0.701442 0.342361 0.341502 0.671109 0.634406 0.660731 0.577457 0.723463 0.42853 0.615961 0.68709 0.68709 0.68709 0.397382 0.778102 0.767457 0.815228 0.654109 0.612951 0.429678 0.101029 0.133601 0.323569 0.168134 0.168134 0.112655 0.161393 0.193554 0.179709 0.27813 0.651793 0.836061 0.570194 0.499448
0.461009 0.812051 0.530926 0.271174 0.124831 0.249265 0.192452 0.184419 0.15452 0.308479 0.355017 0.52376 0.52376 0.52376 0.608544 0.182605 0.157807 0.247642 0.272485 0.21328 0.270524 0.280431 0.445302 0.502694 0.703756 0.703756 0.525192 0.41077 0.676261 0.641876 0.652614 0.69311 0.632349 0.736164 0.729422 0.713998 0.558186 0.53802 0.53802 0.641768 0.381277 0.272731 0.481552 0.606456 0.698459 0.721984 0.549561 0.800732 0.412748 0.412748 0.412748 0.304286 0.712594 0.78079 0.553592 0.742727 0.685965 0.517451 0.148929 0.439208 0.460882 0.394018 0.394018 0.170584 0.412668 0.216792 0.286018 0.203763 0.638278 0.728717 0.647181 0.477221
0.699764 0.683812 0.328335 0.205004 0.337557 0.559275 0.65264 0.434034 0.15058 0.218098 0.375838 0.289635 0.289635 0.289635 0.206381 0.250473 0.533619 0.569535 0.193472 0.178602 0.357253 0.224289 0.378076 0.452405 0.725574 0.725574 0.815329 0.795884 0.742495 0.805747 0.700105 0.634205 0.804074 0.783521 0.689083 0.650885 0.585326 0.284263 0.284263 0.423482 0.399221 0.566434 0.549415 0.726773 0.752875 0.72883 0.648467 0.379756 0.598082 0.598082 0.598082 0.223225 0.457911 0.875057 0.754201 0.709048 0.430184 0.507251 0.214608 0.171799 0.194355 0.635061 0.635061 0.205803 0.31397 0.36479 0.448368 0.519636 0.3493 0.639935 0.72969 0.77544
0.504889 0.357239 0.35699 0.208235 0.299461 0.27381 0.194697 0.613227 0.125158 0.137153 0.162826 0.233718 0.233718 0.233718 0.361049 0.477028 0.234301 0.518577 0.501468 0.351708 0.206599 0.207386 0.36569 0.47725 0.51185 0.51185 0.713158 0.756833 0.708205 0.813099 0.780382 0.577642 0.844277 0.710895 0.546807 0.248328 0.342555 0.416822 0.416822 0.299476 0.300265 0.611227 0.647583 0.744793 0.874111 0.932318 0.816941 0.625505 0.368174 0.368174 0.368174 0.414162 0.318397 0.7006 0.622503 0.622347 0.53162 0.403806 0.17402 0.231267 0.414381 0.596547 0.596547 0.467294 0.56421 0.549729 0.403055 0.53138 0.285601 0.465763 0.651749 0.438567
0.444181 0.319416 0.192452 0.510972 0.624068 0.204703 0.244003 0.605085 0.140229 0.197388 0.137186 0.276827 0.276827 0.276827 0.197506 0.473668 0.235916 0.168179 0.46646 0.665805 0.527973 0.683182 0.640543 0.53179 0.784 0.784 0.843424 0.770852 0.812392 0.783486 0.926397 0.783822 0.752977 0.706163 0.462718 0.540861 0.64277 0.509773 0.509773 0.503212 0.612791 0.821162 0.764599 0.797407 0.839373 0.773114 0.803379 0.730129 0.744708 0.832892 0.832892 0.832892 0.636174 0.761668 0.628721 0.258857 0.663573 0.17416 0.242293 0.527248 0.289058 0.168083 0.168083 0.313621 0.499653 0.571509 0.58839 0.296397 0.398229 0.438864 0.562357 0.583078
0.651151 0.195585 0.408798 0.68045 0.629337 0.177074 0.235167 0.508863 0.145532 0.16299 0.208341 0.15268 0.15268 0.15268 0.167389 0.273651 0.270861 0.261972 0.462861 0.605533 0.671689 0.682139 0.769182 0.823945 0.875282 0.875282 0.870971 0.851766 0.822459 0.848819 0.783237 0.788603 0.778679 0.644302 0.940106 0.528203 0.415632 0.529744 0.529744 0.348232 0.733193 0.751664 0.806228 0.818925 0.794173 0.910735 0.871324 0.737122 0.719433 0.73255 0.73255 0.73255 0.726656 0.863752 0.634923 0.328368 0.664395 0.264671 0.27974 0.332883 0.497331 0.211571 0.411326 0.411326 0.463802 0.466616 0.539345 0.473537 0.55974 0.428649 0.391888 0.483477
0.558585 0.30668 0.707584 0.74117 0.396721 0.250077 0.378308 0.45753 0.189478 0.256458 0.215508 0.19044 0.19044 0.19044 0.269471 0.493071 0.207186 0.387725 0.627001 0.570042 0.75371 0.882581 0.863319 0.809342 0.818836 0.818836 0.830768 0.745695 0.800034 0.706171 0.649638 0.658508 0.637591 0.698858 0.843756 0.657519 0.423461 0.424327 0.424327 0.623506 0.813462 0.766249 0.786527 0.858164 0.780982 0.791546 0.796212 0.744859 0.655258 0.739027 0.739027 0.739027 0.795126 0.827657 0.740375 0.733405 0.734745 0.506676 0.293401 0.591965 0.443492 0.231823 0.362663 0.362663 0.420644 0.599134 0.342591 0.520908 0.620443 0.711384 0.529872 0.702306
0.450496 0.835055 0.718552 0.633484 0.619655 0.380945 0.767043 0.489551 0.22358 0.587732 0.200017 0.200017 0.200017 0.32843 0.178963 0.330531 0.434999 0.301671 0.611871 0.674111 0.739729 0.769386 0.762121 0.715691 0.715691 0.768004 0.826933 0.772807 0.836056 0.664236 0.526913 0.686721 0.74071 0.474628 0.720071 0.71834 0.511622 0.588827 0.588827 0.693038 0.780386 0.776345 0.749715 0.909207 0.767942 0.733725 0.753959 0.82436 0.78356 0.822847 0.822847 0.822847 0.745766 0.81788 0.774348 0.790692 0.762685 0.386787 0.166144 0.305541 0.475255 0.191006 0.167655 0.167655 0.21415 0.244688 0.297597 0.318843 0.602044 0.535449 0.454505 0.320595
0.512737 0.871596 0.425973 0.221408 0.461355 0.235335 0.363475 0.391638 0.299813 0.29984 0.463517 0.463517 0.463517 0.50212 0.452527 0.297911 0.742925 0.828511 0.7324 0.767189 0.815111 0.854468 0.755771 0.729773 0.729773 0.803223 0.672838 0.612322 0.494733 0.378236 0.496282 0.417699 0.622767 0.59098 0.615016 0.82069 0.878859 0.730243 0.730243 0.856969 0.739218 0.755206 0.788587 0.829813 0.758639 0.740549 0.756962 0.826145 0.741654 0.799017 0.799017 0.799017 0.8073 0.78056 0.80753 0.726641 0.807517 0.713969 0.47073 0.448711 0.348982 0.197832 0.180682 0.180682 0.206765 0.252149 0.314707 0.42576 0.370373 0.561434 0.237867 0.255328
0.481765 0.638813 0.42924 0.560731 0.62836 0.18986 0.389116 0.46895 0.29968 0.344139 0.254905 0.254905 0.254905 0.606869 0.578515 0.379825 0.531499 0.90979 0.819525 0.821979 0.761495 0.688058 0.738676 0.799518 0.799518 0.582398 0.442482 0.362354 0.484545 0.423141 0.566782 0.550785 0.695201 0.385693 0.531336 0.848422 0.758643 0.82053 0.82053 0.727164 0.75875 0.797522 0.794398 0.751116 0.739334 0.65737 0.741611 0.728458 0.789019 0.826016 0.826016 0.826016 0.793945 0.773822 0.811937 0.73634 0.872911 0.769548 0.606835 0.634512 0.30833 0.201866 0.210742 0.210742 0.338186 0.443365 0.574062 0.255434 0.522298 0.231977 0.21123 0.259998
0.476695 0.464914 0.440319 0.722139 0.631016 0.30549 0.244609 0.611151 0.297504 0.211401 0.328789 0.328789 0.328789 0.706099 0.659861 0.554199 0.778811 0.844106 0.769876 0.863332 0.700837 0.534323 0.575549 0.479516 0.479516 0.581636 0.598155 0.477083 0.80217 0.513746 0.568932 0.713066 0.546395 0.625892 0.60381 0.738979 0.778888 0.734821 0.734821 0.794619 0.757942 0.813859 0.801758 0.749938 0.708826 0.674937 0.879021 0.770634 0.754254 0.785907 0.785907 0.785907 0.775388 0.750703 0.678525 0.767325 0.570855 0.741005 0.456003 0.674986 0.380894 0.170876 0.289719 0.289719 0.633378 0.409822 0.320911 0.284196 0.217554 0.167499 0.207207 0.372875
0.718828 0.349963 0.438064 0.684119 0.633443 0.368459 0.378124 0.555403 0.325947 0.306682 0.404671 0.404671 0.404671 0.696671 0.733733 0.730287 0.767766 0.7253 0.688826 0.593612 0.579914 0.732832 0.358767 0.367785 0.367785 0.578142 0.572967 0.462189 0.637718 0.264486 0.286644 0.765066 0.39725 0.779311 0.670416 0.726253 0.65151 0.755049 0.755049 0.823349 0.769631 0.811031 0.763534 0.743001 0.715855 0.574779 0.723899 0.739868 0.679283 0.778089 0.778089 0.778089 0.8004 0.777955 0.688107 0.73385 0.756459 0.726789 0.714857 0.574827 0.488968 0.157584 0.26744 0.26744 0.369319 0.328752 0.314082 0.344812 0.274828 0.308784 0.213541 0.210953
0.714301 0.445165 0.566739 0.673642 0.468273 0.496484 0.487889 0.450537 0.44298 0.428083 0.622456 0.622456 0.622456 0.727698 0.676096 0.683882 0.54259 0.479998 0.505886 0.397838 0.360541 0.492994 0.539351 0.579701 0.579701 0.493143 0.659087 0.506945 0.651569 0.463705 0.340145 0.612736 0.6856 0.733079 0.911018 0.75311 0.735624 0.674411 0.674411 0.720919 0.760077 0.736772 0.726955 0.666296 0.741543 0.693573 0.636509 0.85683 0.521863 0.88587 0.88587 0.88587 0.794788 0.807147 0.67665 0.745371 0.779214 0.644692 0.741126 0.602111 0.431795 0.173443 0.461343 0.461343 0.139859 0.204496 0.266956 0.321754 0.228644 0.180329 0.214589 0.183356
-9999 0.803236 0.757804 0.675858 0.524009 0.203959 0.242954 0.396242 0.593935 0.485325 0.27748 0.27748 0.27748 0.314647 0.342984 0.448584 0.490683 0.555753 0.585996 0.29911 0.367131 0.464211 0.417407 0.632555 0.632555 0.617804 0.55307 0.462637 0.643742 0.725726 0.638279 0.66041 0.798743 0.720543 0.70613 0.675216 0.702712 0.749803 0.749803 0.611063 0.735276 0.716121 0.74868 0.693756 0.740997 0.752115 0.709708 0.691675 0.704613 0.771296 0.771296 0.771296 0.797321 0.81577 0.717957 0.688116 0.846767 0.78429 0.756028 0.529476 0.234859 0.317867 0.149405 0.149405 0.153345 0.176345 0.366268 0.170557 0.285783 0.417133 0.327278 0.305226
0.713965 0.736514 0.759639 0.614047 0.485473 0.285153 0.328204 0.509207 0.622022 0.556732 0.350347 0.350347 0.350347 0.332892 0.377678 0.557851 0.44768 0.545759 0.571825 0.406083 0.268707 0.320212 0.334005 0.594049 0.594049 0.698474 0.70633 0.659372 0.760441 0.813294 0.719136 0.641166 0.732742 0.793759 0.764353 0.776899 0.747029 0.815661 0.815661 0.753025 0.647425 0.723976 0.679025 0.739944 0.784278 0.766523 0.731012 0.663301 0.665374 0.748479 0.748479 0.748479 0.664955 0.80107 0.720701 0.732657 0.779974 0.795916 0.714066 0.558109 0.576016 0.46058 0.170642 0.170642 0.192128 0.183347 0.171037 0.423584 0.18232 0.308591 0.357459 0.199652
0.738265 0.630508 0.644247 0.470677 0.389743 0.313163 0.330056 0.403071 0.639083 0.447193 0.355498 0.355498 0.355498 0.380719 0.539881 0.797477 0.56278 0.740372 0.802173 0.704948 0.608784 0.716955 0.416497 0.470184 0.470184 0.645163 0.766016 0.723533 0.790941 0.809506 0.780687 0.767281 0.798195 0.657072 0.699124 0.492058 0.82514 0.793115 0.793115 0.718384 0.797272 0.813778 0.698082 0.687122 0.688031 0.742609 0.646089 0.649928 0.696738 0.710799 0.710799 0.710799 0.60159 0.434748 0.792061 0.782621 0.73586 0.724255 0.766635 0.585654 0.500269 0.538609 0.418541 0.418541 0.276704 0.0984532 0.155839 0.263874 0.39773 0.359238 0.280345 0.262979
-9999 0.754132 0.504668 0.289964 0.651431 0.524518 0.531704 0.550442 0.613677 0.571791 0.513496 0.513496 0.513496 0.217087 0.509261 0.743461 0.698295 0.53624 0.695219 0.655873 0.622733 0.743186 0.640526 0.351975 0.351975 0.582637 0.752015 0.759624 0.861463 0.687877 0.83863 0.802882 0.591103 0.685374 0.689621 0.911542 0.690367 0.690367 0.632417 0.741067 0.840298 0.711587 0.773267 0.635567 0.649202 0.713042 0.680797 0.666459 0.737704 0.654231 0.654231 0.654231 0.609417 0.665818 0.748661 0.69488 0.674611 0.532254 0.660872 0.679523 0.717844 0.826682 0.317643 0.317643 0.179853 0.139953 0.154717 0.21711 0.103764 0.122047 0.137302 0.170319
-9999 -9999 0.502682 0.423858 0.738299 0.353549 0.394052 0.542864 0.847196 0.770035 0.442249 0.442249 0.442249 0.314636 0.338121 0.642488 0.791284 0.731595 0.84508 0.529595 0.551706 0.723737 0.465512 0.708585 0.708585 0.731746 0.691926 0.481559 0.589487 0.7513 0.669297 0.657445 0.750202 0.895518 0.695918 0.730274 0.712128 0.712128 0.708538 0.783837 0.689444 0.730669 0.713072 0.685409 0.61128 0.725909 0.816389 0.822539 0.716896 0.6829 0.6829 0.6829 0.741555 0.73803 0.767948 0.527697 0.538521 0.309472 0.388005 0.675188 0.718054 0.732848 0.443922 0.443922 0.42807 0.244971 0.128507 0.225393 0.108114 0.0971951 0.126291 0.17474
-9999 -9999 -9999 0.458473 0.607511 0.232923 0.271546 0.221487 0.656741 0.618921 0.275379 0.275379 0.275379 0.401474 0.53747 0.587909 0.806225 0.782669 0.731609 0.578879 0.89012 0.721196 0.649151 0.810534 0.810534 0.507558 0.839056 0.865087 0.684417 0.788543 0.787152 0.783783 0.7468 0.727584 0.681317 0.729066 0.655608 0.655608 0.673914 0.715967 0.7643 0.642356 0.619322 0.658973 0.62588 0.720335 0.809276 0.635861 0.836882 0.735502 0.735502 0.735502 0.863118 0.699637 0.608804 0.365551 0.352925 0.510609 0.566091 0.502575 0.317471 0.45892 0.739028 0.739028 0.51653 0.497392 0.19033 0.150706 0.0770938 0.132942 0.094199 0.297363
-9999 -9999 -9999 -9999 0.451258 0.576627 0.198237 0.235156 0.564461 0.659409 0.600471 0.600471 0.600471 0.678945 0.653499 0.451789 0.850079 0.737059 0.693047 0.526797 0.784272 0.628204 0.467785 0.713248 0.713248 0.384532 0.789758 0.643739 0.725389 0.764943 0.770915 0.74506 0.648509 0.742339 0.851703 0.739035 0.747555 0.747555 0.766934 0.720695 0.776188 0.70047 0.663347 0.654201 0.731657 0.704817 0.730853 0.853327 0.699562 0.736782 0.736782 0.736782 0.715584 0.504697 0.225519 0.611771 0.35219 0.44005 0.50579 0.232935 0.416562 0.61195 0.617026 0.617026 0.323728 0.317114 0.132902 0.147786 0.0608 0.0737392 0.102519 0.249169
-9999 -9999 -9999 -9999 -9999 -9999 -9999 0.516328 0.628331 0.596197 0.629061 0.629061 0.629061 0.657879 0.62725 0.800719 0.579991 0.662157 0.717463 0.637538 0.775887 0.789043 0.723035 0.708393 0.708393 0.563263 0.507978 0.659015 0.714489 0.749697 0.463389 0.774813 0.727256 0.740217 0.726337 0.684226 0.811182 0.811182 0.756833 0.837146 0.814862 0.746985 0.681297 0.669859 0.865236 0.714337 0.737896 0.671768 0.793515 0.821411 0.821411 0.821411 0.541267 0.325518 0.237083 0.802272 0.28597 0.327426 0.203363 0.373886 0.521583 0.311528 0.468322 0.468322 0.672368 0.325155 0.250938 0.410573 0.112283 0.185414 0.158173 0.118174
-9999 -9999 -9999 -9999 -9999 -9999 -9999 -9999 0.717602 0.463482 0.728981 0.728981 0.728981 0.709051 0.640701 0.651569 0.657869 0.745766 0.54695 0.532938 0.900172 0.810587 0.619632 0.502817 0.502817 0.480569 0.625341 0.708858 0.736183 0.649262 0.556416 0.663787 0.730023 0.78113 0.768848 0.90204 0.751351 0.751351 0.616266 0.783081 0.827067 0.666098 0.704619 0.691628 0.73062 0.653657 0.698098 0.811287 0.638713 0.280202 0.280202 0.280202 0.331714 0.293631 0.236764 0.607034 0.165773 0.199488 0.209328 0.194656 0.209253 0.4507 0.336502 0.336502 0.554949 0.408234 0.180496 0.312355 0.199831 0.262653 0.22633 0.123095
-9999 -9999 -9999 -9999 -9999 -9999 -9999 -9999 0.653087 0.641903 0.6714 0.6714 0.6714 0.569024 0.66318 0.623675 0.625326 0.674312 0.65971 0.69135 0.798141 0.691514 0.681547 0.653689 0.653689 0.738991 0.800615 0.618638 0.729385 0.618762 0.510316 0.65658 0.697922 0.708696 0.679464 0.737804 0.739784 0.739784 0.706575 0.673886 0.720255 0.647693 0.713728 0.609012 0.711226 0.695305 0.830467 0.743728 0.398513 0.294889 0.294889 0.294889 0.327079 0.273977 0.322048 0.155187 0.270078 0.354959 0.266148 0.502726 0.231704 0.315907 0.38215 0.38215 0.156732 0.165164 0.161642 0.343818 0.256575 0.327085 0.147792 0.203484
