disasters/re_fire.asc
ncols         768
nrows         589
xllcorner     124.299398925
yllcorner     32.893460211367
cellsize      0.010567299164062
NODATA_value  -9999
[rows 160 to 191 of 589, columns 355 to 425 of 768]
0.245339 0.145486 0.244208 0.157785 0.133628 0.132167 0.0451392 0.219481 0.211368 0.0723408 0.18294 0.219328 0.0631441 0.17584 0.198364 0.248876 0.234868 0.241097 0.276427 0.209242 0.224537 0.559485 0.123974 0.120122 0.242382 0.11254 0.135669 0.248849 0.241803 0.164963 0.317856 0.250167 0.505629 0.567041 0.319216 0.408101 0.500301 0.285016 0.152925 0.187357 0.456172 0.264274 0.402656 0.317051 0.500068 0.231689 0.376797 0.519264 0.444964 0.581373 0.260869 0.266107 0.248724 0.360647 0.276437 0.513925 0.341923 0.798703 0.689564 0.821843 0.834505 0.790199 0.572925 0.750259 0.810286 0.737369 0.631989 0.595842 0.914978 0.610153 0.519857
0.249252 0.145333 0.239126 0.246475 0.169172 0.244369 0.244611 0.418044 0.269052 0.185426 0.218012 0.246103 0.154035 0.166036 0.185701 0.192386 0.175711 0.0639682 0.26821 0.0846241 0.262378 0.304154 0.158306 0.243805 0.131657 0.0881069 0.0581725 0.13116 0.26635 0.252193 0.353531 0.398808 0.475841 0.343975 0.198032 0.330693 0.42664 0.311053 0.506639 0.317301 0.697649 0.533674 0.547353 0.42978 0.467706 0.414352 0.393213 0.301855 0.491164 0.64228 0.497644 0.397821 0.47102 0.53982 0.454664 0.553116 0.390829 0.552873 0.697678 0.813307 0.9138 0.804694 0.795889 0.737975 0.3966 0.657144 0.867596 0.643683 0.803641 0.817745 0.851006
0.145999 0.245177 0.24876 0.248433 0.1893 0.0238568 0.107202 0.209992 0.234901 0.225781 0.317754 0.196901 0.290115 0.306747 0.200455 0.116305 0.0730811 0.2509 0.103549 0.106071 0.0527534 0.206149 0.692259 0.278539 0.422838 0.0647138 0.0641142 0.284173 0.114569 0.239319 0.361793 0.378235 0.294483 0.58383 0.402721 0.149771 0.554677 0.081686 0.27146 0.164197 0.509028 0.300535 0.282994 0.541878 0.553219 0.56897 0.345893 0.296685 0.237372 0.343549 0.334887 0.266785 0.402607 0.812955 0.594421 0.419808 0.255375 0.212049 0.465163 0.689865 0.457151 0.907413 0.800564 0.673182 0.799786 0.760404 0.668338 0.820461 0.621447 0.607694 0.541885
0.249334 0.146875 0.232152 0.090515 0.246226 0.212649 0.209608 0.274174 0.247838 0.173075 0.149463 0.105372 0.141632 0.112802 0.174072 0.126393 0.109171 0.110771 0.128666 0.239266 0.51731 0.431827 0.18984 0.125361 0.668218 0.186157 0.207714 0.15707 0.258087 0.238542 0.426678 0.206935 0.217454 0.339375 0.51498 0.614595 0.390481 0.159477 0.278269 0.319261 0.282407 0.194191 0.524435 0.198417 0.420166 0.290685 0.376768 0.20968 0.176352 0.273183 0.272474 0.443757 0.337757 0.729402 0.497932 0.657526 0.566843 0.427723 0.383068 0.643164 0.589803 0.5293 0.702637 0.587234 0.703832 0.661421 0.612701 0.575214 0.599794 0.763977 0.637008
0.256574 0.251393 0.211819 0.173926 0.145329 0.235725 0.194693 0.267846 0.122465 0.416736 0.283371 0.234658 0.127368 0.185092 0.124167 0.141324 0.117094 0.133918 0.141908 0.139756 0.107451 0.124435 0.15263 0.158468 0.364426 0.242226 0.10328 0.204782 0.264893 0.280035 0.367874 0.361394 0.437961 0.388132 0.66848 0.676556 0.325674 0.418999 0.393377 0.235304 0.227508 0.242196 0.290294 0.333125 0.191114 0.258931 0.243858 0.201355 0.152375 0.235601 0.295842 0.248978 0.354448 0.217621 0.420051 0.676595 0.673906 0.256761 0.752949 0.75341 0.63663 0.416738 0.453569 0.594129 0.563785 0.479315 0.706552 0.718642 0.816198 0.660614 0.526918
0.185221 0.0998475 0.254496 0.192101 0.318715 0.252727 0.23241 0.0236605 0.279554 0.395441 0.393204 0.142151 0.105095 0.11916 0.170935 0.18024 0.103399 0.135519 0.258654 0.137798 0.115597 0.123333 0.215653 0.174244 0.157836 0.11233 0.157829 0.16561 0.488896 0.233619 0.200114 0.393686 0.313878 -9999 0.660984 0.540205 0.457575 0.350877 0.698782 0.350691 0.367019 0.356468 0.461243 0.27084 0.0686252 0.284007 0.202322 0.228372 0.146072 0.16835 0.162135 0.140874 0.177755 0.223193 0.751003 0.52764 0.404702 0.452938 0.413096 0.429419 0.616901 0.165581 0.737004 0.394521 0.47883 0.827833 0.521414 0.629118 0.120654 0.641495 0.695309
0.18847 0.2176 0.216792 0.206016 0.117054 0.151289 0.192067 0.184491 0.37259 0.253574 0.185271 0.204466 0.130882 0.217865 0.21681 0.171009 0.0928689 0.140022 0.117206 0.0906248 0.156035 0.0803768 0.195289 0.264574 0.160611 0.0905373 0.333839 0.135134 0.237383 0.174701 0.333984 0.326045 0.529868 0.45536 0.446487 0.418095 0.38565 0.601827 0.381259 0.338389 0.332025 0.147844 0.249958 0.217579 0.314644 0.386057 0.245325 0.406125 0.17919 0.341384 0.141697 0.233439 0.228029 0.143153 0.635532 0.387858 0.440578 0.397185 0.492922 0.238656 0.527362 0.493821 0.773433 0.697008 0.652581 0.394784 0.412873 0.741206 0.464799 0.81793 0.769971
0.135743 0.29065 0.283043 0.22761 0.212192 0.183333 0.262396 0.304467 0.333742 0.176741 0.224053 0.3635 0.241388 0.319216 0.210813 0.16177 0.154903 0.151211 0.188132 0.118205 0.114871 0.0942678 0.185225 0.241625 0.141891 0.119752 0.155681 0.184758 0.159356 0.289018 0.47432 0.523149 0.391663 0.395293 0.4578 0.161137 0.135836 0.160586 0.236401 0.34969 0.121279 0.161664 0.365587 0.385854 0.289359 0.271076 0.246117 0.2855 0.158869 0.227839 0.161378 0.162591 0.275259 0.451912 0.281224 0.476279 0.374879 0.239279 0.452583 0.483261 0.484954 0.650478 0.525885 0.660386 0.794899 0.781234 0.61234 0.488431 0.784967 0.828641 0.726936
0.199001 0.0987714 0.235289 0.212075 0.164235 0.133172 0.286125 0.0601648 0.257749 0.324233 0.326106 0.238534 0.246971 0.200747 0.290074 0.210556 0.172646 0.115075 0.184809 0.229815 0.290473 0.116235 0.229452 0.23914 0.222511 0.175192 0.210485 0.292154 0.414649 0.514779 0.468973 0.58742 0.761139 0.508605 0.22544 0.176796 0.195133 0.134093 0.180592 0.339829 0.299643 0.284777 0.540014 0.561525 0.505356 0.250979 0.239596 0.183138 0.169881 0.277741 0.190694 0.152907 0.344428 0.188818 0.373619 0.359186 0.242554 0.257486 0.282859 0.210716 0.324325 0.391026 0.361116 0.402898 0.521697 0.609185 0.600381 0.645565 0.859757 0.729704 0.841024
0.240723 0.247253 0.207168 0.180388 0.229142 0.301387 0.195066 0.102684 0.00423014 0.165166 0.241957 0.305566 0.329297 0.275109 0.25086 0.193724 0.152335 0.114443 0.203819 0.258087 0.222982 0.27688 0.237959 0.221568 0.241732 0.16029 0.458792 0.239075 0.365978 0.501517 0.591103 0.55055 0.679349 0.431534 0.276939 0.21706 0.270102 0.369154 0.215653 0.100978 0.23537 0.224623 0.196687 0.352984 0.312458 0.428672 0.385508 0.236845 0.226032 0.269628 0.199141 0.21106 0.200401 0.0690982 0.457391 0.408422 0.17237 0.301115 0.214976 0.444239 0.472933 0.503213 0.638971 0.474364 0.544758 0.47578 0.581926 0.734488 0.870998 0.75563 0.704701
0.194221 0.258412 0.0439538 0.108995 0.0600656 0.0284048 0.127143 0.102514 0.150181 0.171744 0.149789 0.123694 0.200492 0.261401 0.388166 0.310218 0.149422 0.164814 0.231487 0.302485 0.302824 0.315348 0.325915 0.197642 0.162196 0.12628 0.215203 0.0975336 0.345313 0.331012 0.422451 0.565506 0.603555 0.347977 0.180389 0.120225 0.244158 0.557429 0.211281 0.147804 0.356204 0.211769 0.224395 0.436378 0.500106 0.611535 0.477881 0.435191 0.524554 0.193097 0.192687 0.178359 0.241116 0.332832 0.4614 0.226253 0.325555 0.303114 0.318225 0.174172 0.127829 0.382554 0.435182 0.730522 0.684648 0.463098 0.503438 0.529927 0.63544 0.534417 0.717116
0.0525144 0.165467 0.179872 0.0794708 0.0182633 0.125471 0.020577 0.107055 0.108483 0.277598 0.0550189 0.104912 0.241552 0.256155 0.271405 0.210104 0.211367 0.322057 0.412729 0.376817 0.253598 0.325915 0.434682 0.230078 0.295811 0.129153 0.148852 0.195538 0.596284 0.456106 0.558772 0.21469 0.311654 0.276197 0.235855 0.144843 0.0667981 0.583304 0.473348 0.245244 0.167889 0.1436 0.212273 0.237591 0.3132 0.482283 0.444897 0.1746 0.268414 0.264878 0.142284 0.198917 0.234426 0.303445 0.16717 0.396329 0.376282 0.361316 0.488635 0.262979 0.51781 0.405819 0.706748 0.679785 0.527965 0.580351 0.424303 0.356575 0.48666 0.477457 0.496253
0.3277 0.252635 0.09956 0.246638 0.120304 0.0869056 0.0823839 0.104591 0.166353 0.184175 0.227481 0.108601 0.336612 0.203713 0.300446 0.309313 0.35867 0.420708 0.501228 0.23376 0.417783 0.306858 0.287494 0.357618 0.326826 0.291334 0.351931 0.369435 0.408801 0.333689 0.348816 0.114947 0.164263 0.220543 0.322232 0.224481 0.364047 0.460716 0.577805 0.274599 0.196669 0.176145 0.19183 0.121118 0.43736 0.285074 0.307571 0.300639 0.241449 0.189124 0.165168 0.17057 0.180116 0.270566 0.464022 0.420106 0.345928 0.259754 0.270754 0.156639 0.233474 0.393377 0.345863 0.226032 0.179554 0.732989 0.663967 0.44741 0.588887 0.720992 0.686089
0.10939 0.113835 0.217973 0.0890948 0.24609 0.232102 0.123934 0.141823 0.0937219 0.0699551 0.245363 0.0757969 0.267509 0.234561 0.221491 0.187415 0.204695 0.156254 0.3832 0.231975 0.422321 0.53142 0.413543 0.29684 0.376375 0.372971 0.551532 0.483037 0.508241 0.356259 0.255402 0.125283 0.0834353 0.232685 0.436345 0.277644 0.372937 0.371273 0.270355 0.184242 0.202642 0.166311 0.14746 0.166201 0.198066 0.155239 0.365295 0.181123 0.372177 0.16424 0.172897 0.17607 0.198491 0.289592 0.254946 0.335812 0.30153 0.334169 0.31366 0.110956 0.219209 0.218047 0.277116 0.255216 0.479691 0.344262 0.522649 0.763653 0.433087 0.44879 0.568345
0.119407 0.101578 0.100174 0.184172 0.248579 0.0956376 0.154233 0.105337 0.0913989 0.0814835 0.190729 0.0762521 0.248947 0.237335 0.323552 0.0446567 0.24377 0.174229 0.283849 0.355384 0.420596 0.26463 0.465445 0.336805 0.307039 0.234583 0.389234 0.49723 0.601681 0.276939 0.139744 0.150062 0.277303 0.159469 0.330462 0.263635 0.334743 0.261093 0.279999 0.233068 0.331426 0.282979 0.188347 0.124131 0.156957 0.134592 0.162476 0.161929 0.143298 0.319641 0.373452 0.338019 0.275958 0.203188 0.374191 0.199197 0.342058 0.260553 0.245815 0.112182 0.162286 0.143871 0.290098 0.213621 0.29359 0.197483 0.446046 0.504094 0.645363 0.579546 0.446566
0.121391 0.136983 0.112028 0.203056 0.24829 0.246563 0.245907 0.279552 0.286562 0.119881 0.123622 0.24829 0.210549 0.230416 0.131713 0.1763 0.160825 0.134224 0.173043 0.239197 0.476954 0.442753 0.527834 0.406517 0.348927 0.234529 0.268527 0.245358 0.420966 0.253871 0.228517 0.239285 0.257697 0.163987 0.273485 0.170714 0.220091 0.246599 0.342667 0.162931 0.13966 0.20403 0.165765 0.10822 0.298031 0.142138 0.147249 0.103678 0.252421 0.145533 0.279151 0.308371 0.210786 0.323856 0.201814 0.140363 0.172567 0.159323 0.113252 0.104476 0.0915231 0.11736 0.181571 0.28931 0.241807 0.297188 0.743323 0.667123 0.565985 0.448523 0.620724
0.10209 0.0982719 0.102972 0.112667 0.0876842 0.0973491 0.224993 0.0606795 0.16783 0.214863 0.0780096 0.107482 0.109202 0.146198 0.452267 0.2055 0.355993 0.233401 0.195425 0.0270984 0.235162 0.366348 0.342924 0.613527 0.429227 0.155995 0.174883 0.281657 0.361198 0.317942 0.325219 0.322412 0.262237 0.0654833 0.205018 0.132965 0.206797 0.308706 0.266251 0.199699 0.236072 0.244839 0.180899 0.0468155 0.163938 0.202985 0.324156 0.0867346 0.248868 0.26821 0.173466 0.164782 0.213735 0.241339 0.204365 0.233151 0.132043 0.0751568 0.241757 0.167593 0.168702 0.163728 0.144432 0.262521 0.34796 0.32867 0.432354 0.488232 0.569167 0.475144 0.456854
0.127681 0.178391 0.0866887 0.164552 0.11654 0.0810659 0.213303 0.189213 0.190366 0.24021 0.196517 0.270782 0.180655 0.162071 0.214205 0.122672 0.168081 0.260156 0.258515 0.330077 0.186053 0.268998 0.323317 0.31238 0.460111 0.14712 0.192613 0.209324 0.354924 0.199483 0.34042 0.198972 0.336935 0.226389 0.224422 0.209466 0.290753 0.261771 0.204895 0.111913 0.186457 0.170167 0.144135 0.138482 0.139116 0.152636 0.125132 0.0651428 0.0911352 0.248868 0.267661 0.275958 0.224677 0.249691 0.144749 0.203073 0.141367 0.0841863 0.121288 0.161302 0.187285 0.170523 0.188681 0.18328 0.305205 0.291185 0.34825 0.323365 0.581766 0.541471 0.52334
0.0633038 0.06675 0.167293 0.175757 0.0977293 0.113221 0.236613 0.123877 0.195044 0.0795693 0.234502 0.211061 0.112932 0.100982 0.120767 0.189601 0.201487 0.215196 0.086526 0.161152 0.124613 0.26034 0.299714 0.0862675 0.0694421 0.225982 0.318837 0.285735 0.233463 0.344297 0.291959 0.229194 0.245749 0.240187 0.119881 0.232314 0.30468 0.260524 0.208696 0.236215 0.200768 0.122501 0.144567 0.0999235 0.102753 0.130607 0.0783126 0.05162 0.107799 0.0915361 0.161838 0.221532 0.115768 0.16143 0.15708 0.179212 0.102093 0.140774 0.0163617 0.150319 0.169857 0.144393 0.169267 0.11261 0.341596 0.268025 0.401539 0.288823 0.54472 0.528631 0.0322017
0.194155 0.0626804 0.106133 0.130639 0.127064 0.104038 0.216242 0.146969 0.04234 0.0704593 0.247425 0.227606 0.203302 0.0918383 0.00710322 0.133021 0.274149 0.124999 0.0488271 0.196874 0.297768 0.257913 0.380095 0.320016 0.334994 0.321679 0.0616905 0.334593 0.314712 0.180443 0.269737 0.203136 0.143205 0.149727 0.0914997 0.173045 0.415932 0.273972 0.120061 0.0555358 0.107599 0.134274 0.144975 0.116369 0.0893438 0.0895863 0.100083 0.0808049 0.169919 0.162793 0.115456 0.0662185 0.116464 0.115012 0.181091 0.19768 0.210452 0.196935 0.0201573 0.26249 0.142628 0.157488 0.3361 0.170047 0.227129 0.237591 0.318154 0.222766 0.388536 0.500593 0.410487
0.114781 0.0181074 0.106561 0.180067 0.223507 0.147257 0.15583 0.137321 0.146828 0.0848566 0.0901823 0.131131 0.157358 0.110706 0.152673 0.266568 0.256084 0.0976701 0.17511 0.30802 0.20294 0.251152 0.160302 0.288389 0.0949387 0.300159 0.266706 0.161731 0.142351 0.208945 0.23034 0.185072 0.13168 0.189708 0.187749 0.140888 0.310599 0.283084 0.169313 0.143243 0.113407 0.175985 0.137203 0.202995 0.176244 0.113082 0.053055 0.107398 0.0448601 0.0742215 0.0625348 0.218246 0.150294 0.120881 0.0692865 0.176843 0.128189 0.237922 0.125771 0.229723 0.352371 0.299912 0.219446 0.231564 0.251042 0.253375 0.106571 0.234561 0.339446 0.261747 0.485379
0.220073 0.0482569 0.0938811 0.243962 0.168938 0.109394 0.0964491 0.0923568 0.0819101 0.165465 0.198131 0.0323378 0.0878746 0.168352 0.168235 0.190561 0.120398 0.10262 0.125428 0.282324 0.262228 0.248868 0.20093 0.169153 0.0862472 0.259652 0.151914 0.193731 0.0534999 0.0879766 0.0790293 0.189915 0.108179 0.0116266 0.193588 0.111019 0.108402 0.158744 0.226313 0.133802 0.244686 0.158337 0.161125 0.168014 0.109343 0.245907 0.134865 0.112941 0.106853 0.0954361 0.0664421 0.0742879 0.170333 0.0825939 0.095344 0.26839 0.308837 0.329074 0.258202 0.220618 0.307444 0.223447 0.161809 0.249637 0.32554 0.246876 0.237943 0.306775 0.310533 0.341855 0.325306
0.116823 0.190008 0.197114 0.210104 0.198523 0.179701 0.186974 0.0972723 0.104897 0.151022 0.114398 0.0972081 0.124717 0.1413 0.199994 0.210784 0.117453 0.135224 0.131467 0.091346 0.177436 0.216526 0.175728 0.17612 0.186482 0.188206 0.194769 0.190052 0.17969 0.164755 0.102646 0.107307 0.110952 0.184006 0.17103 0.161511 0.192539 0.118545 0.174037 0.176623 0.223509 0.234178 0.187859 0.140271 0.121138 0.0842927 0.10067 0.146164 0.100879 0.161542 0.0897217 0.157098 0.172247 0.137473 0.245368 0.216281 0.211293 0.274308 0.149079 0.134609 0.165761 0.122026 0.212617 0.348181 0.167583 0.294635 0.455806 0.465918 0.456106 0.513925 0.348045
0.105853 0.155697 0.062582 0.124102 0.102486 0.0413574 0.173454 0.118162 0.103982 0.086323 0.144037 0.132496 0.246882 0.226477 0.0589172 0.112883 0.0832812 0.157816 0.012506 0.168643 0.184913 0.170064 0.10005 0.0948485 0.111613 0.127135 0.173107 0.087648 0.0749377 0.164331 0.0653753 0.164345 0.146482 0.104296 0.181458 0.15918 0.209567 0.197797 0.181112 0.135628 0.175887 0.130432 0.179825 0.109881 0.167535 0.120527 0.132097 0.10308 0.0985617 0.143894 0.0971754 0.16676 0.179902 0.249737 0.131874 0.10071 0.199995 0.201776 0.228056 0.229815 0.2573 0.17964 0.210022 0.271821 0.460073 0.347438 0.436697 0.341873 0.364699 0.679067 0.582039
0.191959 0.185666 0.104291 0.139523 0.0686919 0.173163 0.119522 0.219745 0.166285 0.135148 0.132402 0.209661 0.17939 0.168849 0.172108 0.174312 0.167097 0.122884 0.117681 0.178702 0.139512 0.170496 0.128472 0.14539 0.196817 0.0466716 0.0521292 0.118458 0.0976263 0.110742 0.172355 0.100131 0.0980692 0.0207357 0.0616093 0.141 0.123434 0.163965 0.158544 0.190175 0.185863 0.00883075 0.107874 0.136505 0.101418 0.0942267 0.0488056 0.131741 0.0715596 0.0641231 0.0536569 0.115409 0.169212 0.092249 0.145723 0.155857 0.158877 0.181357 0.235165 0.262405 0.245019 0.426832 0.241148 0.303092 0.361313 0.366877 0.488831 0.417452 0.462 0.530577 0.427565
0.230413 0.240751 0.0688806 0.0707953 0.204545 0.0638877 0.053924 0.146142 0.197331 0.184252 0.166299 0.0859251 0.151157 0.0212177 0.126059 0.143746 0.0556559 0.0595871 0.129329 0.184715 0.161815 0.121295 0.187228 0.21466 0.214733 0.0280322 0.0125358 0.163786 0.126501 0.138814 0.153575 0.17427 0.075672 0.0591175 0.0181408 0.160007 0.129221 0.0966126 0.140214 0.186963 0.0973053 0.099756 -9999 0.167593 0.0875048 0.20368 0.088112 0.110708 0.111506 0.209859 0.113281 0.252635 0.123445 0.101168 0.121565 0.247289 0.136247 0.188495 0.451666 0.448487 0.54472 0.494585 0.559277 0.483597 0.311845 0.343264 0.305749 0.44611 0.416111 0.548714 0.678345
0.284394 0.259894 0.27451 0.337313 0.39775 0.0758876 0.170644 0.136173 0.139094 0.159448 0.163633 0.16301 0.120746 0.159597 0.123606 0.145644 0.0645403 0.0215953 0.128008 0.181914 0.146498 0.182586 0.140737 0.432977 0.114054 0.17262 0.303368 0.635316 0.196112 0.184478 0.205963 0.233882 0.163889 0.082515 0.111697 0.155713 0.123045 0.0792321 0.144876 0.105724 0.129287 0.120786 0.109678 -9999 -9999 0.245086 0.167474 0.0790669 0.118485 0.131746 0.203059 0.0866803 0.256356 0.105209 0.101245 0.136281 0.129074 0.196146 0.354544 0.423042 0.417689 0.472288 0.474364 0.252748 0.219467 0.230541 0.14423 0.251418 0.221613 0.310191 0.468388
0.245504 0.503138 0.358924 0.388071 0.388796 0.193139 0.118568 0.0391466 0.0306449 0.0984599 0.16694 0.121791 0.171412 0.168699 0.122646 0.0708833 0.146099 0.0878249 0.0369013 0.169606 0.183829 0.163948 0.251558 0.240423 0.123184 0.221651 0.515947 0.426273 0.779998 0.252635 0.251494 0.263518 0.131201 0.124624 0.124687 0.101116 0.176235 0.117514 0.157619 0.221752 0.110113 0.122261 0.110311 0.132026 0.132443 0.203682 0.146726 0.15263 0.252836 0.251483 0.149659 0.0926569 0.164655 0.151462 0.111807 0.106069 0.162422 0.289841 0.404075 0.0990897 0.633686 0.38861 0.452574 0.680524 0.342723 0.337203 0.352101 0.282658 0.390755 0.3132 0.456538
0.349803 0.267257 0.359887 0.370292 0.521926 0.116392 0.132506 0.0750403 0.0926114 0.128651 0.117778 0.0783685 0.177592 0.168801 0.131003 0.151821 0.0187484 0.118564 0.0127508 0.118354 0.113807 0.418717 0.250815 0.161687 0.258102 0.11585 0.502253 0.324082 0.79717 0.642583 0.246057 0.203895 0.184511 0.150077 0.183804 0.174031 0.201693 0.129374 0.106656 0.151529 0.147289 0.13477 0.251228 0.137996 0.111707 0.0846148 0.267661 0.301386 0.187961 0.206243 0.275739 0.0614713 0.317184 0.280186 0.123567 0.333483 0.388757 0.488199 0.486053 0.256867 0.368286 0.375469 0.476857 0.331918 0.533954 0.501054 0.694688 0.595684 0.493445 0.598781 0.687885
0.405752 0.524236 0.599582 0.633739 0.629445 0.226483 0.170638 0.0206593 0.0919898 0.0914976 0.110625 0.129761 0.133051 0.114569 0.084394 0.140795 0.161292 0.138127 0.492041 0.587738 0.454432 0.658735 0.583441 0.608792 0.244971 0.38971 0.278243 0.319438 0.793457 0.704285 0.662448 0.280619 0.0979146 0.183178 0.0891375 0.0448163 0.165564 0.0731116 0.123686 0.150986 0.12455 0.24933 0.205813 0.207722 0.0325424 0.196957 0.213842 0.295406 0.288287 0.219897 0.310218 0.23491 0.260039 0.299363 0.24485 0.253841 0.405091 0.471296 0.401039 0.27602 0.332638 0.223466 0.316575 0.307106 0.435416 0.374051 0.574045 0.729789 0.578798 0.585337 0.757843
0.306455 0.452468 0.596282 0.516036 0.320058 0.567729 0.389748 0.157888 0.0784233 0.129899 0.135475 0.116688 0.219371 0.161004 0.0193603 0.116015 0.624386 0.176721 0.435044 0.183543 0.616909 0.79585 0.163353 0.410925 0.626118 0.38865 0.313548 0.744405 0.543752 0.153087 0.261269 0.251989 0.203425 0.0178258 0.175441 0.121218 0.174236 0.207543 0.249334 0.147393 0.137503 0.18002 0.292471 0.0937251 0.126828 0.21456 0.286988 0.279571 0.230078 0.299057 0.188164 0.170598 0.228871 0.299137 0.345676 0.323722 0.333815 0.550357 0.393057 0.423628 0.696118 0.380129 0.18006 0.213581 0.228895 0.437245 0.511802 0.575609 0.485548 0.911781 0.789517
0.635163 0.503987 0.422276 0.66402 0.438617 0.506325 0.414975 0.241426 0.433282 0.696595 0.602056 0.587728 0.542338 0.462128 0.413933 0.617527 0.622614 0.644778 0.395503 0.443539 0.558698 0.761205 0.785076 0.533179 0.447509 0.49125 0.729484 0.67455 0.377655 0.0670699 0.206837 0.15092 0.237841 0.19509 0.173534 0.087001 0.080293 0.227735 0.147224 0.135344 0.126793 0.196343 0.163246 0.175494 0.137137 0.238448 0.17608 0.178359 0.144432 0.16112 0.185241 0.145007 0.0742837 0.179169 0.411926 0.182781 0.204129 0.350034 0.54289 0.29467 0.446487 0.69274 0.690781 0.448485 0.293354 0.317362 0.423086 0.535208 0.580972 0.567587 0.619815
