disasters/re_flood.asc
ncols         768
nrows         589
xllcorner     124.299398925
yllcorner     32.893460211367
cellsize      0.010567299164062
NODATA_value  -9999
[rows 384 to 415 of 589, columns 216 to 287 of 768]
0.793184 0.791197 0.73784 0.426544 0.397167 0.639386 0.571379 0.401446 0.312097 0.24288 0.362293 0.576238 0.576238 0.768028 0.803097 0.808841 0.791951 0.819743 0.781009 0.806704 0.819759 0.793065 0.793065 0.764542 0.514123 0.611067 0.530223 0.403831 0.306434 0.386507 0.361108 0.145046 0.208984 0.184727 0.241378 0.317691 0.575885 0.575885 0.807738 0.58556 0.191175 0.230031 0.154283 0.241298 0.301525 0.311799 0.348277 0.307779 0.247032 0.337793 0.337793 0.45738 0.268903 0.268903 0.19277 0.265502 0.291365 0.213926 0.234588 0.262272 0.261104 0.58715 0.41685 0.478512 0.625999 0.615764 0.460215 0.341526 0.341526 0.262934 0.221417 0.174872
0.827147 0.773656 0.727607 0.666478 0.198548 0.552828 0.245945 0.294514 0.360737 0.226048 0.413486 0.666288 0.666288 0.778072 0.813676 0.792859 0.774705 0.780494 0.803088 0.864839 0.77185 0.731611 0.731611 0.752105 0.802314 0.810076 0.606365 0.273106 0.304691 0.438772 0.24323 0.18304 0.506859 0.48637 0.776751 0.548257 0.723948 0.723948 0.587103 0.731003 0.536771 0.50139 0.332258 0.406266 0.311388 0.378554 0.304696 0.183966 0.312063 0.384044 0.384044 0.493269 0.271355 0.271355 0.18998 0.125404 0.0586712 0.0586547 0.185855 0.159947 0.216865 0.458926 0.332023 0.395303 0.433713 0.381377 0.417324 0.245149 0.245149 0.176666 0.265549 0.237219
0.53736 0.674163 0.719497 0.607272 0.638408 0.647936 0.297559 0.422785 0.233913 0.343442 0.517422 0.875328 0.875328 0.791618 0.801282 0.914256 0.90407 0.872305 0.877601 0.769218 0.805753 0.779223 0.779223 0.67852 0.49517 0.693217 0.381206 0.364198 0.162242 0.362974 0.371886 0.197994 0.451094 0.420545 0.727234 0.638922 0.596957 0.596957 0.379454 0.459893 0.544199 0.291543 0.403834 0.360234 0.300122 0.295436 0.384427 0.263093 0.315096 0.486883 0.486883 0.643395 0.299348 0.299348 0.129264 0.108732 0.0431321 0.0432666 0.305967 0.242503 0.19637 0.558641 0.431383 0.436804 0.275763 0.169529 0.161389 0.346733 0.346733 0.32074 0.310975 0.298312
0.61609 0.657534 0.72483 0.758272 0.759641 0.663616 0.289038 0.30327 0.41293 0.498199 0.455009 0.703212 0.703212 0.798686 0.794932 0.8169 0.779335 0.73173 0.746774 0.729684 0.734269 0.726336 0.726336 0.729058 0.471716 0.664335 0.483504 0.394509 0.476247 0.50097 0.4043 0.322246 0.42792 0.534158 0.673122 0.502074 0.506645 0.506645 0.361056 0.250165 0.272672 0.699046 0.419183 0.414104 0.296674 0.332548 0.323547 0.307793 0.414639 0.473341 0.473341 0.441381 0.276107 0.276107 0.240668 0.130725 0.079426 0.0367361 0.0936608 0.257275 0.178457 0.358566 0.691524 0.318591 0.239376 0.243024 0.183412 0.288761 0.288761 0.199783 0.253848 0.557059
0.445026 0.572776 0.715932 0.761853 0.913216 0.696664 0.576626 0.472087 0.521313 0.716641 0.596718 0.866103 0.866103 0.801635 0.810473 0.82163 0.806263 0.877704 0.768725 0.681131 0.703086 0.692715 0.692715 0.359823 0.537418 0.806722 0.537026 0.333046 0.320356 0.381414 0.815116 0.725684 0.423416 0.629615 0.667436 0.490901 0.174319 0.174319 0.289655 0.203806 0.281628 0.485394 0.25139 0.146086 0.142128 0.335844 0.23927 0.411958 0.613087 0.408421 0.408421 0.403943 0.311792 0.311792 0.268423 0.196336 0.153706 0.0546553 0.211851 0.203565 0.561518 0.634885 0.642287 0.458621 0.288502 0.165508 0.0855725 0.0710132 0.0710132 0.0513282 0.112608 0.247645
0.825928 0.560537 0.680549 0.761523 0.842236 0.790873 0.610219 0.79481 0.783328 0.486325 0.790213 0.886269 0.886269 0.771233 0.843716 0.771575 0.793816 0.709097 0.698128 0.71365 0.704447 0.691644 0.691644 0.27 0.237158 0.532673 0.702272 0.690136 0.645359 0.661739 0.751533 0.723868 0.711562 0.693538 0.707977 0.505756 0.247284 0.247284 0.360824 0.317609 0.362567 0.291028 0.133137 0.0993124 0.130407 0.372707 0.478452 0.749004 0.436151 0.738052 0.738052 0.358457 0.206889 0.206889 0.165851 0.172077 0.179199 0.156451 0.28012 0.354864 0.574113 0.575015 0.482197 0.330078 0.157507 0.0713838 0.0338067 0.0372503 0.0372503 0.0298582 0.0507832 0.150533
0.735355 0.665696 0.676032 0.755447 0.741843 0.732447 0.891351 0.787115 0.800653 0.708731 0.552159 0.910471 0.910471 0.716705 0.802874 0.781472 0.772957 0.836872 0.688196 0.705957 0.680651 0.643809 0.643809 0.396941 0.394627 0.576858 0.734562 0.620315 0.699649 0.647482 0.717287 0.598171 0.525227 0.599409 0.735843 0.46298 0.17763 0.17763 0.319457 0.401303 0.299288 0.202466 0.101413 0.127877 0.174134 0.316731 0.438844 0.412821 0.243436 0.418534 0.418534 0.292745 0.245765 0.245765 0.218103 0.282031 0.291748 0.298821 0.276482 0.324707 0.678472 0.389952 0.291403 0.225159 0.150012 0.113339 0.0615331 0.0550075 0.0550075 0.0246568 0.0659331 0.165445
0.738951 0.828824 0.689374 0.753634 0.720485 0.738656 0.81175 0.784138 0.744309 0.533271 0.650694 0.80131 0.80131 0.739493 0.735804 0.792291 0.732156 0.688558 0.695151 0.699468 0.682933 0.619424 0.619424 0.498708 0.532046 0.523062 0.402361 0.573249 0.751771 0.642483 0.585151 0.293145 0.200245 0.194106 0.591685 0.691929 0.165193 0.165193 0.266216 0.475935 0.310099 0.162666 0.131769 0.0955592 0.173581 0.361471 0.523549 0.493528 0.322125 0.162969 0.162969 0.283074 0.539009 0.539009 0.287005 0.472571 0.356281 0.260008 0.281655 0.3611 0.633597 0.571132 0.295207 0.177541 0.230571 0.0839829 0.0764715 0.108607 0.108607 0.0607756 0.0829542 0.168681
0.777485 0.751201 0.754572 0.773048 0.786631 0.712698 0.732618 0.670177 0.692924 0.733987 0.718262 0.741674 0.741674 0.732406 0.691008 0.698443 0.822061 0.627385 0.818822 0.65813 0.841934 0.603093 0.603093 0.591566 0.677574 0.751641 0.752472 0.418613 0.562708 0.345114 0.234592 0.3602 0.527507 0.559537 0.515315 0.72261 0.311982 0.311982 0.304927 0.1902 0.148811 0.137894 0.14648 0.304367 0.351465 0.220091 0.325974 0.260917 0.150095 0.162888 0.162888 0.212632 0.231442 0.231442 0.198163 0.277062 0.542823 0.317386 0.295144 0.287219 0.453623 0.17075 0.238392 0.35162 0.345594 0.38366 0.193347 0.113688 0.113688 0.122807 0.0837314 0.177509
0.777181 0.798272 0.787866 0.686142 0.686973 0.752408 0.677506 0.717663 0.704561 0.641986 0.706611 0.805411 0.805411 0.716749 0.732891 0.70549 0.675811 0.636086 0.7327 0.680266 0.720895 0.63993 0.63993 0.636213 0.652 0.678479 0.761023 0.482849 0.523915 0.439089 0.527139 0.462093 0.608266 0.540576 0.605595 0.66786 0.757399 0.757399 0.458229 0.26585 0.256658 0.331001 0.132884 0.126502 0.247756 0.279745 0.167624 0.186833 0.129077 0.127076 0.127076 0.137305 0.250915 0.250915 0.186351 0.317563 0.433766 0.499595 0.30818 0.200737 0.132148 0.265946 0.214911 0.390454 0.359698 0.166248 0.185854 0.179868 0.179868 0.15711 0.118248 0.185537
0.738265 0.775584 0.722338 0.683703 0.696468 0.799541 0.74092 0.666053 0.651244 0.713608 0.616288 0.701421 0.701421 0.720799 0.83708 0.702507 0.687573 0.702512 0.602008 0.406911 0.593463 0.442102 0.442102 0.474314 0.317233 0.715033 0.440515 0.493301 0.568366 0.672719 0.327413 0.462601 0.705603 0.657592 0.501625 0.699913 0.583578 0.583578 0.558845 0.26992 0.191051 0.121536 0.354629 0.343263 0.141171 0.211841 0.134918 0.125504 0.14027 0.16173 0.16173 0.134074 0.178565 0.178565 0.277716 0.476439 0.313504 0.466115 0.372259 0.170961 0.105433 0.124861 0.253062 0.369914 0.404596 0.148245 0.245163 0.167205 0.167205 0.129798 0.120401 0.242344
0.830689 0.739464 0.747729 0.81208 0.737462 0.701079 0.794378 0.705771 0.699738 0.682471 0.678937 0.694098 0.694098 0.74185 0.749941 0.710059 0.712109 0.676275 0.466324 0.403962 0.351091 0.302126 0.302126 0.257397 0.429927 0.599619 0.463015 0.645636 0.616531 0.83167 0.25392 0.354263 0.613616 0.331258 0.610905 0.479599 0.210163 0.210163 0.684822 0.434969 0.383965 0.288366 0.138611 0.136243 0.156897 0.114282 0.133843 0.156139 0.176742 0.183221 0.183221 0.263521 0.207628 0.207628 0.114266 0.480294 0.465916 0.296862 0.193288 0.0873122 0.139366 0.0985086 0.231181 0.22475 0.338948 0.350462 0.244275 0.246471 0.246471 0.172329 0.252499 0.218757
0.746046 0.635765 0.707211 0.827552 0.782727 0.634967 0.663161 0.698813 0.699823 0.722637 0.715579 0.732158 0.732158 0.722539 0.878209 0.747389 0.725361 0.598681 0.311035 0.399276 0.224521 0.320071 0.320071 0.31007 0.649018 0.472575 0.465567 0.504009 0.595744 0.683654 0.613775 0.430267 0.630572 0.573468 0.417623 0.441877 0.236883 0.236883 0.712158 0.451736 0.51208 0.547231 0.190813 0.104725 0.122354 0.121642 0.102638 0.23055 0.14477 0.204504 0.204504 0.268132 0.199776 0.199776 0.232468 0.38981 0.327569 0.249453 0.154325 0.147868 0.109937 0.205583 0.204235 0.193393 0.326637 0.314094 0.178872 0.254154 0.169547 0.169547 0.219833 0.219536
0.690925 0.761079 0.714 0.610866 0.681569 0.748797 0.746735 0.681948 0.695083 0.700055 0.716851 0.678274 0.678274 0.718758 0.786669 0.783322 0.415052 0.601938 0.306196 0.291199 0.307852 0.199745 0.199745 0.429677 0.48347 0.715318 0.743582 0.652189 0.265195 0.492404 0.178548 0.172817 0.594665 0.359171 0.239511 0.365281 0.287171 0.287171 0.711705 0.420992 0.229156 0.18382 0.306684 0.269816 0.116373 0.128578 0.121932 0.256788 0.252185 0.285318 0.285318 0.302599 0.554739 0.554739 0.333004 0.680378 0.571308 0.306062 0.263098 0.22432 0.170057 0.251573 0.164807 0.262432 0.326385 0.302342 0.290493 0.250973 0.201217 0.201217 0.306428 0.229736
-9999 0.681532 0.770424 0.908311 0.76533 0.786342 0.7166 0.684367 0.752022 0.681584 0.634729 0.616441 0.616441 0.601671 0.680585 0.661147 0.449385 0.277964 0.498645 0.185175 0.224426 0.138335 0.138335 0.500291 0.370517 0.23139 0.189159 0.542416 0.41323 0.395968 0.335714 0.195012 0.213434 0.265377 0.278133 0.508009 0.707561 0.707561 0.814796 0.291251 0.275439 0.213801 0.353958 0.208951 0.292177 0.239142 0.258999 0.28982 0.460156 0.390902 0.390902 0.39446 0.540474 0.540474 0.62938 0.274112 0.217297 0.262287 0.248491 0.210535 0.210098 0.242469 0.298414 0.12434 0.167891 0.238702 0.230312 0.125583 0.153061 0.153061 0.568366 0.698346
-9999 0.779256 0.804054 0.777627 0.770278 0.783029 0.739481 0.755079 0.850068 0.729541 0.539978 0.486785 0.486785 0.634294 0.564983 0.682709 0.379442 0.362343 0.247941 0.385355 0.150304 0.238676 0.238676 0.349574 0.29475 0.291205 0.314342 0.169897 0.15323 0.338148 0.158411 0.196548 0.257397 0.239761 0.415789 0.402281 0.571033 0.571033 0.658463 0.238087 0.190107 0.175865 0.157744 0.176796 0.315774 0.118437 0.122488 0.100593 0.330652 0.265275 0.265275 0.427493 0.687426 0.687426 0.545767 0.493302 0.361076 0.267791 0.326116 0.217813 0.183713 0.226006 0.250778 0.236748 0.174031 0.142501 0.184672 0.118496 0.241658 0.241658 0.730273 0.763483
-9999 0.702616 0.823505 0.802335 0.793554 0.719303 0.791344 0.779074 0.778673 0.74516 0.838916 0.613811 0.613811 0.559494 0.388759 0.678979 0.46216 0.484535 0.137163 0.148887 0.210441 0.137596 0.137596 0.250077 0.483535 0.216618 0.185212 0.136392 0.152848 0.296061 0.121914 0.227515 0.253398 0.388211 0.46325 0.645613 0.533899 0.533899 0.62612 0.443443 0.166533 0.149171 0.218099 0.350458 0.179022 0.161232 0.132297 0.136046 0.252967 0.308948 0.308948 0.439609 0.331316 0.331316 0.457776 0.455686 0.367855 0.432341 0.428596 0.405748 0.42912 0.396861 0.294554 0.321967 0.238879 0.296183 0.51207 0.571019 0.69571 0.69571 0.760938 0.868865
-9999 0.771171 0.808162 0.784754 0.775996 0.797543 0.791834 0.75916 0.809736 0.794569 0.509389 0.340298 0.340298 0.350572 0.453022 0.752967 0.324918 0.236694 0.170427 0.129906 0.17069 0.190181 0.190181 0.176492 0.189259 0.13269 0.195696 0.137266 0.173208 0.197672 0.303461 0.164125 0.100536 0.377389 0.296866 0.609819 0.646704 0.646704 0.39125 0.511523 0.448326 0.281797 0.600341 0.305965 0.244093 0.196504 0.142936 0.0816012 0.26205 0.293245 0.293245 0.194891 0.351322 0.351322 0.533463 0.449061 0.276946 0.375892 0.322732 0.274867 0.298371 0.128144 0.0913951 0.143939 0.099971 0.188888 0.456501 0.60601 0.763638 0.763638 0.939166 0.831825
0.808381 0.782553 0.786932 0.785373 0.791807 0.814109 0.815092 0.81385 0.749547 0.85752 0.629884 0.481574 0.481574 0.249525 0.358953 0.72845 0.445002 0.287225 0.225182 0.257201 0.264184 0.310527 0.310527 0.196613 0.217246 0.138409 0.222838 0.247217 0.143219 0.337628 0.155414 0.143049 0.128502 0.433609 0.180765 0.229699 0.414558 0.414558 0.181853 0.324356 0.406979 0.462776 0.378382 0.350634 0.259411 0.128886 0.121453 0.219413 0.481614 0.331728 0.331728 0.271512 0.308044 0.308044 0.618722 0.534351 0.522873 0.349415 0.171468 0.181616 0.111032 0.0599207 0.063597 0.0788945 0.103518 0.254325 0.617612 0.238771 0.86207 0.86207 0.863391 0.711612
0.779889 0.779147 0.778479 0.770032 0.807424 0.945364 0.774829 0.76322 0.764993 0.720623 0.531335 0.260559 0.260559 0.30037 0.298227 0.578326 0.600065 0.794623 0.281071 0.137291 0.183206 0.326975 0.326975 0.339157 0.262554 0.19377 0.154564 0.149271 0.190616 0.135889 0.13648 0.153848 0.192575 0.254435 0.207237 0.189726 0.237503 0.237503 0.195265 0.302997 0.319482 0.24356 0.388333 0.317819 0.213889 0.148159 0.167454 0.221092 0.460119 0.336453 0.336453 0.414333 0.468461 0.468461 0.476815 0.596117 0.361405 0.347039 0.17135 0.130206 0.0946367 0.082988 0.0473774 0.0923255 0.132137 0.279172 0.18648 0.204405 0.766925 0.766925 0.639797 0.609294
-9999 0.769821 0.798879 0.765479 0.766957 0.6425 0.921901 0.772967 0.900619 0.735459 0.565426 0.24426 0.24426 0.239837 0.378028 0.461779 0.625066 0.566968 0.494768 0.177443 0.156157 0.228956 0.228956 0.115839 0.223702 0.254903 0.259684 0.249014 0.143448 0.153657 0.187116 0.15377 0.171711 0.182818 0.163775 0.157395 0.295982 0.295982 0.279944 0.299493 0.158962 0.203696 0.176166 0.193786 0.177384 0.31041 0.378376 0.238394 0.31534 0.25892 0.25892 0.37525 0.380534 0.380534 0.6093 0.244817 0.429454 0.242844 0.200772 0.150426 0.0912773 0.120455 0.145825 0.189115 0.35367 0.397989 0.371429 0.379354 0.333862 0.333862 0.352833 0.729899
0.664947 0.791425 0.667407 0.811284 -9999 0.744745 0.730172 0.833329 0.718423 0.760986 0.687478 0.703952 0.703952 0.817759 0.776634 0.445183 0.149143 0.312159 0.370296 0.268334 0.118208 0.118208 0.112912 0.295468 0.260087 0.165543 0.218318 0.356239 0.34317 0.137456 0.172453 0.26063 0.256698 0.160119 0.157303 0.28258 0.391915 0.391915 0.262307 0.330171 0.361236 0.259305 0.255573 0.308505 0.287765 0.280392 0.355385 0.354358 0.222463 0.462873 0.462873 0.39801 0.535465 0.494996 0.494996 0.164465 0.232786 0.129753 0.157893 0.101721 0.220949 0.311675 0.2582 0.33872 0.268012 0.524872 0.584918 0.60359 0.790323 0.790323 0.724004 0.640576
-9999 -9999 -9999 -9999 -9999 -9999 -9999 0.676598 -9999 0.719503 0.841491 0.776264 0.776264 0.774379 0.681834 0.204094 0.127668 0.255472 0.303007 0.330793 0.157139 0.157139 0.116714 0.150005 0.380912 0.149312 0.160007 0.170069 0.402491 0.158589 0.262047 0.36891 0.187811 0.23159 0.310553 0.310034 0.323126 0.323126 0.375786 0.403103 0.45792 0.241819 0.33189 0.229163 0.220878 0.278678 0.374889 0.559025 0.315192 0.487333 0.487333 0.33644 0.467066 0.478814 0.478814 0.329138 0.217161 0.141531 0.239247 0.21473 0.422395 0.61098 0.543867 0.583327 0.51349 0.264786 0.497203 0.327773 0.108996 0.108996 0.379194 0.351366
0.590089 -9999 -9999 -9999 -9999 0.76023 0.789025 0.775809 0.746233 0.772582 0.854346 0.776948 0.776948 0.884189 0.698404 0.135281 0.122261 0.424734 0.119117 0.21148 0.198281 0.198281 0.198285 0.197399 0.39865 0.177893 0.257873 0.165093 0.265737 0.119404 0.242686 0.372657 0.322634 0.364666 0.291909 0.39055 0.364985 0.364985 0.423083 0.471007 0.555569 0.33199 0.392009 0.375501 0.427728 0.518709 0.414975 0.517489 0.576534 0.518797 0.518797 0.484886 0.43379 0.521425 0.521425 0.428193 0.262259 0.345145 0.132982 0.0911685 0.218025 0.683134 0.747791 0.696196 0.571284 0.530039 0.158583 0.153934 0.131811 0.131811 0.22089 0.23307
0.590089 0.745976 -9999 -9999 -9999 -9999 0.789025 0.775809 0.746233 0.772582 0.854346 0.776948 0.776948 0.884189 0.698404 0.135281 0.122261 0.424734 0.119117 0.21148 0.198281 0.198281 0.198285 0.197399 0.39865 0.177893 0.257873 0.165093 0.265737 0.119404 0.242686 0.372657 0.322634 0.364666 0.291909 0.39055 0.364985 0.364985 0.423083 0.471007 0.555569 0.33199 0.392009 0.375501 0.427728 0.518709 0.414975 0.517489 0.576534 0.518797 0.518797 0.484886 0.43379 0.521425 0.521425 0.428193 0.262259 0.345145 0.132982 0.0911685 0.218025 0.683134 0.747791 0.696196 0.571284 0.530039 0.158583 0.153934 0.131811 0.131811 0.22089 0.23307
0.65037 0.632185 0.696578 0.685512 0.639369 0.746538 0.694607 0.78957 0.7936 0.74928 0.889342 0.753979 0.753979 0.718906 0.607236 0.29509 0.141957 0.39797 0.163806 0.281844 0.315137 0.315137 0.335444 0.445936 0.462634 0.156388 0.231439 0.31093 0.316863 0.380908 0.188873 0.355266 0.326405 0.522973 0.397827 0.360735 0.461439 0.461439 0.377362 0.473689 0.387086 0.544446 0.305497 0.52836 0.410427 0.359852 0.494457 0.504743 0.44178 0.291569 0.291569 0.366826 0.529603 0.221008 0.221008 0.487567 0.249303 0.201565 0.147432 0.127277 0.6621 0.790886 0.673527 0.518998 0.229637 0.190944 0.348371 0.236865 0.131831 0.131831 0.272356 0.707983
0.64378 0.75828 0.683428 0.744479 0.783619 0.694441 0.609465 0.326482 0.396512 0.12743 0.0877496 0.362385 0.362385 0.671405 0.236212 0.499333 0.202599 0.169083 0.182759 0.196268 0.138202 0.138202 0.214334 0.252797 0.304577 0.195188 0.391071 0.574873 0.599178 0.265951 0.238731 0.279497 0.313057 0.279253 0.374847 0.432564 0.552034 0.552034 0.484933 0.428027 0.317308 0.337849 0.36882 0.476 0.328961 0.458686 0.379092 0.391582 0.452013 0.236697 0.236697 0.377358 0.235662 0.493869 0.493869 0.213365 0.420895 0.414365 0.819433 0.720642 0.721256 0.662788 0.759482 0.581838 0.243788 0.25144 0.558384 0.632022 0.552147 0.552147 0.833666 0.807233
0.693008 0.645087 0.751248 0.769532 0.735331 0.793751 0.389529 0.13827 0.251424 0.101475 0.0519246 0.127681 0.127681 0.354462 0.170003 0.4468 0.186721 0.166073 0.213111 0.155758 0.219738 0.219738 0.213168 0.357041 0.284657 0.18054 0.387269 0.348427 0.451202 0.265488 0.144901 0.188281 0.14976 0.277716 0.276982 0.408526 0.553605 0.553605 0.43078 0.299384 0.338082 0.337908 0.397867 0.291924 0.398559 0.445018 0.489519 0.531596 0.407903 0.36635 0.36635 0.406841 0.456816 0.658357 0.658357 0.730141 0.717637 0.449865 0.717163 0.679963 0.62652 -9999 -9999 -9999 0.627173 0.698179 0.660494 0.54391 0.566407 0.566407 0.775437 0.727006
0.704611 0.714722 0.724969 0.767231 0.767231 0.461579 0.190891 0.179896 0.160241 0.0801518 0.139206 0.0892153 0.0892153 0.294177 0.282455 0.321749 0.296861 0.419424 0.172691 0.338334 0.325686 0.325686 0.272334 0.363128 0.267303 0.196643 0.690149 0.335122 0.60367 0.586788 0.201058 0.215663 0.132188 0.225818 0.279185 0.272206 0.283363 0.283363 0.503567 0.42063 0.410455 0.47053 0.385805 0.392192 0.505837 0.526691 0.458923 0.360986 0.316823 0.244236 0.244236 0.218206 0.505991 0.251587 0.251587 0.457328 0.730886 0.774758 0.639738 0.645105 -9999 -9999 -9999 -9999 -9999 0.811729 0.656935 0.610218 0.665977 0.665977 0.673063 0.71583
0.791004 0.731337 0.802414 0.67567 0.67567 0.145018 0.356684 0.183195 0.0977174 0.144963 0.0762207 0.205661 0.205661 0.259446 0.175816 0.423289 0.264634 0.378033 0.380044 0.499852 0.542947 0.542947 0.610387 0.443917 0.565594 0.258642 0.526704 0.748009 0.335828 0.659166 0.368614 0.402497 0.135782 0.23901 0.264449 0.212594 0.180673 0.180673 0.301376 0.428857 0.423799 0.41798 0.50413 0.435569 0.427171 0.435237 0.344989 0.291111 0.241159 0.152596 0.152596 0.606508 0.792277 0.661491 0.661491 0.623394 0.81345 0.578309 0.468176 -9999 -9999 -9999 -9999 -9999 -9999 0.605136 -9999 -9999 -9999 -9999 -9999 -9999
0.704857 0.710874 0.794615 0.640796 0.640796 0.27037 0.199976 0.201545 0.354903 0.305966 0.369906 0.453953 0.453953 0.345394 0.33661 0.455624 0.294743 0.267676 0.363112 0.450113 0.367847 0.367847 0.423579 0.442236 0.20427 0.564309 0.451686 0.822923 0.389292 0.588249 0.671426 0.801293 0.367885 0.418499 0.463006 0.40354 0.238203 0.238203 0.256458 0.380518 0.376826 0.420086 0.281336 0.310883 0.325977 0.268861 0.187494 0.357538 0.241735 0.261282 0.261282 0.553621 0.629656 0.620573 0.620573 0.503312 0.434495 0.438021 -9999 -9999 -9999 -9999 -9999 -9999 -9999 -9999 -9999 -9999 -9999 -9999 -9999 -9999
0.709073 0.830893 0.791641 0.696374 0.696374 0.380794 0.196232 0.292473 0.190131 0.427632 0.478073 0.365062 0.365062 0.495605 0.395078 0.561255 0.574747 0.443046 0.603366 0.612737 0.626853 0.626853 0.622494 0.324143 0.384143 0.269058 0.266519 0.373983 0.516472 0.829494 0.617548 0.540411 0.50878 0.205565 0.388097 0.292642 0.186427 0.186427 0.0902039 0.231055 0.300008 0.417359 0.301629 0.315881 0.2434 0.222155 0.248123 0.298126 0.186098 0.370709 0.370709 0.435839 0.367122 0.508313 0.508313 0.417854 0.266355 0.338867 -9999 -9999 -9999 -9999 -9999 -9999 -9999 -9999 -9999 -9999 -9999 -9999 -9999 -9999
