disasters/re_fire.asc
ncols         768
nrows         589
xllcorner     124.299398925
yllcorner     32.893460211367
cellsize      0.010567299164062
NODATA_value  -9999
[rows 320 to 351 of 589, columns 426 to 496 of 768]
0.123896 0.155699 0.154731 0.16061 0.249592 0.191256 0.225844 0.222485 0.150346 0.238081 0.0912544 0.18146 0.184599 0.165724 0.151743 0.171034 0.150841 0.327747 0.323923 0.316645 0.235898 0.221994 0.146858 0.22268 0.309179 0.319936 0.386522 0.510055 0.378066 0.23198 0.250815 0.112068 0.257311 0.210628 0.16978 0.17906 0.183039 0.171975 0.172166 0.163604 0.151701 0.181495 0.219037 0.234678 0.361363 0.194771 0.037298 0.169119 0.107625 0.173315 0.213378 0.259453 0.253621 0.197142 0.295702 0.411917 0.239709 0.210024 0.207408 0.193132 0.144796 0.146791 0.193489 -9999 -9999 -9999 -9999 -9999 -9999 -9999 -9999
0.191798 0.18462 0.150171 0.135825 0.182833 0.204964 0.229195 0.135613 0.188571 0.225311 0.202874 0.160656 0.135462 0.17323 0.152758 0.168176 0.294578 0.202762 0.223681 0.13211 0.0290972 0.164314 0.14534 0.144321 0.201309 0.220718 0.201501 0.505622 0.0245349 0.261518 0.0138048 0.194116 0.424053 0.265096 0.210324 0.210184 0.0852226 0.183526 0.152116 0.162719 0.0469179 0.172616 0.246838 0.238151 0.240602 0.185047 0.182479 0.110526 0.0253988 0.168794 0.213394 0.258419 0.225383 0.134175 0.249616 0.378054 0.241268 0.232346 0.189887 0.0524911 0.197491 0.0521228 0.170039 -9999 -9999 -9999 -9999 -9999 -9999 -9999 -9999
0.104457 0.241885 0.273089 0.20726 0.182241 0.155789 0.169788 0.0974974 0.0921621 0.256972 0.18038 0.344967 0.239309 0.131614 0.14608 0.178549 0.139925 0.206455 0.241326 0.267916 0.341557 0.259532 0.305589 0.370818 0.360967 0.0381214 0.566363 0.454201 0.706498 0.150767 0.130686 0.200307 0.19566 0.179954 0.175147 0.18789 0.190883 0.166256 0.0380474 0.184434 0.208706 0.200157 0.273701 0.283399 0.281543 0.252703 0.224506 0.197041 0.177316 0.172957 0.259532 0.258419 0.261011 0.289675 0.442043 0.463082 0.362937 0.255872 0.199539 0.217759 0.228083 0.199599 0.206955 -9999 -9999 -9999 -9999 -9999 -9999 -9999 -9999
0.221375 0.21108 0.214173 0.20407 0.219672 0.115097 0.172734 0.179184 0.16953 0.223588 0.147413 0.254672 0.214318 0.0759116 0.0987716 0.162649 0.136111 0.172193 0.192303 0.211824 0.265461 0.44745 0.303354 0.529271 0.19466 0.345055 0.672985 0.294848 0.775988 0.447368 0.229064 0.22448 0.261518 0.26154 0.294769 0.212578 0.20159 0.187692 0.178972 0.177033 0.209034 0.221001 0.278123 0.289681 0.464387 0.230977 0.2475 0.217015 0.179498 0.155778 0.247952 0.260151 0.275255 0.223665 0.491619 0.597257 0.42753 0.244861 0.215815 0.0978143 0.198573 0.162629 0.2046 -9999 -9999 -9999 -9999 -9999 -9999 -9999 -9999
0.155911 0.200115 0.193389 0.268318 0.278904 0.291608 0.172472 0.132687 0.176724 0.240089 0.180451 0.229759 0.147186 0.112811 0.144859 0.155076 0.177332 0.159141 0.151761 0.222824 0.180216 0.558776 0.470695 0.67509 0.194488 0.12587 0.378803 0.118947 0.296047 0.518706 0.22653 0.178677 0.207608 0.321355 0.219917 0.19478 0.166763 0.181194 0.126291 0.171312 0.192105 0.244243 0.258331 0.344843 0.754158 0.460134 0.248315 0.210351 0.152463 0.0489289 0.206422 0.260482 0.274089 0.232423 0.351896 0.405648 0.328957 0.252048 0.398353 0.0200026 0.204793 -9999 -9999 -9999 -9999 -9999 -9999 -9999 -9999 -9999 -9999
0.235751 0.216501 0.166286 0.212671 0.226906 0.257592 0.148728 0.15713 0.0565418 0.246243 0.194052 0.241464 0.160023 0.147648 0.160583 0.22067 0.166968 0.192494 0.139693 0.199267 0.399899 0.345132 0.491507 0.609203 0.213702 0.366974 0.361912 0.601034 0.416524 0.0942065 0.312624 0.227739 0.213205 0.136735 0.233481 0.134152 0.123629 0.012423 0.053658 0.155804 0.221594 0.269846 0.187389 0.351319 0.787329 0.4027 0.208418 0.181301 0.14197 0.136469 0.185165 0.250798 0.274607 0.277925 0.274432 0.440428 0.190319 0.33916 0.36529 0.422233 0.56067 -9999 -9999 -9999 -9999 -9999 -9999 -9999 -9999 -9999 -9999
0.232658 0.198558 0.260648 0.219897 0.170823 0.212274 0.171105 0.221658 0.266764 0.188774 0.164752 0.171243 0.173643 0.12213 0.138481 0.164806 0.101899 0.2649 0.266045 0.21961 0.275901 0.265565 0.223759 0.291868 0.248511 0.117657 0.201014 0.415834 0.281715 0.795347 0.599411 0.41964 0.325338 0.294615 0.147436 0.00930863 0.0300808 0.119311 0.0301352 0.14434 0.0900583 0.269846 0.257515 0.649806 0.657006 0.245075 0.197264 0.190556 0.182839 0.182253 0.0440056 0.229934 0.277862 0.283665 0.218612 0.290322 0.413741 0.325802 0.39885 0.412764 -9999 -9999 -9999 -9999 -9999 -9999 -9999 -9999 -9999 -9999 -9999
0.199751 0.199682 0.169188 0.170996 0.127188 0.166096 0.168364 0.219119 0.258258 0.241505 0.351472 0.278282 0.151089 0.165723 0.171934 0.115445 0.207365 0.123833 0.218582 0.271254 0.276837 0.209805 0.187889 0.222195 0.285665 0.27891 0.284064 0.404047 0.388092 0.647664 0.531495 0.266741 0.0256282 0.265188 0.226468 0.12783 0.0313462 0.171664 0.115515 0.168116 0.181945 0.275645 0.283532 0.460923 0.615321 0.219096 0.140705 0.190192 0.19304 0.193527 0.042967 0.200464 0.24815 0.283532 0.289867 0.259005 0.348682 0.25055 0.417528 0.364657 -9999 -9999 -9999 -9999 -9999 -9999 -9999 -9999 -9999 -9999 -9999
0.183958 0.204392 0.260772 0.202373 0.203429 0.257171 0.320183 0.215042 0.25363 0.315047 0.239118 0.279133 0.208787 0.195951 0.188414 0.264145 0.116062 0.155948 0.205974 0.212734 0.271511 0.277469 0.177838 0.274736 0.282337 0.272815 0.196605 0.29542 0.843349 0.70002 0.315787 0.190556 0.2155 0.225183 0.202544 0.0593981 0.182849 0.236515 0.221355 0.224579 0.187871 0.238957 0.254493 0.201308 0.108294 0.220363 0.0606835 0.188777 0.195346 0.199345 0.119106 0.188225 0.204438 0.285531 0.289023 0.22957 0.37567 0.36999 0.513468 0.557783 -9999 -9999 -9999 -9999 -9999 -9999 -9999 -9999 -9999 -9999 -9999
0.180292 0.183214 0.229204 0.22023 0.306876 0.343114 0.295963 0.272878 0.299854 -9999 -9999 0.286968 0.155962 0.200052 0.214416 0.273442 0.264648 0.130758 0.193638 0.203646 0.128958 0.279435 0.287407 0.285665 0.283798 0.276426 0.282868 0.294323 0.858012 0.29022 0.228187 0.0801786 0.227498 0.18839 0.178901 0.0474973 0.212026 0.240262 0.1863 0.383482 0.337995 0.500029 0.240001 0.257299 0.247511 0.214573 0.0681624 0.110577 0.192038 0.186661 0.136919 0.138769 0.197997 0.249101 0.259873 0.219451 0.3095 0.358408 0.439983 0.559297 -9999 -9999 -9999 -9999 -9999 -9999 -9999 -9999 -9999 -9999 -9999
0.165109 0.214036 0.198659 0.294854 0.33798 0.323003 0.322307 0.24637 0.204353 0.269718 0.0874551 0.273572 0.243673 0.279829 0.217708 0.275255 0.133333 0.199393 0.273055 0.195989 0.283665 0.298314 0.294597 0.28687 0.252634 0.272025 0.306461 0.16986 0.542646 0.349651 0.214553 0.201362 0.202909 0.175524 0.172546 0.192811 0.194858 0.210592 0.234838 0.254522 0.259855 0.454563 0.308948 0.211068 0.115401 0.179749 0.185953 0.215506 0.200599 0.0718402 0.158631 0.0350802 0.183292 0.234867 0.236017 0.249354 0.298704 0.365594 0.494418 0.533204 -9999 -9999 -9999 -9999 -9999 -9999 -9999 -9999 -9999 -9999 -9999
0.232268 0.220302 0.223461 0.291952 0.268201 0.295199 0.189225 0.194321 0.270485 0.198306 0.265277 0.272153 0.267935 0.260896 0.26679 0.276426 0.100236 0.278254 0.255478 0.154189 0.299145 0.297623 0.282735 0.283675 0.137714 0.214097 0.266414 0.26908 0.319407 0.357369 0.209103 0.0686995 0.175277 0.096295 0.107728 0.188992 0.207263 0.203052 0.235273 0.223717 0.250404 0.275118 0.226816 0.259688 0.0804454 0.119861 0.163686 0.209543 0.199852 0.197997 0.135416 0.186418 0.0363765 0.227628 0.223454 0.594811 0.47962 0.484065 0.483039 0.522005 -9999 -9999 -9999 -9999 -9999 -9999 -9999 -9999 -9999 -9999 -9999
0.169359 0.204136 0.248259 0.319225 0.327997 0.243546 0.21244 0.281309 0.280298 0.298252 0.282369 0.210987 0.117792 0.348316 0.262517 0.275385 0.279566 0.27891 0.281676 0.29051 0.120202 0.288047 0.291732 0.286272 0.372064 0.279039 0.262831 0.269335 0.272926 0.237215 0.190425 0.173958 0.00754581 0.179238 0.175502 0.125307 0.183218 0.201784 0.236142 0.244747 0.25641 0.215927 0.266148 0.234211 0.125483 0.496299 0.143201 0.217415 0.191069 0.0823827 0.204182 0.204155 0.0466463 0.216193 0.2394 0.610403 0.520404 0.50183 0.463848 0.511557 -9999 -9999 -9999 -9999 -9999 -9999 -9999 -9999 -9999 -9999 -9999
0.180416 0.179337 0.194055 0.332633 0.226603 0.236627 0.337175 0.258995 0.247202 0.38538 0.231182 0.39 0.364447 0.0838474 0.32192 0.280206 0.150432 0.264782 0.163163 0.282337 0.196651 0.250362 0.282199 0.221196 0.333114 0.351426 0.178621 0.193116 0.188852 0.185113 0.173269 0.0204484 0.17934 0.0646017 0.175719 0.182188 0.173872 0.218937 0.0812879 0.234156 0.236098 0.210166 0.203217 0.2138 0.1385 0.210357 0.186438 0.189314 0.0915986 0.094758 0.201293 0.194284 0.037123 0.197952 0.274984 0.645486 0.512908 0.550851 0.465907 0.466395 0.306093 -9999 -9999 -9999 -9999 -9999 -9999 -9999 -9999 -9999 -9999
0.232327 0.404774 0.439992 0.382351 0.193066 0.349826 0.286939 0.298446 0.401646 0.416195 0.391846 0.297622 0.310545 0.277764 0.235534 0.283933 0.348453 0.26821 0.223161 0.272411 0.225323 0.194419 0.28781 0.280715 0.294187 0.411822 0.177751 0.366429 0.132736 0.175379 0.17614 0.183656 0.174938 0.17777 0.188085 0.178586 0.175857 0.211393 0.212525 0.111519 0.209738 0.190651 0.123818 0.0352976 0.0978195 0.138617 0.150758 0.175398 0.189498 0.200703 0.202017 0.193461 0.00771134 0.188447 0.151219 0.670127 0.545958 0.47388 0.411911 0.478239 0.550666 -9999 -9999 -9999 -9999 -9999 -9999 -9999 -9999 -9999 -9999
0.277093 0.407217 0.32352 0.184585 0.215437 0.328318 0.266093 0.172205 0.407474 0.40808 0.342787 0.269399 0.135621 0.265811 0.264619 0.325614 0.330232 0.313077 0.307127 0.093656 0.202916 0.275939 0.0186772 0.287407 0.294597 0.195025 0.390967 0.163743 0.179652 0.175362 0.19432 0.198437 0.181686 0.175257 0.125893 0.17674 0.0352809 0.181564 0.203189 0.190576 0.177648 0.0294847 0.121403 0.183272 0.189643 0.0147154 0.187813 0.189279 0.201674 0.214121 0.202993 0.184695 0.0921621 0.183386 0.585744 0.676922 0.590547 0.521949 0.522614 0.470019 -9999 -9999 -9999 -9999 -9999 -9999 -9999 -9999 -9999 -9999 -9999
0.410131 0.242893 0.185811 0.140818 0.173672 0.174751 0.221632 0.429204 0.426274 0.229944 0.273358 0.324823 0.142705 0.134009 0.267554 0.298525 0.146314 0.268952 0.178222 0.181935 0.227752 0.239034 0.16022 0.291053 0.300672 0.316888 0.406545 0.405742 0.181377 0.196042 0.180624 0.178961 0.184516 0.0543418 0.193761 0.184223 0.0156176 0.174363 0.188967 0.1817 0.185411 0.182464 0.1319 0.19024 0.205794 0.206757 0.210738 0.219766 0.221966 0.208014 0.187607 0.136891 0.0272929 0.220978 0.49526 0.588153 0.597978 0.534649 0.371327 0.500986 -9999 -9999 -9999 -9999 -9999 -9999 -9999 -9999 -9999 -9999 -9999
0.377356 0.322482 0.311313 0.174187 0.312352 0.30736 0.306061 0.230276 0.351619 0.370912 0.272579 0.31698 0.302795 0.25742 0.266294 0.277339 0.280224 0.194515 0.276365 0.179802 0.230345 0.22652 0.173406 0.297347 0.307127 0.284463 0.279303 0.14832 0.202886 0.206495 0.137858 0.131617 0.177122 0.199112 0.19927 0.180676 0.161567 0.203305 0.227358 0.253912 0.518453 0.235807 0.096481 0.0573149 0.175026 0.151285 0.040718 0.0604644 0.177793 0.138868 0.0432008 0.0128395 0.0291146 0.0404835 0.492067 0.575803 0.510992 0.574788 0.468731 0.464892 0.281797 -9999 -9999 -9999 -9999 -9999 -9999 -9999 -9999 -9999 -9999
0.170833 0.173944 0.257771 0.266791 0.195137 0.188808 0.171541 0.359058 0.277013 0.259399 0.275125 0.238483 0.277118 0.283677 0.292542 0.289563 0.278778 0.258363 0.302766 0.198072 0.236711 0.243718 0.245162 0.178001 0.30897 0.3288 0.1299 0.35641 0.420169 0.373548 0.337618 0.0569017 0.0678517 0.17406 0.0887441 0.0186135 0.18656 0.235217 0.26959 0.274218 0.286468 0.27355 0.210055 0.192528 0.190968 0.191225 0.132914 0.0196571 0.171026 0.00871584 0.00763562 -9999 0.0464762 0.0597519 0.374171 0.545578 0.608469 0.564818 0.61331 0.52022 -9999 -9999 -9999 -9999 -9999 -9999 -9999 -9999 -9999 -9999 -9999
0.36323 0.364697 0.31343 0.212046 0.323703 0.330196 0.411912 0.320276 0.327043 0.307152 0.271312 0.229498 0.333802 0.346035 0.266873 0.273424 0.303385 0.286715 0.29214 0.297071 0.177026 0.246123 0.290256 0.186273 0.213854 0.346668 0.399299 0.232754 0.196046 0.0919582 0.155845 0.182143 0.361409 0.331632 0.0722752 0.183879 0.199471 0.162257 0.274307 0.185457 0.198442 0.175397 0.33776 0.398322 0.181299 0.187867 0.0965612 0.0692451 0.146737 0.0636849 0.371513 0.142627 -9999 -9999 -9999 -9999 0.599186 0.562945 0.606529 0.461892 -9999 -9999 -9999 -9999 -9999 -9999 -9999 -9999 -9999 -9999 -9999
0.392002 0.400574 0.302025 0.293688 0.338554 0.300139 0.269377 0.379344 0.466366 0.432665 0.388948 0.31844 0.41355 0.380073 0.233815 0.254313 0.213365 0.166089 0.282868 0.197151 0.308101 0.322215 0.253526 0.232853 0.305574 0.322405 0.328479 0.309124 0.303752 0.258506 0.153932 0.317876 0.316193 0.0252043 0.302102 0.201344 0.186989 0.225988 0.228341 0.328163 0.165432 0.322581 0.21069 0.159245 0.0699372 0.149678 0.0703795 0.0363475 0.0238935 0.0922783 0.200186 0.281286 0.0432304 0.050778 -9999 -9999 -9999 -9999 -9999 0.563055 -9999 -9999 -9999 -9999 -9999 -9999 -9999 -9999 -9999 -9999 -9999
0.355101 0.379529 0.195299 0.354561 0.309495 0.368799 0.323747 0.203658 0.474813 0.297242 0.31477 0.258705 0.42501 0.384375 0.293801 0.278516 0.291053 0.159146 0.156917 0.183061 0.204064 0.164838 0.293503 0.305151 0.319185 0.350563 0.221633 0.0644562 0.168468 0.161808 0.287092 0.185514 0.183618 0.205145 0.355713 0.209322 0.318463 0.364154 0.444382 0.430083 0.376102 0.252424 0.591931 0.476451 0.0471406 0.0533187 0.100156 0.162771 0.177916 0.367028 0.414299 0.036142 -9999 -9999 -9999 -9999 -9999 -9999 -9999 -9999 -9999 -9999 -9999 -9999 -9999 -9999 -9999 -9999 -9999 -9999 -9999
0.331011 0.378592 0.422932 0.378992 0.283904 0.385102 0.307033 0.237355 0.299505 0.308935 0.313234 0.273953 0.39469 0.398774 0.259452 0.246624 0.272316 0.246292 0.114455 0.256264 0.261018 0.295146 0.307551 0.311965 0.304448 0.153215 0.186331 0.194396 0.208037 0.213402 0.240345 0.267177 0.237468 0.229114 0.358925 0.208361 0.322679 0.1222 0.387747 0.442664 0.402529 0.293834 0.480747 0.471748 0.412472 0.456707 0.178271 0.0348002 0.232514 0.456002 0.0928068 0.307218 -9999 -9999 -9999 -9999 -9999 -9999 -9999 -9999 -9999 -9999 -9999 -9999 -9999 -9999 -9999 -9999 -9999 -9999 -9999
0.37027 0.366015 0.384988 0.354114 0.312915 0.375554 0.398321 0.167606 0.372567 0.339703 0.158954 0.284921 0.21653 0.426009 0.423572 0.285499 0.3431 0.258371 0.207165 0.274039 0.20359 0.290646 0.303045 0.270914 0.278565 0.378471 0.334804 0.359375 0.360835 0.236816 0.273992 0.278397 0.294323 0.453498 0.18784 0.191151 0.335569 0.200171 0.222823 0.370733 0.443067 0.498982 0.434461 0.470795 0.296721 0.46846 0.411181 0.243553 0.350648 0.0747078 0.125136 0.412534 0.157565 -9999 -9999 -9999 -9999 -9999 -9999 -9999 -9999 -9999 -9999 -9999 -9999 -9999 -9999 -9999 -9999 -9999 -9999
0.32204 0.231315 0.229401 0.253801 0.310497 0.379337 0.319821 0.309635 0.326949 0.140531 0.188991 0.331833 0.336821 0.316775 0.438407 0.388919 0.337394 0.358506 0.431008 0.354926 0.348177 0.313973 0.301514 0.370527 0.425843 0.224378 0.300113 0.218499 0.485919 0.495669 0.288214 0.292591 0.294832 0.453213 0.293177 0.341104 0.34008 0.344825 0.426779 0.383604 0.215366 0.422263 0.187626 0.179243 0.0527731 0.129844 0.0483793 0.465145 0.391517 0.44344 -9999 -9999 0.364488 0.463048 -9999 -9999 -9999 -9999 -9999 -9999 -9999 -9999 -9999 -9999 -9999 -9999 -9999 -9999 -9999 -9999 -9999
0.330429 0.265127 0.410048 0.248733 0.375924 0.39253 0.336445 0.26395 0.30952 0.280525 0.423472 0.342223 0.303208 0.262615 0.320614 0.286394 0.320158 0.400302 0.26952 0.34785 0.367139 0.397447 0.43645 0.42424 0.383857 0.276622 0.367635 0.35815 0.519583 0.459533 0.240068 0.266535 0.403833 0.487757 0.459847 0.344539 0.147705 0.504023 0.482205 0.307482 0.519405 0.601634 0.539477 0.327654 0.17884 0.439174 0.402531 0.442022 0.234515 0.24404 -9999 0.107913 -9999 -9999 -9999 -9999 -9999 -9999 -9999 -9999 -9999 -9999 -9999 -9999 -9999 -9999 -9999 -9999 -9999 -9999 -9999
0.366488 0.379951 0.446393 0.272184 0.176579 0.143576 0.213503 0.293199 0.29626 0.147729 0.341432 0.168085 0.191238 0.245379 0.148029 0.271261 0.403987 0.406775 0.31495 0.135787 0.346018 0.395942 0.4778 0.518738 0.519377 0.33656 0.44123 0.590559 0.555078 0.290104 0.295146 0.209743 0.295229 0.439376 0.45771 0.0375244 0.0496328 0.191611 0.0118549 0.525913 0.539623 0.547625 0.433607 0.463354 0.487964 0.506399 0.376866 0.368838 0.0414345 0.455203 0.470414 -9999 -9999 -9999 -9999 -9999 -9999 -9999 -9999 -9999 -9999 -9999 -9999 -9999 -9999 -9999 -9999 -9999 -9999 -9999 -9999
0.374886 0.440796 0.361948 0.393803 0.375211 0.41361 0.436735 0.276484 0.157065 0.224756 0.159072 0.249848 0.37144 0.375636 0.305077 0.279339 0.357571 0.325383 0.288582 0.353841 0.403848 0.272143 0.393876 0.419701 0.484868 0.418763 0.548144 0.258034 0.409862 0.245802 0.282692 0.24679 0.2962 0.52032 0.504272 0.172197 0.153722 0.193926 0.447849 0.20966 0.549542 0.542367 0.485838 0.491456 0.109168 0.504888 0.293465 0.458865 0.451189 0.465903 0.418754 -9999 -9999 -9999 -9999 -9999 -9999 -9999 -9999 -9999 -9999 -9999 -9999 -9999 -9999 -9999 -9999 -9999 -9999 -9999 -9999
0.443616 0.360879 0.287774 0.27197 0.197979 0.41714 0.453433 0.407117 0.341176 0.201134 0.342832 0.320235 0.439218 0.472574 0.471539 0.473556 0.278966 0.355958 0.337064 0.365867 0.255925 0.380645 0.459484 0.314656 0.445501 0.534231 0.280619 0.594696 0.552606 0.338228 0.290402 0.228922 0.31383 0.556058 0.424334 0.402643 0.176964 0.411395 0.201869 0.188694 0.194573 0.546874 0.236109 0.428104 0.333669 0.351418 0.493606 0.0769142 0.0906033 0.29522 0.266182 0.101093 -9999 -9999 -9999 -9999 -9999 -9999 -9999 -9999 -9999 -9999 -9999 -9999 -9999 -9999 -9999 -9999 -9999 -9999 -9999
0.249939 0.19775 0.281631 0.301538 0.257188 0.411601 0.362351 0.375368 0.461876 0.293558 0.360079 0.387341 0.30829 0.404052 0.494871 0.465867 0.403178 0.2622 0.257216 0.269174 0.356331 0.381208 0.417746 0.436221 0.397451 0.620101 0.28473 0.290153 0.547289 0.30642 0.32446 0.3343 0.506647 0.429984 0.423403 0.490092 0.195463 0.235852 0.265725 0.308268 0.501698 0.693768 0.570876 0.44596 0.332403 0.495422 0.473741 0.282997 0.190537 0.372481 0.410996 -9999 -9999 -9999 -9999 -9999 -9999 -9999 -9999 -9999 -9999 -9999 -9999 -9999 -9999 -9999 -9999 -9999 -9999 -9999 -9999
0.276725 0.328282 0.270246 0.399896 0.296554 0.407523 0.39553 0.499611 0.478691 0.216585 0.31035 0.260936 0.316071 0.506015 0.531366 0.510037 0.228529 0.343198 0.406934 0.427324 0.434024 0.338909 0.332821 0.46948 0.397763 0.634329 0.201241 0.307835 0.503375 0.327419 0.466206 0.446007 0.452171 0.38339 0.198676 0.203438 0.300116 0.296245 0.30123 0.269122 0.470789 0.4885 0.381178 0.51067 0.0671296 0.457479 0.472896 0.461417 0.469475 0.176987 0.242379 0.454755 -9999 -9999 -9999 -9999 -9999 -9999 -9999 -9999 -9999 -9999 -9999 -9999 -9999 -9999 -9999 -9999 -9999 -9999 -9999
0.407784 0.337673 0.28318 0.425608 0.307373 0.425152 0.405565 0.510951 0.485577 0.357369 0.415915 0.397844 0.0535689 0.548784 0.503055 0.4166 0.293401 0.389771 0.452358 0.46828 0.529988 0.456325 0.490863 0.479032 0.392179 0.659863 0.638713 0.309823 0.357547 0.243337 0.408584 0.362769 0.391873 0.397744 0.18283 0.272429 0.295283 0.294347 0.504539 0.352561 0.218546 0.304292 0.204847 0.549641 0.564273 0.52573 0.491651 0.452868 0.126859 0.30607 0.353148 -9999 -9999 -9999 -9999 -9999 -9999 -9999 -9999 -9999 -9999 -9999 -9999 -9999 -9999 -9999 -9999 -9999 -9999 -9999 -9999
