disasters/re_flood.asc
ncols         768
nrows         589
xllcorner     124.299398925
yllcorner     32.893460211367
cellsize      0.010567299164062
NODATA_value  -9999
[rows 128 to 159 of 589, columns 360 to 431 of 768]
0.269902 0.24645 0.298907 0.348666 0.379546 0.37529 0.37529 0.147706 0.0826092 0.0365292 0.0347219 0.0826746 0.119591 0.019926 0.0205911 0.0266696 0.0266696 0.106049 0.0921501 0.0971588 0.0832557 0.0667398 0.0806731 0.060247 0.065548 0.163245 0.171409 0.171409 0.154289 0.106824 0.0645986 0.0745661 0.0421015 0.0167149 0.00957926 0.018999 0.0177331 0.0177331 0.0672625 0.0147557 0.0441957 0.0293221 0.0277197 0.056885 0.0470311 0.0340665 0.0306323 0.0306323 0.0215435 0.0336142 0.0599399 0.0172299 0.0156861 0.0474404 0.027785 0.0547913 0.0565736 0.0565736 0.0565736 0.0191975 0.0181235 0.0571043 0.0968354 0.0690573 0.0731364 0.163286 0.326876 0.299608 0.299608 0.420576 0.303874 0.501197
0.278571 0.313268 0.226014 0.282627 0.368025 0.184802 0.184802 0.141636 0.0837644 0.0884507 0.0564205 0.0774777 0.0911357 0.0647313 0.0537268 0.0583269 0.0583269 0.0484128 0.0797835 0.233759 0.0927724 0.226024 0.117564 0.0856039 0.084203 0.178234 0.142334 0.142334 0.149261 0.187422 0.0433728 0.058686 0.0338007 0.0126038 0.0104849 0.017795 0.0103349 0.0101748 0.0312622 0.0188153 0.0285001 0.0247388 0.0169731 0.0354501 0.0530441 0.0843673 0.0310954 0.0310954 0.0490246 0.134201 0.0268828 0.0179906 0.032723 0.0183279 0.045905 0.0455429 0.0849419 0.0849419 0.0849419 0.0427282 0.0252002 0.0241732 0.0445112 0.0650993 0.0825576 0.18429 0.345119 0.353614 0.353614 0.285866 0.60255 0.471628
0.274342 0.219679 0.201613 0.232081 0.270319 0.140498 0.140498 0.191682 0.0846031 0.0897792 0.0774906 0.114129 0.124956 0.132965 0.107397 0.0915641 0.0542497 0.0542497 0.146545 0.0652331 0.125765 0.0866867 0.0704587 0.128002 0.198432 0.119704 0.0711481 0.0711481 0.135688 0.144768 0.0673105 0.0293733 0.0158468 0.00904626 0.00799341 0.0189757 0.0135265 0.0134175 0.0353712 0.0262013 0.0368122 0.0118563 0.0223016 0.0389816 0.0437448 0.0656185 0.0731087 0.0731087 0.0759024 0.086207 0.0490997 0.0360587 0.0421149 0.037601 0.0807624 0.106391 0.0457942 0.0457942 0.0457942 0.069522 0.0437013 0.0375176 0.0145557 0.0667519 0.163567 0.269714 0.315158 0.342472 0.304974 0.304974 0.505683 0.653331
0.121231 0.221626 0.325496 0.188008 0.227902 0.392633 0.254144 0.214949 0.208443 0.116639 0.106636 0.199134 0.303357 0.140184 0.0817653 0.0448897 0.0786157 0.0786157 0.12487 0.0424886 0.0767986 0.0714857 0.0662905 0.175538 0.112896 0.0689216 0.0859356 0.0859356 0.194085 0.211916 0.127649 0.0466636 0.0243765 0.00736084 0.0108016 0.00795947 0.0118347 0.015272 0.0246555 0.0169983 0.0164484 0.0336222 0.0827922 0.0651062 0.0690337 0.0780449 0.0910463 0.117212 0.117212 0.0625853 0.055508 0.0229211 0.0409502 0.0353666 0.105377 0.0543439 0.0277465 0.0277465 0.0277465 0.0970295 0.0273641 0.0322558 0.0302745 0.0840478 0.184572 0.261087 0.3293 0.413504 0.515578 0.515578 0.442561 0.307586
0.0682629 0.193994 0.345961 0.168734 0.112474 0.268486 0.268486 0.39659 0.34452 0.313169 0.358968 0.392648 0.290098 0.158905 0.238804 0.22072 0.0880184 0.0880184 0.0565476 0.0377878 0.0610417 0.0757974 0.139621 0.13507 0.080675 0.104653 0.128449 0.111838 0.111838 0.124007 0.112255 0.0659477 0.0165545 0.024812 0.0130077 0.0157305 0.017558 0.0447729 0.0575952 0.0198231 0.0375098 0.0675966 0.10688 0.113436 0.0696512 0.152367 0.120927 0.0690966 0.0690966 0.0711693 0.0516467 0.0480379 0.0779748 0.0555556 0.0975669 0.0836521 0.0471696 0.0471696 0.0471696 0.0726236 0.0455647 0.0509823 0.0179736 0.0462166 0.118714 0.28841 0.186839 0.176765 0.705715 0.705715 0.427041 0.384388
0.197035 0.220171 0.252213 0.183604 0.154485 0.28707 0.31965 0.31965 0.367536 0.309972 0.347421 0.272797 0.254158 0.250419 0.199294 0.135744 0.051668 0.051668 0.0694701 0.0306856 0.0397284 0.0328195 0.0226211 0.0284735 0.0182686 0.0173513 0.020095 0.0192978 0.0192978 0.0694972 0.048446 0.0192839 0.0291567 0.0475908 0.0264213 0.0239899 0.0787011 0.0601565 0.0457635 0.0922134 0.0949007 0.106762 0.143308 0.103692 0.12037 0.118754 0.217431 0.119439 0.119439 0.0872584 0.0397669 0.0485455 0.0573906 0.0889894 0.0956435 0.108287 0.105699 0.0700263 0.0700263 0.0700263 0.0312073 0.0393806 0.0195389 0.0605054 0.169832 0.194568 0.0890504 0.382389 0.357309 0.357309 0.288549 0.266521
0.0629954 0.0739005 0.0587096 0.182325 0.192278 0.234554 0.358478 0.358478 0.320694 0.227271 0.279977 0.405969 0.233817 0.14528 0.126666 0.0302047 0.0260513 0.0260513 0.0270283 0.0179124 0.0296353 0.0261051 0.0387812 0.0324555 0.0168185 0.0234677 0.0169592 0.0302439 0.0302439 0.0111708 0.032716 0.0269811 0.0198301 0.0188862 0.121566 0.0427734 0.0225344 0.0653846 0.0582434 0.0565344 0.10497 0.172748 0.096462 0.112176 0.0770858 0.121078 0.250874 0.0517329 0.0517329 0.0779835 0.0354557 0.0285055 0.0604594 0.104463 0.191313 0.076333 0.0957878 0.0471514 0.0471514 0.0471514 0.0443932 0.0679544 0.0510471 0.0518337 0.101416 0.135526 0.139731 0.225019 0.396799 0.396799 0.210364 0.148592
0.0852901 0.0586437 0.10156 0.0587909 0.173606 0.23101 0.333668 0.333668 0.281189 0.251875 0.317037 0.277948 0.281385 0.134869 0.0289665 0.0278895 0.0233553 0.0233553 0.0407516 0.0496326 0.0206673 0.0193158 0.0510082 0.0211994 0.0147085 0.0137511 0.0255632 0.0328653 0.0328653 0.0116871 0.00638032 0.0132346 0.0332716 0.0681988 0.0776532 0.0597254 0.0533596 0.0326359 0.0421859 0.038576 0.076356 0.23817 0.131746 0.175058 0.209892 0.21007 0.282316 0.0651292 0.0651292 0.0557691 0.0346073 0.0744963 0.0768562 0.198002 0.107362 0.137796 0.140298 0.112401 0.112401 0.112401 0.15669 0.106981 0.0562584 0.0221526 0.0676167 0.102663 0.128132 0.244598 0.29047 0.197471 0.197471 0.202292
0.0597054 0.0645557 0.0539121 0.0961103 0.191358 0.271749 0.256906 0.256906 0.214286 0.334151 0.231998 0.186105 0.180417 0.0962845 0.0305612 0.0235643 0.021531 0.0317039 0.0317039 0.0564951 0.0189165 0.0196896 0.0808354 0.0398333 0.0406441 0.0411579 0.0536825 0.0596786 0.0596786 0.0274216 0.0412256 0.0853755 0.0433588 0.0800846 0.0614783 0.118511 0.120024 0.0626182 0.0533883 0.0846626 0.211005 0.16146 0.219239 0.149546 0.285255 0.399778 0.269956 0.143468 0.193513 0.193513 0.0983351 0.0644454 0.136409 0.146503 0.0786272 0.129962 0.157949 0.14138 0.14138 0.14138 0.11275 0.112223 0.0338775 0.0360315 0.0451188 0.138205 0.365808 0.143696 0.23815 0.276773 0.276773 0.162928
0.101086 0.0293378 0.234472 0.192957 0.233729 0.153609 0.164053 0.164053 0.0869139 0.109632 0.166934 0.2687 0.271322 0.109883 0.0371558 0.016576 0.0524286 0.023857 0.023857 0.048449 0.0581056 0.0388732 0.0762386 0.0350531 0.0423243 0.0270281 0.0675157 0.0798142 0.0798142 0.0732817 0.0857142 0.076338 0.0861819 0.0878258 0.102859 0.123794 0.236775 0.0733443 0.129411 0.156512 0.172103 0.1718 0.241616 0.300718 0.36067 0.207027 0.158255 0.0824456 0.0547983 0.0547983 0.0759405 0.175198 0.147472 0.157625 0.143111 0.134867 0.108448 0.0320467 0.0320467 0.0173782 0.0173782 0.0192142 0.0471164 0.196957 0.0527495 0.193197 0.272564 0.191154 0.15636 0.252975 0.252975 0.300045
0.089818 0.0525198 0.226913 0.142738 0.242572 0.140047 0.150647 0.150647 0.0787257 0.094437 0.0974276 0.220466 0.166475 0.177008 0.0701523 0.0154946 0.0316122 0.0403396 0.0403396 0.0529503 0.108507 0.133331 0.0358863 0.027207 0.0280444 0.053029 0.0908222 0.2593 0.149934 0.149934 0.0845587 0.0839811 0.097914 0.0555944 0.0839229 0.126788 0.145878 0.205336 0.178331 0.152558 0.203532 0.232524 0.265225 0.344634 0.279122 0.21101 0.162785 0.0626769 0.0858493 0.0858493 0.0689044 0.0736504 0.0885502 0.0976277 0.134402 0.136696 0.0791115 0.0139398 0.0139398 0.0247107 0.0247107 0.0115483 0.0324691 0.0467846 0.066453 0.130676 0.18213 0.213124 0.155084 0.129105 0.129105 0.112836
0.0956067 0.185463 0.249418 0.23171 0.253643 0.149768 0.123314 0.123314 0.110871 0.0583622 0.051848 0.0356236 0.0297004 0.0233283 0.0160806 0.0168587 0.0535446 0.0483195 0.0483195 0.0323714 0.167825 0.0729741 0.152751 0.086567 0.0942123 0.0918652 0.218964 0.242695 0.0770874 0.0770874 0.0917123 0.120061 0.143217 0.143446 0.110577 0.162736 0.13946 0.311991 0.133696 0.133696 0.144506 0.218459 0.201255 0.295409 0.236601 0.246357 0.0841515 0.0441563 0.0942268 0.0942268 0.0951604 0.0428809 0.0897671 0.133149 0.0853455 0.060241 0.102974 0.019729 0.019729 0.0260968 0.0260968 0.0391262 0.0511082 0.0153491 0.0807238 0.0767007 0.0541467 0.068329 0.0854474 0.126031 0.12015 0.12015
0.120744 0.352824 0.271959 0.208927 0.306173 0.179375 0.136277 0.171769 0.171769 0.0743639 0.0559778 0.0397624 0.0336287 0.0519369 0.0649452 0.0358191 0.0845042 0.0399128 0.0399128 0.0769314 0.0726073 0.0727554 0.0565989 0.12104 0.220132 0.324829 0.331297 0.238766 0.131237 0.131237 0.147687 0.10917 0.168048 0.152814 0.13229 0.155027 0.265931 0.182945 0.137262 0.137262 0.135693 0.228746 0.327619 0.304846 0.151526 0.0971223 0.0671327 0.0255487 0.057078 0.057078 0.0533348 0.0398789 0.107784 0.0453827 0.0231488 0.0319856 0.104761 0.0447441 0.0447441 0.0461566 0.0461566 0.0625866 0.0349323 0.0306059 0.118047 0.0350718 0.0636564 0.0560508 0.046432 0.0511515 0.103417 0.103417
0.244139 0.132826 0.30402 0.182018 0.248286 0.202354 0.18512 0.0969799 0.0969799 0.0587456 0.06145 0.0330156 0.0335974 0.0315337 0.0479578 0.0265868 0.0568998 0.0521502 0.0740033 0.0740033 0.0839695 0.0910531 0.157505 0.225895 0.281736 0.290155 0.305285 0.21738 0.193254 0.193254 0.149001 0.0672573 0.166139 0.148503 0.147191 0.205639 0.0515077 0.0737297 0.13103 0.13103 0.201021 0.224923 0.267082 0.175758 0.0607557 0.0260621 0.0157087 0.0139568 0.0373737 0.038951 0.038951 0.0686077 0.0481851 0.0150771 0.0174804 0.060532 0.0887563 0.0432743 -9999 0.0888704 0.0888704 0.046841 0.0514062 0.0529952 0.0785832 0.0313523 0.0470808 0.0939125 0.0525038 0.0308453 0.0741615 0.0741615
0.244139 0.132826 0.30402 0.182018 0.248286 0.202354 0.18512 0.0969799 0.0969799 0.0587456 0.06145 0.0330156 0.0335974 0.0315337 0.0479578 0.0265868 0.0568998 0.0521502 0.0740033 0.0740033 0.0839695 0.0910531 0.157505 0.225895 0.281736 0.290155 0.305285 0.21738 0.193254 0.193254 0.149001 0.0672573 0.166139 0.148503 0.147191 0.205639 0.0515077 0.0737297 0.13103 0.13103 0.201021 0.224923 0.267082 0.175758 0.0607557 0.0260621 0.0157087 0.0139568 0.0373737 0.038951 0.038951 0.0686077 0.0481851 0.0150771 0.0174804 0.060532 0.0887563 0.0432743 0.0432743 0.0888704 0.0888704 0.046841 0.0514062 0.0529952 0.0785832 0.0313523 0.0470808 0.0939125 0.0525038 0.0308453 0.0741615 0.0741615
0.251136 0.224822 0.361517 0.375871 0.138201 0.169897 0.134406 0.0747988 0.0747988 0.118272 0.150116 0.0660035 0.0496985 0.0390602 0.106438 0.0256748 0.0470857 0.0463054 0.0527653 0.0527653 0.0974912 0.235457 0.172808 0.222957 0.177414 0.209786 0.290312 0.188348 0.216103 0.216103 0.251022 0.220244 0.299193 0.350181 0.306235 0.0868933 0.0739311 0.117732 0.152433 0.152433 0.17028 0.215869 0.211202 0.144658 0.0321444 0.0248985 0.017011 0.00996251 0.0110452 0.0250032 0.0250032 0.0665627 0.0160369 0.00924698 0.0174104 0.0295928 0.16116 0.0699054 0.0699054 0.0554922 0.0446275 0.0446275 0.0389192 0.108579 0.0700684 0.0588022 0.100503 0.0541655 0.0466212 0.024714 0.0419794 0.0419794
0.200441 0.197906 0.326218 0.466358 0.306949 0.3026 0.280603 0.152655 0.152655 0.0720761 0.0791513 0.293981 0.106492 0.105137 0.101912 0.036736 0.035019 0.031915 0.037514 0.037514 0.113956 0.202005 0.182916 0.139112 0.110348 0.177816 0.292105 0.136912 0.163552 0.227767 0.227767 0.233227 0.0939546 0.103289 0.0797555 0.0972588 0.0403987 0.0642486 0.0989171 0.0989171 0.156913 0.144061 0.199138 0.119165 0.112476 0.0771421 0.0152863 0.00765011 0.0139738 0.0546894 0.0546894 0.041767 0.0194896 0.006479 0.0165016 0.112002 0.196094 0.0876134 0.0876134 0.0599829 0.0318319 0.0318319 0.0351327 0.144134 0.141763 0.210648 0.126061 0.0846158 0.0831754 0.0505802 0.083761 0.111463
0.305002 0.306013 0.165374 0.378647 0.389965 0.254322 0.236754 0.17325 0.17325 0.186382 0.365693 0.249144 0.20633 0.103937 0.047949 0.0291917 0.0564742 0.0774852 0.102327 0.102327 0.12899 0.166383 0.0940842 0.147451 0.136971 0.150844 0.18977 0.197854 0.275712 0.256891 0.256891 0.0771963 0.111306 0.054276 0.069866 0.075837 0.0403195 0.0653735 0.107373 0.179627 0.179627 0.186196 0.204883 0.0968611 0.0332577 0.0115215 0.00968989 0.0196126 0.0130327 0.0195015 0.0195015 0.0361829 0.0817038 0.0271197 0.017507 0.0220523 0.0842333 0.109212 0.109212 0.0569793 0.100103 0.100103 0.159625 0.118472 0.183188 0.153075 0.0856432 0.107388 0.105471 0.0643697 0.0423466 0.097876
0.371818 0.398587 0.383395 0.436176 0.478179 0.458145 0.402944 0.362959 0.252547 0.252547 0.15579 0.240758 0.297086 0.24979 0.137069 0.151841 0.0437314 0.10387 0.0881071 0.0881071 0.0564746 0.0751941 0.114927 0.168887 0.0577054 0.0660259 0.12264 0.117737 0.170041 0.172715 0.172715 0.198176 0.174472 0.0445932 0.046935 0.0697706 0.0595856 0.0971459 0.0335024 0.0522505 0.0522505 0.0559766 0.0550468 0.146079 0.0184174 0.0407527 0.0218912 0.0255613 0.0127233 0.0249918 0.0160205 0.0160205 0.0211421 0.020166 0.0803902 0.0888064 0.120487 0.110343 0.110343 0.176256 0.101469 0.0182377 0.0182377 0.034789 0.0353988 0.0831823 0.13279 0.040478 0.0834244 0.114962 0.123852 0.14845
0.407739 0.406291 0.303586 0.340569 0.266072 0.2879 0.252033 0.232358 0.250552 0.250552 0.258238 0.332484 0.213462 0.185887 0.210915 0.271517 0.1137 0.0694856 0.081564 0.107582 0.107582 0.147519 0.175927 0.0913359 0.0516333 0.0771255 0.127124 0.109181 0.13991 0.0454337 0.0454337 0.090364 0.207503 -9999 0.064684 0.0742693 0.0914456 0.063929 0.0137841 0.0256124 0.0256124 0.0943719 0.0657431 0.124783 0.0700782 0.0326955 0.0572585 0.0538615 0.0129478 0.0152751 0.0292587 0.0292587 0.073314 0.091382 0.104693 0.0691831 0.0754867 0.221892 0.221892 0.0906079 0.0241057 0.0188645 0.0188645 0.0390151 0.0746855 0.0405544 0.0755442 0.10948 0.0813673 0.0685327 0.0828766 0.290969
0.417444 0.382965 0.369706 0.453768 0.171841 0.24807 0.178242 0.218146 0.332188 0.332188 0.288284 0.370503 0.285989 0.143365 0.241626 0.174583 0.0942023 0.0737223 0.0775531 0.0327107 0.0327107 0.0989232 0.0793371 0.0990851 0.0522931 0.0773672 0.042755 0.165209 0.0351356 0.0267198 0.0330098 0.0330098 0.0750184 0.249148 0.232506 0.270725 0.206903 0.0357938 0.0237919 0.0121557 0.0121557 0.0144522 0.0489634 0.115261 0.191242 0.0458276 0.084312 0.07643 0.0459543 0.0479447 0.0295001 0.0295001 0.0469808 0.0267004 0.0667636 0.0697953 0.0462566 0.136879 0.136879 0.0318064 0.0114372 0.0231262 0.0231262 0.0384947 0.0629868 0.0527221 0.05642 0.104128 0.13932 0.0942393 0.175137 0.141866
0.359491 0.22931 0.234864 0.441066 0.313785 0.138931 0.242652 0.290578 0.297083 0.297083 0.297044 0.352886 0.287338 0.259357 0.229094 0.162797 0.121671 0.04425 0.0416705 0.0369252 0.0369252 0.0800797 0.0669077 0.105731 0.0587286 0.0579438 0.129244 0.220493 0.0708105 0.0420032 0.0657132 0.0657132 0.0517048 0.150968 0.15853 0.0830444 0.161305 0.0426558 0.0125491 0.0166934 0.0209952 0.0209952 0.0482848 0.133885 0.253478 0.113493 0.141539 0.0593164 0.0151198 0.0131211 0.0190299 0.0190299 0.0410526 0.0592635 0.0386035 0.0234814 0.0298234 0.0922971 0.0922971 0.107556 0.0195217 0.0131542 0.0131542 0.0114875 0.0400081 0.0347399 0.0438856 0.0740653 0.08651 0.136412 0.197561 0.100825
0.292919 0.211434 0.273649 0.317597 0.297598 0.301601 0.268042 0.216564 0.224629 0.224629 0.234971 0.368417 0.314578 0.235966 0.164401 0.132654 0.156123 0.0771775 0.0841407 0.083124 0.083124 0.104904 0.0922904 0.090839 0.108293 0.190037 0.194797 0.197412 0.0990783 0.0265188 0.059476 0.059476 0.0422075 0.0906389 0.148476 0.108705 0.192412 0.0194501 0.052259 0.01428 0.0166267 0.0166267 0.0416487 0.0897569 0.0559003 0.040778 0.0999082 0.0163309 0.0388275 0.0232781 0.0340733 0.0189427 0.0189427 0.0327251 0.0434672 0.0967459 0.0260217 0.0444341 0.0444341 0.0970246 0.0634296 0.0158153 0.0158153 0.0232607 0.0226579 0.0327092 0.0969496 0.0879543 0.143336 0.168733 0.208924 0.17001
0.361718 0.14387 0.141482 0.236425 0.283781 0.237701 0.18128 0.243912 0.288391 0.288391 0.379022 0.338897 0.242856 0.191006 0.169017 0.137375 0.104563 0.0258673 0.0431944 0.050031 0.050031 0.0234341 0.032067 0.0282752 0.0314325 0.0619975 0.165788 0.15104 0.0337655 0.0271285 0.0486605 0.0486605 0.0385813 0.0955661 0.116301 0.140207 0.106234 0.0115977 0.0190298 0.0285609 0.0870592 0.0870592 0.0993669 0.0894426 0.0732715 0.0546948 0.0443793 0.0210889 0.0478696 0.0213108 0.0173827 0.0156283 0.0156283 0.0150451 0.023714 0.00710313 0.0560271 0.229859 0.229859 0.0902689 0.0733742 0.0514379 0.0892799 0.0892799 0.081398 0.0727316 0.0686055 0.132881 0.212028 0.135515 0.148239 0.243017
0.381178 0.314099 0.180347 0.261674 0.197848 0.177576 0.178584 0.236108 0.239719 0.418539 0.418539 0.31331 0.26663 0.273441 0.205797 0.0855586 0.0636262 0.0256158 0.0299051 0.0647083 0.0647083 0.0297721 0.0242245 0.0742788 0.0660692 0.0652271 0.146813 0.176847 0.204063 0.150934 0.0952814 0.0952814 0.101167 0.158458 0.272119 0.138683 0.0674576 0.0115287 0.0146235 0.00874914 0.0292138 0.0292138 0.0411107 0.0788039 0.0854714 0.05033 0.0249915 0.0203745 0.0499491 0.0299454 0.0280517 0.0187602 0.0187602 0.0184983 0.00957908 0.0148348 0.0479388 0.250838 0.250838 0.0823326 0.0554109 0.0493252 0.110121 0.110121 0.055557 0.172751 0.111729 0.156437 0.151832 0.0552812 0.0858851 0.158231
0.187761 0.222511 0.187452 0.220683 0.273482 0.216009 0.280188 0.274918 0.212527 0.213415 0.213415 0.229513 0.176669 0.188381 0.158348 0.111821 0.0672778 0.0439369 0.0496816 0.0328877 0.0173729 0.0173729 0.0271688 0.0355017 0.0847255 0.127244 0.113585 0.119444 0.0904954 0.0515948 0.0751778 0.0751778 0.0450865 0.150548 0.363614 0.0821549 0.0524908 0.0217819 0.0263527 0.0235184 0.0327849 0.0327849 0.0931516 0.0357763 0.0726711 0.12526 0.0200607 0.044653 0.106298 0.0474335 0.0234956 0.0215335 0.0215335 0.0757145 0.0173957 0.00748915 0.0459505 0.211866 0.211866 0.0549386 0.0470234 0.068377 0.0896085 0.0896085 0.0808163 0.126958 0.120464 0.0944335 0.248296 0.112763 0.182566 0.245484
0.189689 0.203598 0.149946 0.226046 0.216084 0.246822 0.224076 0.216463 0.156017 0.151273 0.151273 0.129592 0.149057 0.101045 0.10275 0.0774646 0.0962277 0.127087 0.114744 0.148588 0.0505473 0.0505473 0.0304373 0.120334 0.0428871 0.0924441 0.117672 0.118359 0.101307 0.0515885 0.0440562 0.088672 0.088672 0.238919 0.129699 0.0760531 0.0319332 0.011665 0.042941 0.0261576 0.0570835 0.0338922 0.0338922 0.0122016 0.0138894 0.0959748 0.155671 0.0751924 0.074178 0.012462 0.0164804 0.020306 0.020306 0.0290278 0.0407219 0.0190721 0.0414064 0.199637 0.199637 0.069771 0.0449334 0.0330072 0.0552837 0.0552837 0.168709 0.0751349 0.0783412 0.0785136 0.128993 0.214789 0.198034 0.189282
0.180155 0.202534 0.16697 0.163014 0.180811 0.239394 0.231525 0.202838 0.142392 0.146656 0.146656 0.200753 0.138162 0.0939364 0.0884686 0.184649 0.0780671 0.058199 0.0770784 0.0511754 0.127683 0.127683 0.0907788 0.0770792 0.0767305 0.109795 0.202172 0.144836 0.166114 0.143471 0.218861 0.125425 0.125425 0.235078 0.238975 0.0597686 0.0142347 0.0273513 0.0456316 0.0194258 0.0423905 0.0207628 0.0207628 0.00815888 0.00617013 0.0261594 0.0310629 0.118999 0.127868 0.0202119 0.0214105 0.0195694 0.0567361 0.0567361 0.0423706 0.0168827 0.13599 0.231197 0.231197 0.109434 0.0658065 0.0655673 0.0714915 0.0752986 0.0752986 0.101647 0.102311 0.214963 0.142541 0.242569 0.205175 0.141347
0.160148 0.104155 0.220219 0.204213 0.27554 0.223249 0.273245 0.213208 0.0975879 0.0927587 0.0927587 0.113639 0.10519 0.0381092 0.0416121 0.0881354 0.1421 0.0783541 0.0850354 0.121887 0.138656 0.138656 0.113526 0.0709471 0.154302 0.081289 0.101238 0.0494735 0.0353973 0.152376 0.253047 0.40257 0.40257 0.262217 0.14926 0.0351856 0.0348783 0.0475828 0.00956741 0.0146822 0.090574 0.0135449 0.0135449 0.00957945 0.00616378 0.0101236 0.00933969 0.043734 0.0832373 0.0991655 0.0247276 0.0772991 0.106861 0.106861 0.0580061 0.14486 0.290717 0.29348 0.29348 0.203199 0.271122 0.23256 0.247398 0.161331 0.161331 0.13682 0.220759 0.15672 0.0675173 0.135774 0.173487 0.232604
0.191716 0.161526 0.134278 0.180808 0.222525 0.192508 0.318318 0.0985117 0.124622 0.1308 0.1308 0.089132 0.0659031 0.0372863 0.050557 0.0802325 0.177029 0.21692 0.162742 0.201499 0.187781 0.187781 0.1739 0.123564 0.0887376 0.0354684 0.0735647 0.0759458 0.0503809 0.127148 0.181511 0.326931 0.326931 0.284993 0.158041 0.162483 0.129999 0.17789 0.00939048 0.0160252 0.0375066 0.00667233 0.00667233 0.00716652 0.00466863 0.0116165 0.016006 0.00925157 0.0153275 0.0824123 0.293313 0.159402 0.126485 0.126485 0.223705 0.107558 0.119007 0.0906467 0.0906467 0.218823 0.0830779 0.0635471 0.0680577 0.163944 0.163944 0.218832 0.209039 0.0611344 0.094841 0.131929 0.108659 0.272645
0.275692 0.275692 0.167839 0.243025 0.259884 0.191807 0.326271 0.144819 0.170744 0.157558 0.157558 0.152782 0.0853079 0.0331095 0.047937 0.0436434 0.0918487 0.166007 0.21422 0.157602 0.11676 0.11676 0.113932 0.126495 0.200758 0.129722 0.0536426 0.0265921 0.0700633 0.105026 0.326991 0.236197 0.236197 0.0902764 0.108086 0.0615019 0.11575 0.11658 0.010192 0.0211276 0.0612509 0.02204 0.02204 0.0245544 0.0103075 0.00483923 0.0136762 0.0129956 0.0354055 0.128302 0.218681 0.306673 0.434409 0.434409 0.240511 0.0605928 0.0768261 0.0874775 0.0874775 0.115456 0.0395505 0.0303698 0.0391838 0.111259 0.111259 0.158744 0.130813 0.164298 0.112252 0.137092 0.174406 0.164418
0.207507 0.207507 0.252879 0.215866 0.201311 0.232527 0.274284 0.320993 0.160732 0.153156 0.138216 0.138216 0.0978843 0.0333599 0.0283697 0.042133 0.072987 0.211421 0.188611 0.164147 0.0982109 0.118093 0.118093 0.153274 0.202838 0.138432 0.279633 0.173927 0.114441 0.221849 0.323452 0.0742892 0.0169556 0.0169556 0.0229046 0.0746647 0.0247915 0.0488822 0.0354261 0.0309591 0.0991542 0.0217964 0.0246408 0.0246408 0.0229509 0.0196566 0.00921731 0.0109956 0.032979 0.165032 0.0879919 0.209741 0.290831 0.123046 0.123046 0.105552 0.0939639 0.0801816 0.0801816 0.112987 0.113015 0.131293 0.116271 0.0476858 0.0761949 0.0761949 0.106688 0.0916203 0.153093 0.11911 0.119299 0.174174
