disasters/re_flood.asc
ncols         768
nrows         589
xllcorner     124.299398925
yllcorner     32.893460211367
cellsize      0.010567299164062
NODATA_value  -9999
[rows 160 to 191 of 589, columns 288 to 359 of 768]
0.155518 0.111168 0.22413 0.256904 0.164624 0.232971 0.0645107 0.107271 0.107271 0.113256 0.266065 0.619185 0.196001 0.219694 0.247095 0.42832 0.42832 0.790663 0.863637 0.803535 0.803535 0.687455 0.615897 0.651351 0.421282 0.711953 0.522479 0.338905 0.227766 0.194221 0.194221 0.1462 0.520666 0.209871 0.301867 0.299445 0.281397 0.169343 0.466913 0.226329 0.226329 0.304353 0.174162 0.252326 0.226635 0.312126 0.172409 0.540831 0.146894 0.199787 0.475745 0.475745 0.466762 0.434731 0.434731 0.535486 0.432072 0.704979 0.448651 0.397382 0.370474 0.409771 0.409771 0.242243 0.205725 0.204406 0.229373 0.157658 0.214695 0.0939862 0.0617449 0.0609201
0.274616 0.110513 0.0923581 0.125257 0.122085 0.13034 0.188783 0.229491 0.229491 0.266873 0.341105 0.314488 0.307219 0.489557 0.418575 0.689241 0.689241 0.819651 0.707179 -9999 0.442488 0.734286 0.555149 0.824338 0.670219 0.666069 0.297777 0.206225 0.139996 0.0988787 0.0988787 0.16037 0.511269 0.27019 0.173061 0.295369 0.207174 0.244034 0.705481 0.236756 0.236756 0.147012 0.265432 0.158635 0.301755 0.26348 0.213505 0.228435 0.272651 0.327717 0.58367 0.58367 0.498873 0.357715 0.357715 0.726552 0.607271 0.43671 0.431826 0.433593 0.400135 0.473356 0.473356 0.155437 0.0768041 0.177468 0.323581 0.0727637 0.0819674 0.0634781 0.0179057 0.0323044
0.146352 0.0776272 0.118763 0.212199 0.121498 0.0981944 0.140741 0.288663 0.288663 0.325145 0.289539 0.247347 0.338488 0.232306 0.537899 0.461373 0.461373 0.674627 0.774019 -9999 0.614795 0.597153 0.375319 0.618901 0.781808 0.550503 0.341226 0.227812 0.152763 0.180848 0.180848 0.264972 0.522327 0.246723 0.274136 0.367378 0.288788 0.326173 0.677656 0.414812 0.414812 0.244262 0.370899 0.24266 0.199392 0.242101 0.331302 0.245847 0.584038 0.441031 0.531975 0.531975 0.465752 0.293851 0.293851 0.432417 0.375689 0.635158 0.327066 0.3055 0.393912 0.261402 0.261402 0.123624 0.0549197 0.0908343 0.243117 0.0434252 0.0211287 0.034312 0.0457677 0.0954741
0.12683 0.258445 0.299084 0.15072 0.427943 0.26472 0.248972 0.425479 0.425479 0.290534 0.218493 0.169933 0.184871 0.554471 0.400405 0.678713 0.678713 0.823667 0.801925 -9999 -9999 0.867949 0.50482 0.709867 0.681132 0.528568 0.638781 0.513105 0.257793 0.320448 0.320448 0.502914 0.469454 0.270297 0.180411 0.325962 0.133026 0.217222 0.308415 0.254745 0.254745 0.459393 0.203306 0.336842 0.166547 0.422251 0.526732 0.731134 0.500084 0.53625 0.47008 0.47008 0.278492 0.205472 0.205472 0.344266 0.358192 0.334621 0.338789 0.4948 0.300416 0.217779 0.217779 0.221205 0.0625679 0.0408789 0.0763911 0.0689083 0.0346347 0.0294412 0.0658592 0.142787
0.177559 0.120722 0.231365 0.348397 0.546831 0.256637 0.446988 0.179391 0.179391 0.212307 0.185777 0.172055 0.168953 0.309553 0.326934 0.513128 0.513128 0.750806 0.924964 0.884166 0.884166 0.790104 0.75545 0.826466 0.626563 0.603586 0.603417 0.666779 0.260172 0.502678 0.502678 0.668176 0.514363 0.169157 0.192387 0.191979 0.152798 0.1489 0.232161 0.248048 0.248048 0.275667 0.438778 0.331769 0.450877 0.507118 0.609315 0.595053 0.352695 0.298339 0.184956 0.184956 0.248624 0.418525 0.418525 0.372879 0.39834 0.50537 0.25599 0.162681 0.167184 0.33244 0.33244 0.172973 0.0735843 0.0232832 0.0196969 0.0227605 0.0356945 0.0312945 0.0285533 0.113054
0.134997 0.260576 0.315993 0.385248 0.389416 0.309608 0.193878 0.201622 0.201622 0.16095 0.115477 0.127069 0.165112 0.339513 0.425263 0.637269 0.637269 0.737043 0.503675 0.700948 -9999 0.802298 0.711658 0.695582 0.717194 0.645543 0.57545 0.607312 0.524718 0.586399 0.586399 0.738758 0.56344 0.333554 0.225883 0.156416 0.259876 0.156554 0.172453 0.27211 0.27211 0.189377 0.325668 0.304326 0.173443 0.667494 0.453249 0.333411 0.414076 0.297755 0.289307 0.520967 0.520967 0.415036 0.415036 0.370454 0.622116 0.462528 0.375599 0.373129 0.318791 0.276174 0.144965 0.144965 0.0481593 0.0184449 0.0140828 0.0121053 0.027717 0.0205926 0.031733 0.0639333
0.343828 0.265355 0.384319 0.264945 0.465419 0.343076 0.312896 0.152667 0.152667 0.125463 0.168757 0.178393 0.425947 0.372084 0.62632 0.612004 0.612004 0.532509 0.640729 0.470691 0.470691 -9999 0.782667 0.769634 0.733314 0.682156 0.711088 0.656256 0.654545 0.542383 0.542383 0.66697 0.676866 0.332379 0.249315 0.388723 0.319121 0.227758 0.134292 0.293935 0.311404 0.311404 0.271568 0.193786 0.299537 0.710326 0.624549 0.680774 0.345317 0.482629 0.453389 0.404844 0.404844 0.356284 0.356284 0.556477 0.618327 0.632096 0.457912 0.430138 0.41364 0.242752 0.13482 0.13482 0.0237916 0.0360015 0.0319532 0.0419394 0.0383234 0.056788 0.117336 0.130517
0.372113 0.374403 0.251976 0.284182 0.357446 0.20915 0.243508 0.148302 0.148302 0.161374 0.289005 0.328112 0.409416 0.66071 0.652416 0.568011 0.568011 0.581836 0.752115 0.527516 0.527516 0.61943 0.817603 0.768072 0.755464 0.758978 0.729738 0.628577 0.429916 0.294882 0.742201 0.742201 0.70405 0.437501 0.340203 0.371819 0.21232 0.198544 0.255632 0.227395 0.255404 0.255404 0.26908 0.359092 0.540227 0.561736 0.569454 0.589098 0.273635 0.291367 0.444219 0.430366 0.430366 0.323165 0.323165 0.429358 0.613432 0.552199 0.47765 0.46488 0.364169 0.240429 0.0739094 0.0739094 0.0310143 0.058554 0.0835761 0.135242 0.0698181 0.0866896 0.119892 0.0845393
0.326633 0.270739 0.741311 0.547365 0.306238 0.181835 0.0931061 0.214299 0.214299 0.443769 0.508593 0.655627 0.654818 0.791512 0.639424 0.645036 0.645036 0.739465 0.697798 0.664284 0.664284 0.671772 0.744933 0.838956 0.817504 0.761587 0.641613 0.505542 0.428088 0.610146 0.373776 0.373776 0.666024 0.646197 0.683228 0.440832 0.402487 0.235488 0.184353 0.289825 0.188866 0.188866 0.173062 0.378633 0.630284 0.596384 0.589822 0.517429 0.225048 0.266662 0.385419 0.42161 0.42161 0.265656 0.265656 0.505558 0.485826 0.606633 0.429866 0.514857 0.349387 0.235069 0.0732353 0.0732353 0.0188971 0.0278973 0.0298703 0.0723214 0.195392 0.264757 0.187849 0.0660949
0.390034 0.151403 0.40716 0.223483 0.538648 0.608852 0.761656 0.60458 0.60458 0.795968 0.808692 0.617932 0.627789 0.697529 0.630489 0.704823 0.704823 0.706955 0.673979 0.617601 0.65854 0.65854 0.649179 0.729913 0.863895 0.746804 0.514508 0.692154 0.572207 0.637398 0.735806 0.735806 0.649168 0.498723 0.467572 0.551125 0.375459 0.205237 0.375104 0.225724 0.28996 0.28996 0.221278 0.613416 0.422015 0.696324 0.507284 0.298778 0.174855 0.31338 0.555233 0.221536 0.221536 0.243338 0.243338 0.255418 0.360213 0.521959 0.447765 0.301851 0.317845 0.153867 0.0923344 0.0923344 0.0204756 0.038252 0.0357761 0.0435856 0.104471 0.0998234 0.117755 0.0723162
0.273906 0.231463 0.173941 0.348469 0.626839 0.797738 0.645091 0.659911 0.659911 0.696286 0.7255 0.701687 0.72718 0.726456 0.745061 0.838504 0.838504 0.725356 0.68017 0.666392 0.678545 0.678545 0.819811 0.610559 0.518783 0.579916 0.84502 0.721947 0.769736 0.631643 0.75867 0.75867 0.875882 0.606243 0.532551 0.197727 0.214802 0.258308 0.378188 0.186982 0.148395 0.148395 0.531007 0.671875 0.568637 0.345079 0.238318 0.181468 0.219715 0.197281 0.442946 0.494573 0.494573 0.30664 0.30664 0.486147 0.33283 0.434576 0.473348 0.410063 0.220723 0.10383 0.168185 0.168185 0.0600753 0.0229378 0.0290536 0.0297945 0.0294894 0.0441889 0.0547744 0.105889
0.230415 0.238547 0.466824 0.602249 0.658557 0.565517 0.621083 0.53875 0.698135 0.698135 0.738102 0.886182 0.736168 0.871788 0.744667 0.748426 0.748426 0.674607 0.676648 0.567384 0.647882 0.647882 0.700122 0.712552 0.641225 0.46693 0.807233 -9999 -9999 0.618177 0.783688 0.783688 0.727735 0.586938 0.550262 0.275067 0.247891 0.333191 0.187951 0.282186 0.365515 0.365515 0.815745 0.865141 0.493911 0.162945 0.129208 0.121502 0.132358 0.12776 0.285798 0.304527 0.304527 0.459886 0.459886 0.414861 0.528905 0.152924 0.257592 0.425262 0.22726 0.136654 0.132725 0.132725 0.194565 0.040374 0.0281648 0.0262512 0.0310454 0.0409815 0.0553599 0.0616624
0.174905 0.173623 0.421144 0.516083 0.331347 0.231807 0.392962 0.511725 0.527491 0.527491 0.68607 0.856875 0.742362 0.703011 0.760513 0.553761 0.553761 0.796771 0.585635 0.595476 0.815858 0.815858 0.477344 0.347733 0.36254 0.682765 0.502773 0.847646 0.706346 0.690177 -9999 0.828145 0.760626 0.624454 0.590269 0.249512 0.261335 0.346859 0.229691 0.321261 0.707831 0.707831 0.752773 0.752073 0.365683 0.284064 0.128795 0.126487 0.154097 0.307337 0.347837 0.198342 0.198342 0.381572 0.381572 0.126056 0.150255 0.151441 0.21135 0.251547 0.465108 0.349373 0.186237 0.0792313 0.0792313 0.0364519 0.0186962 0.0316478 0.0796388 0.055224 0.0479519 0.0450294
0.282457 0.241669 0.199306 0.318132 0.281018 0.189769 0.289577 0.744149 0.783206 0.783206 0.661808 0.730088 0.71615 0.691352 0.747957 0.68174 0.68174 0.648842 0.456703 0.439185 0.640179 0.640179 0.391213 0.239808 0.363849 0.645378 0.700477 0.671168 0.808603 0.851692 0.723328 0.723328 0.658433 0.496727 0.438866 0.513586 0.372462 0.35245 0.299651 0.529268 0.858256 0.858256 0.841186 0.66753 0.759873 0.408081 0.171894 0.206468 0.150361 0.470018 0.271574 0.286845 0.286845 0.260552 0.260552 0.0998469 0.0761871 0.11563 0.0843864 0.178708 0.16586 0.254286 0.175031 0.0699576 0.0699576 0.0346983 0.0264163 0.0385365 0.0453934 0.16889 0.0623282 0.0447286
0.425512 0.530478 0.408833 0.338615 0.547327 0.209693 0.256833 0.708617 0.697458 0.697458 0.855621 0.80144 0.500271 0.661953 0.707862 0.636401 0.636401 0.596474 0.623582 0.461385 0.648091 0.648091 0.443014 0.551666 0.600169 0.587857 0.272705 0.530298 0.359622 0.704585 0.833024 0.833024 0.815195 0.56649 0.504826 0.479473 0.352702 0.581471 0.277195 0.758868 0.835833 0.835833 0.626038 0.374658 0.590756 0.660116 0.256893 0.243747 0.182162 0.290999 0.141389 0.15562 0.222928 0.222928 0.222928 0.0591113 0.0490147 0.0640403 0.041898 0.052869 0.116144 0.0634164 0.167766 0.158497 0.158497 0.0880008 0.047072 0.035229 0.0578767 0.248239 0.0739998 0.0407844
0.331226 0.46115 0.625063 0.331397 0.552137 0.212723 0.279749 0.523325 0.590848 0.590848 0.65857 0.606443 0.565298 0.449734 0.629703 0.566302 0.566302 0.591276 0.586784 0.649469 0.631163 0.631163 0.613453 0.617027 0.644464 0.271501 0.347891 0.571776 0.477512 0.492688 0.740589 0.740589 0.832409 0.660235 0.461546 0.522031 0.36039 0.310936 0.486315 0.687279 0.611307 0.611307 0.27236 0.171698 0.285357 0.64685 0.281242 0.229252 0.251731 0.297508 0.164977 0.222348 0.111967 0.111967 0.111967 0.0445914 0.0646071 0.0156518 0.0323645 0.0350549 0.0665911 0.0452103 0.0604463 0.0809386 0.0809386 0.212362 0.245368 0.139749 0.0871096 0.248861 0.170687 0.0742694
0.430566 0.552855 0.616846 0.518956 0.271667 0.664701 0.401293 0.621593 0.66028 0.66028 0.761369 0.567828 0.668817 0.567143 0.494546 0.390969 0.390969 0.644655 0.652065 0.692352 0.648416 0.648416 0.57828 0.421355 0.575975 0.330589 0.315994 0.608867 0.825016 0.716427 0.729692 0.729692 0.836123 0.749693 0.639781 0.400916 0.459456 0.401497 0.610668 0.65326 0.546313 0.354667 0.354667 0.211814 0.15797 0.398562 0.353433 0.255196 0.231165 0.15491 0.130545 0.228442 0.232651 0.232651 0.232651 0.0869913 0.0391784 0.0236161 0.0636024 0.039987 0.0450037 0.0867046 0.064216 0.0843063 0.0843063 0.0863669 0.170495 0.252438 0.211823 0.254874 0.305364 0.187259
0.313665 0.396418 0.639375 0.603451 0.30279 0.281974 0.735057 0.451598 0.577429 0.577429 0.448472 0.228014 0.553844 0.60346 0.750565 0.685187 0.685187 0.629654 0.695369 0.658957 0.67234 0.67234 0.714429 0.483185 0.344787 0.337995 0.453247 0.52623 0.596863 0.64487 0.668267 0.668267 0.561622 0.705559 0.669567 0.517617 0.38066 0.478829 -9999 0.416699 0.481399 0.416513 0.416513 0.258829 0.154446 0.418301 0.465487 0.205086 0.100321 0.0846274 0.09337 0.300328 0.0964333 0.0964333 0.0964333 0.143569 0.0581813 0.0572291 0.0877923 0.0362583 0.105451 0.0894365 0.0719958 0.118497 0.118497 0.145321 0.191007 0.323284 0.241412 0.169132 0.27689 0.271013
0.173716 0.173357 0.516429 0.575296 0.380956 0.409258 0.583185 0.646698 0.621218 0.621218 0.243297 0.296905 0.588811 0.440859 0.629668 0.665683 0.665683 0.664235 0.583924 0.691096 0.672352 0.672352 0.706149 0.566681 0.367447 0.227213 0.493545 0.501032 0.375897 0.641816 0.585519 0.283707 0.283707 0.775294 0.812969 -9999 0.576169 0.470992 -9999 0.445036 0.609682 0.258089 0.258089 0.476039 0.167704 0.25155 0.197097 0.355226 0.353668 0.307401 0.0979051 0.242914 0.105089 0.105089 0.105089 0.0528877 0.143662 0.0800317 0.04832 0.0259505 0.123676 0.162372 0.0680446 0.1009 0.1009 0.187777 0.180931 0.174774 0.336979 0.331606 0.276832 0.18859
0.43262 0.337305 0.557018 0.616093 0.513821 0.447776 0.692322 0.679082 0.613328 0.613328 0.482474 0.373799 0.541493 0.780465 0.676071 0.711721 0.711721 0.627619 0.530684 0.853185 0.644887 0.644887 0.666832 0.608022 0.705612 0.278511 0.343251 0.208191 0.239137 0.522266 0.604497 0.287644 0.287644 0.410865 0.621595 0.484135 0.67848 0.410717 0.622959 0.416902 0.212755 0.29514 0.29514 0.220664 0.304973 0.164701 0.208935 0.140388 0.380647 0.160544 0.245312 0.167322 0.0666846 0.0666846 0.0666846 0.0450579 0.0499533 0.150708 0.102346 0.083574 0.132201 0.223235 0.146757 0.211039 0.236945 0.236945 0.158669 0.18148 0.221904 0.267379 0.313942 0.206371
0.43262 0.337305 0.557018 0.616093 0.513821 0.447776 0.692322 0.679082 0.613328 0.613328 0.482474 0.373799 0.541493 0.780465 0.676071 0.711721 0.711721 0.627619 0.530684 0.853185 0.644887 0.644887 0.666832 0.608022 0.705612 0.278511 0.343251 0.208191 0.239137 0.522266 0.604497 0.287644 0.287644 0.410865 0.621595 0.484135 0.67848 0.410717 -9999 0.416902 0.212755 0.29514 0.29514 0.220664 0.304973 0.164701 0.208935 0.140388 0.380647 0.160544 0.245312 0.167322 0.0666846 0.0666846 0.0666846 0.0450579 0.0499533 0.150708 0.102346 0.083574 0.132201 0.223235 0.146757 0.211039 0.236945 0.236945 0.158669 0.18148 0.221904 0.267379 0.313942 0.206371
0.247819 0.300942 0.21902 0.460195 0.58872 0.544007 0.363835 0.841774 0.644937 0.644937 0.639087 0.44757 0.752378 0.524304 0.673385 0.644503 0.644503 0.405006 0.687817 0.787354 0.620299 0.620299 0.580348 0.411912 0.387202 0.589953 0.570834 0.497484 0.343915 0.746007 0.512129 0.612796 0.612796 0.634612 0.414813 0.529447 0.49494 0.740625 -9999 0.241373 0.300108 0.156568 0.156568 0.212704 0.148622 0.185937 0.102993 0.0621707 0.146303 0.328217 0.195405 0.225208 0.0703508 0.0703508 0.0703508 0.0932015 0.0357085 0.088398 0.0865707 0.114741 0.237668 0.248783 0.114702 0.0889296 0.095076 0.095076 0.0623794 0.123493 0.175605 0.100008 0.183707 0.29274
0.217077 0.443327 0.494106 0.35707 0.38302 0.347285 0.492111 0.696409 0.626657 0.626657 0.700182 0.662052 0.599125 0.401548 0.740802 0.641536 0.641536 0.600306 0.428338 0.634116 0.547054 0.416416 0.452426 0.436124 0.555995 0.507801 0.547264 0.365835 0.413687 0.7688 0.674056 0.740307 0.740307 0.493745 0.664539 0.240339 0.224172 0.708384 0.639 0.248875 0.298875 0.162245 0.162245 0.162828 0.164485 0.105202 0.0805733 0.0914071 0.102282 0.286185 0.448217 0.176635 0.13619 0.0478389 0.0478389 0.0478389 0.0709638 0.0691686 0.057927 0.0903606 0.262831 0.13463 0.109584 0.214951 0.0394186 0.0394186 0.0624991 0.0640655 0.133235 0.141463 0.240793 0.205449
0.64203 0.577672 0.515746 0.306436 0.35793 0.376486 0.530369 0.695507 0.546915 0.546915 0.782667 0.641232 0.63242 0.561422 0.578181 0.396597 0.396597 0.644659 0.578816 0.625991 0.578029 0.30308 0.520003 0.471133 0.593601 0.547336 0.578983 0.723543 0.505153 0.592009 0.666344 0.417828 0.417828 0.306537 0.260578 0.286888 0.378173 0.466256 0.823295 0.350477 0.416653 0.208783 0.208783 0.214434 0.254748 0.169393 0.145211 0.0732297 0.156661 0.195573 0.334689 0.200269 0.194474 0.10853 0.10853 0.10853 0.131372 0.134442 0.087256 0.0781868 0.315813 0.0832903 0.157125 0.161483 0.069506 0.069506 0.0679908 0.0502466 0.170214 0.160549 0.127831 0.195321
0.573754 0.521966 0.507645 0.27976 0.404664 0.25316 0.282296 0.593042 0.36119 0.36119 0.366614 0.47825 0.758648 0.569533 0.711972 0.581155 0.581155 0.511366 0.576042 0.456509 0.243255 0.286679 0.526155 0.637062 0.58958 0.309653 0.667855 0.647769 0.619616 0.530141 0.532981 0.233872 0.233872 0.169539 0.293974 0.244614 0.551076 0.59411 0.669303 0.494204 0.266697 0.500329 0.500329 0.19493 0.19896 0.202681 0.237223 0.116149 0.243449 0.259488 0.398785 0.196841 0.0933792 0.116028 0.116028 0.116028 0.106667 0.220223 0.301034 0.295168 0.403609 0.244924 0.257534 0.277214 0.0440904 0.0440904 0.0368712 0.0492578 0.149204 0.118728 0.166544 0.141358
0.468336 0.321611 0.328818 0.523214 0.35625 0.373578 0.248427 0.51887 0.302925 0.302925 0.330998 0.481463 0.724688 0.563202 0.595707 0.583876 0.583876 0.321204 0.551011 0.333017 0.262202 0.351084 0.629407 0.686474 0.638081 0.43012 0.771679 0.590917 0.593446 0.333082 0.202184 0.237815 0.237815 0.174806 0.119603 0.407951 0.358141 0.544094 0.420456 0.649174 0.643526 0.198748 0.442021 0.442021 0.512789 0.44717 0.58145 0.431931 0.300748 0.29722 0.313298 0.112207 0.143743 0.122298 0.122298 0.122298 0.168083 0.144357 0.149273 0.27102 0.264001 0.431476 0.427154 0.249925 0.0670464 0.0670464 0.0557022 0.0752747 0.148767 0.106614 0.116832 0.27184
0.300776 0.284356 0.442292 0.557945 0.505282 0.267919 0.31152 0.302727 0.250983 0.250983 0.268561 0.406537 0.53716 0.546226 0.607119 0.540657 0.540657 0.560813 0.57914 0.369263 0.520782 0.512302 0.685268 0.725656 0.830948 0.800066 0.786179 0.645439 0.465709 0.414288 0.159286 0.135156 0.135156 0.246751 0.155543 0.320449 0.275365 0.33487 0.21587 0.440409 0.76417 0.47626 0.352687 0.352687 0.382897 0.395826 0.245057 0.321916 0.302816 0.182721 0.211459 0.112991 0.41038 0.320139 0.320139 0.320139 0.22952 0.274421 0.103954 0.169642 0.205542 0.268403 0.344794 0.394506 0.189009 0.0901098 0.0901098 0.10006 0.0792319 0.091936 0.238086 0.212751
0.155615 0.185278 0.456649 0.705158 0.572063 0.390391 0.218921 0.3759 0.35054 0.35054 0.340436 0.469659 0.566177 0.587358 0.570927 0.583342 0.583342 0.570914 0.396022 0.314143 0.303396 0.743466 0.73162 0.709847 0.740786 0.680857 0.762983 0.655982 0.592778 0.369141 0.200911 0.109044 0.109044 0.156114 0.211282 0.142757 0.198762 0.528395 0.220235 0.352955 0.530689 0.83158 0.371701 -9999 0.40513 0.261852 0.223847 0.311853 0.223082 0.257117 0.106111 0.126822 0.325718 0.234177 0.234177 0.234177 0.45896 0.143833 0.133998 0.148302 0.107173 0.237848 0.326302 0.455309 0.273518 0.10649 0.10649 0.160129 0.134708 0.335931 0.377709 0.408996
0.247496 0.217908 0.522505 0.54554 0.588221 0.556455 0.314014 0.652244 0.352765 0.38163 0.38163 0.434385 0.466611 0.379237 0.43518 0.590154 0.590154 0.508781 0.581185 0.550421 0.385327 0.456414 0.688722 0.706263 0.84474 0.669998 0.712657 0.642191 0.488597 0.355969 0.424926 0.275641 0.275641 0.383226 0.143287 0.155713 0.21654 0.421331 0.214755 0.293192 0.30735 0.726192 0.541731 0.541731 0.357498 0.300012 0.419811 0.27911 0.156418 0.315407 0.161868 0.132697 0.299727 0.534531 0.534531 0.534531 0.557265 0.206281 0.249715 0.161107 0.156517 0.246996 0.259834 0.433517 0.292479 0.0668018 0.0668018 0.0906299 0.181694 0.261194 0.396873 0.388134
0.254052 0.434709 0.296515 0.507377 0.735688 0.628204 0.686076 0.622763 0.354776 0.496964 0.496964 0.524024 0.608477 0.482209 0.492259 0.649423 0.649423 0.56163 0.598689 0.638003 0.47185 0.537654 0.639603 0.639823 0.663609 0.663497 0.696342 0.692928 0.574338 0.561622 0.567829 0.487115 0.666945 0.666945 0.311728 0.258794 0.358041 0.279224 0.208578 0.146753 0.269598 0.201024 0.606423 0.606423 0.470525 0.241795 0.308522 0.259951 0.162903 0.276864 0.157196 0.235106 0.211297 0.329564 0.329564 0.329564 0.600872 0.252086 0.207618 0.213158 0.202245 0.143078 0.116084 0.110168 0.300789 0.174959 0.174959 0.18854 0.25238 0.372371 0.350261 0.287087
0.208778 0.197012 0.39493 0.324194 0.53065 0.611856 0.682094 0.730598 0.522837 0.563658 0.563658 0.620517 0.701333 0.422109 0.514529 0.705767 0.705767 0.638996 0.653514 0.660824 0.618248 0.669033 0.628751 0.436101 0.436418 0.721989 0.713553 0.668285 0.662518 0.359281 0.584254 0.382947 0.449174 0.449174 0.36062 0.655607 0.366989 0.511741 0.600064 0.243179 0.197478 0.377929 0.512919 0.512919 0.607172 0.336181 0.415269 0.42383 0.19464 0.523151 0.282451 0.407651 0.374242 0.200111 0.200111 0.58269 0.58269 0.163799 0.343352 0.193864 0.166145 0.104557 0.159729 0.0798982 0.179193 0.357606 0.357606 0.292865 0.286498 0.362802 0.342644 0.193301
0.412536 0.207868 0.260331 0.447445 0.454196 0.296236 0.188611 0.630984 0.672502 0.564237 0.564237 0.626658 0.653711 0.673301 0.684444 0.538499 0.538499 0.655621 0.75865 0.715146 0.529986 0.625637 0.689992 0.629593 0.475564 0.478229 0.681736 0.37384 0.469478 0.181384 0.149078 0.223122 0.1733 0.1733 0.175728 0.204813 0.233741 0.22501 0.220446 0.279574 0.608659 0.367359 0.315808 0.315808 0.692471 0.640291 -9999 0.37692 0.397774 0.586894 0.365568 0.406928 0.480601 0.372975 0.372975 0.597853 0.597853 0.260781 0.681538 0.329048 0.148269 0.0559102 0.0946011 0.130543 0.126939 0.112692 0.112692 0.306836 0.236896 0.4235 0.440622 0.201175
