disasters/re_fire.asc
ncols         768
nrows         589
xllcorner     124.299398925
yllcorner     32.893460211367
cellsize      0.010567299164062
NODATA_value  -9999
[rows 256 to 287 of 589, columns 426 to 496 of 768]
0.147998 0.468956 0.452162 0.517642 0.564194 0.643729 0.52065 0.631343 0.580498 0.574984 0.598133 0.379185 0.157247 0.46089 0.679215 0.70182 0.69705 0.531576 0.185195 0.86656 0.34409 0.506459 0.499152 0.535459 0.542801 0.718963 0.798332 0.558186 0.457327 0.679322 0.815614 0.696256 0.624224 0.593226 0.56571 0.484616 0.641538 0.789463 0.515354 0.623319 0.168532 0.2573 0.202053 0.456783 0.569851 0.263839 0.301757 0.250564 0.36154 0.267163 0.221885 0.198358 0.224138 0.515893 0.632388 0.688277 0.406337 0.435995 -9999 -9999 -9999 -9999 -9999 -9999 -9999 -9999 -9999 -9999 -9999 -9999 -9999
0.423361 0.37368 0.351609 0.446423 0.417544 0.477362 0.689345 0.628936 0.789151 0.793292 0.716211 0.235921 0.256886 0.739868 0.683727 0.346872 0.643704 0.689884 0.750399 0.26821 0.281791 0.320348 0.478584 0.323951 0.527968 0.437972 0.67907 0.646023 0.640679 0.752211 0.756704 0.727753 0.670438 0.418398 0.323973 0.72245 0.738246 0.820069 0.649781 0.408952 0.479939 0.241009 0.223632 0.538264 0.69071 0.376917 0.24446 0.330096 0.270385 0.244032 0.14536 0.472229 0.204455 0.249871 0.552557 0.428679 0.259957 0.497897 -9999 -9999 -9999 -9999 -9999 -9999 -9999 -9999 -9999 -9999 -9999 -9999 -9999
0.333913 0.335597 0.38562 0.194708 0.308235 0.54511 0.68306 0.621476 0.646438 0.778483 0.500509 0.655935 0.740669 0.683469 0.654103 0.715383 0.7129 0.801118 0.750187 0.205007 0.204394 0.227093 0.307474 0.353205 0.350983 0.61634 0.721061 0.147529 0.801406 0.742728 0.413155 0.719557 0.865375 0.825693 0.647972 0.4819 0.573487 0.659819 0.605134 0.646302 0.406593 0.524382 0.368177 0.374321 0.28962 0.283899 0.218635 0.0283463 0.335301 0.398538 0.0962934 0.226007 0.386783 0.527541 0.530292 0.654204 -9999 -9999 -9999 -9999 -9999 -9999 -9999 -9999 -9999 -9999 -9999 -9999 -9999 -9999 -9999
0.383173 0.336106 0.404637 0.403392 0.377438 0.451258 0.586493 0.436561 0.666744 0.673584 0.565592 0.629429 0.741789 0.672407 0.75082 0.81051 0.766393 0.784006 0.262228 0.234945 0.240671 0.207427 0.322292 0.419791 0.514401 0.443257 0.484247 0.803283 0.855045 0.44275 0.781729 0.78726 0.843554 0.841239 0.81819 0.435658 0.615397 0.530112 0.481267 0.592899 0.429793 0.566586 0.732965 0.599308 0.552635 0.321541 0.052376 0.247294 0.204055 0.292236 0.248386 0.257417 0.232577 0.287649 0.481783 0.544796 -9999 -9999 -9999 -9999 -9999 -9999 -9999 -9999 -9999 -9999 -9999 -9999 -9999 -9999 -9999
0.450555 0.408409 0.46245 0.445086 0.644765 0.54961 0.651049 0.49755 0.463375 0.606856 0.683654 0.590677 0.716675 0.553185 0.178213 0.675212 0.19764 0.819953 0.874726 0.258075 0.240756 0.208135 0.386667 0.38694 0.3592 0.603509 0.0966621 0.704595 0.386147 0.678954 0.72918 0.130404 0.37619 0.399409 0.787697 0.832614 0.458052 0.352278 0.629602 0.74589 0.403531 0.564676 0.724322 0.765647 0.548307 0.348974 0.205077 0.140677 0.258171 0.220258 0.229427 0.158466 0.294963 0.302233 -9999 -9999 -9999 -9999 -9999 -9999 -9999 -9999 -9999 -9999 -9999 -9999 -9999 -9999 -9999 -9999 -9999
0.472606 0.542214 0.566505 0.44691 0.632419 0.372536 0.510337 0.736823 0.356214 0.680693 0.797581 0.646031 0.472998 0.686646 0.867462 0.844868 0.826389 0.73737 0.403371 0.411325 0.34557 0.299463 0.358332 0.51878 0.552422 0.566411 0.738597 0.382103 0.139154 0.723879 0.480716 0.338629 0.104065 0.756032 0.495754 0.540243 0.877307 0.780469 0.826451 0.396188 0.262368 0.314326 0.640862 0.482213 0.383606 0.133891 0.163407 0.212098 0.185661 0.203734 0.0995178 0.229947 0.323627 0.0182944 -9999 -9999 -9999 -9999 -9999 -9999 -9999 -9999 -9999 -9999 -9999 -9999 -9999 -9999 -9999 -9999 -9999
0.481566 0.450346 0.602526 0.738389 0.587983 0.329159 0.620359 0.644165 0.54472 0.224082 0.240685 0.634485 0.74266 0.656315 0.805078 0.742829 0.806053 0.232168 0.129931 0.51107 0.448191 0.435249 0.151398 0.425184 0.583666 0.45261 0.672756 0.643284 0.722336 0.462479 0.432589 0.811954 0.452836 0.76109 0.802082 0.825325 0.724266 0.377494 0.697909 0.895978 0.510141 0.794592 0.167783 0.551235 0.329134 0.172247 0.149856 0.13335 0.153376 0.17154 0.166025 0.142673 0.249522 0.320182 -9999 -9999 -9999 -9999 -9999 -9999 -9999 -9999 -9999 -9999 -9999 -9999 -9999 -9999 -9999 -9999 -9999
0.429743 0.551184 0.511256 0.545945 0.693001 0.556679 0.5237 0.600669 0.207154 0.247371 0.221976 0.211951 0.268759 0.734145 0.523968 0.246285 0.244107 0.20408 0.218213 0.454851 0.48032 0.364839 0.15268 0.398654 0.617157 0.722501 0.736793 0.556214 0.584613 0.668389 0.84779 0.888841 0.54698 0.765436 0.663558 0.760701 0.675205 0.563255 0.47943 0.64849 0.979051 0.645793 0.811153 0.793406 0.427448 0.252508 0.161784 0.0987014 0.0836984 0.149242 0.133172 0.127038 0.257874 0.247207 -9999 -9999 -9999 -9999 -9999 -9999 -9999 -9999 -9999 -9999 -9999 -9999 -9999 -9999 -9999 -9999 -9999
0.468524 0.481656 0.569049 0.651684 0.439256 0.519313 0.499733 0.20741 0.112669 0.20536 0.245096 0.18535 0.274007 0.244763 0.266537 0.23125 0.213854 0.181637 0.247023 0.487123 0.384849 0.384589 0.490907 0.374658 0.581671 0.714216 0.788566 0.892911 0.773691 0.333729 0.708878 0.105408 0.291469 0.749422 0.108626 0.73516 0.362547 0.56749 0.635652 0.670739 0.668785 0.855737 0.322957 0.640418 0.367724 0.329943 0.279765 0.428256 0.334365 0.125327 0.149885 0.160607 0.164633 0.275614 -9999 -9999 -9999 -9999 -9999 -9999 -9999 -9999 -9999 -9999 -9999 -9999 -9999 -9999 -9999 -9999 -9999
0.368879 0.564974 0.556829 0.618431 0.612979 0.622151 0.588861 0.211379 0.100249 0.222654 0.221219 0.0876001 0.254248 0.301387 0.248579 0.125977 0.232991 0.245403 0.287527 0.338952 0.470407 0.286003 0.477109 0.40359 0.440324 0.551631 0.799115 0.179408 0.579808 0.76406 0.686766 0.412648 0.497554 0.343181 0.629564 0.654651 0.658785 0.676281 0.77411 0.776198 0.831506 0.869734 0.579645 0.80855 0.283116 0.395625 0.462172 0.349009 0.1574 0.141232 0.153403 0.214865 0.256161 0.184271 -9999 -9999 -9999 -9999 -9999 -9999 -9999 -9999 -9999 -9999 -9999 -9999 -9999 -9999 -9999 -9999 -9999
0.40428 0.455298 0.582409 0.520254 0.539066 0.704157 0.654474 0.179281 0.0781568 0.210279 0.195591 0.144015 0.232351 0.263464 0.25643 0.246818 0.243223 0.166098 0.0696746 0.383728 0.542508 0.381691 0.353849 0.219775 0.544137 0.608424 0.475835 0.76171 0.742054 0.770416 0.50362 0.581443 0.355238 0.77531 0.746112 0.677409 0.64242 0.69494 0.825674 0.997805 0.910213 0.999966 0.818933 0.851492 0.87962 0.700228 0.547131 0.735019 0.17029 0.175386 0.120344 0.126958 0.169737 0.224112 -9999 -9999 -9999 -9999 -9999 -9999 -9999 -9999 -9999 -9999 -9999 -9999 -9999 -9999 -9999 -9999 -9999
0.29917 0.0549773 0.25654 0.428071 0.527789 0.516051 0.656104 0.191978 0.149597 0.123915 0.132851 0.191021 0.226992 0.223512 0.25136 0.286425 0.289281 0.328213 0.207884 0.12905 0.487686 0.42305 0.355445 0.356032 0.452952 0.347172 0.31049 0.646892 0.791948 0.517082 0.651905 0.623241 0.529258 0.733322 0.705375 0.404557 0.666905 0.690421 0.792802 0.998208 0.994168 0.516768 0.819866 0.896743 0.985631 0.6703 0.725755 0.177573 0.250321 0.325544 0.112914 0.155744 0.125333 0.260516 -9999 -9999 -9999 -9999 -9999 -9999 -9999 -9999 -9999 -9999 -9999 -9999 -9999 -9999 -9999 -9999 -9999
0.327833 0.328888 0.31653 0.116759 0.196168 0.241017 0.3764 0.576642 0.180885 0.0970269 0.0759673 0.232627 0.275099 0.274286 0.279131 0.27858 0.356696 0.393217 0.381948 0.482368 0.0313145 0.489183 0.490897 0.474186 0.571028 0.507138 0.474687 0.141252 0.60359 0.517735 0.622938 0.450389 0.54527 0.413389 0.576102 0.491216 0.591965 0.560622 0.766042 0.99917 0.965581 0.390976 0.946346 0.960055 0.985075 0.697669 0.457858 0.0978401 0.160396 0.416166 0.269153 0.129646 0.187052 -9999 -9999 -9999 -9999 -9999 -9999 -9999 -9999 -9999 -9999 -9999 -9999 -9999 -9999 -9999 -9999 -9999 -9999
0.402811 0.553326 0.631098 0.533378 0.598584 0.579867 0.594681 0.653601 0.425893 0.211035 0.25792 0.267001 0.273755 0.328758 0.283158 0.319506 0.355277 0.346712 0.396106 0.273371 0.49144 0.458724 0.540479 0.678479 0.644489 0.50197 0.584454 0.48602 0.198802 0.158849 0.627772 0.704636 0.726582 0.59041 0.712423 0.778562 0.761139 0.65168 0.531106 0.658511 0.485673 0.396381 0.937883 0.655172 0.435341 0.729897 0.143651 0.692179 0.767702 0.556035 0.172516 0.11296 0.0180458 -9999 -9999 -9999 -9999 -9999 -9999 -9999 -9999 -9999 -9999 -9999 -9999 -9999 -9999 -9999 -9999 -9999 -9999
0.440475 0.551707 0.54788 0.519627 0.565405 0.721701 0.160412 0.596092 0.131084 0.218491 0.269128 0.155821 0.265104 0.183598 0.293844 0.348886 0.36711 0.307946 0.264827 0.409262 0.13516 0.319087 0.489294 0.608297 0.616229 0.405105 0.359939 0.496248 0.0442924 0.136153 0.509531 0.612535 0.712248 0.713479 0.427036 0.649376 0.537615 0.559218 0.563225 0.469666 0.301611 0.410387 0.55165 0.330929 0.344351 0.221245 0.22176 0.557135 0.21534 0.304338 0.117341 0.183484 0.12643 -9999 -9999 -9999 -9999 -9999 -9999 -9999 -9999 -9999 -9999 -9999 -9999 -9999 -9999 -9999 -9999 -9999 -9999
0.386888 0.455628 0.545915 0.471805 0.627776 0.672394 0.203332 0.53092 0.236853 0.159377 0.259004 0.183147 0.144691 0.257925 0.27991 0.303417 0.457736 0.475793 0.42004 0.414671 0.341132 0.476454 0.256647 0.527563 0.548451 0.473905 0.421325 0.455408 0.578893 0.635475 0.548726 0.464234 0.263388 0.485054 0.335822 0.228999 0.572867 0.54956 0.516703 0.276971 0.388622 0.422905 0.476681 0.38656 0.010275 0.579204 0.795894 0.173926 0.627027 0.071886 0.111516 0.182036 0.158794 -9999 -9999 -9999 -9999 -9999 -9999 -9999 -9999 -9999 -9999 -9999 -9999 -9999 -9999 -9999 -9999 -9999 -9999
0.473294 0.437101 0.440035 0.116975 0.537791 0.585562 0.618709 0.679029 0.18417 0.161692 0.159962 0.267624 0.0961338 0.268168 0.346835 0.324399 0.481087 0.496239 0.458792 0.43706 0.321965 0.333537 0.513372 0.5151 0.472978 0.476553 0.484653 0.433222 0.547963 0.547017 0.515273 0.498302 0.456177 0.41735 0.356856 0.27983 0.344779 0.496452 0.430802 0.378936 0.18503 0.538581 0.333845 0.202079 0.24542 0.249498 0.78547 0.252718 0.152786 0.267308 0.161299 0.167126 0.16042 0.0676035 -9999 -9999 -9999 -9999 -9999 -9999 -9999 -9999 -9999 -9999 -9999 -9999 -9999 -9999 -9999 -9999 -9999
0.628117 0.605259 0.530989 0.693224 0.760989 0.671216 0.554945 0.0998554 0.17339 0.176942 0.163673 0.196628 0.141926 0.249735 0.362056 0.345212 0.419124 0.425245 0.355383 0.384342 0.30431 0.318434 0.134677 0.360842 0.492783 0.496055 0.487376 0.466468 0.128102 0.531898 0.518499 0.503533 0.500628 0.38469 0.235441 0.250164 0.338752 0.411702 0.312116 0.427593 0.438188 0.411146 0.146798 0.236131 0.219115 0.18788 0.0879755 0.242077 0.198644 0.115663 0.157716 0.129565 0.12511 0.0187191 -9999 -9999 -9999 -9999 -9999 -9999 -9999 -9999 -9999 -9999 -9999 -9999 -9999 -9999 -9999 -9999 -9999
0.632839 0.665345 0.478301 0.655409 0.658166 0.764782 0.797456 0.576272 0.661792 0.0115642 0.192215 0.166528 0.176965 0.142555 0.186505 0.21095 0.238659 0.351755 0.263298 0.274007 0.263285 0.35396 0.169394 0.3625 0.119267 0.497263 0.36586 0.266749 0.373968 0.17398 0.0638048 0.494848 0.447079 0.405916 0.353966 0.360144 0.245054 0.232021 0.0648651 0.0870135 0.920187 0.932116 0.196625 0.225494 0.688439 0.671657 0.311151 0.0931376 0.0695952 0.167795 0.177391 0.181046 0.1624 0.129254 -9999 -9999 -9999 -9999 -9999 -9999 -9999 -9999 -9999 -9999 -9999 -9999 -9999 -9999 -9999 -9999 -9999
0.63857 0.233809 0.67884 0.577789 0.514001 0.103972 0.120419 0.186615 0.691457 0.0602875 0.222304 0.230806 0.198748 0.180932 0.11101 0.0711953 0.198649 0.322211 0.267345 0.295891 0.306961 0.287644 0.246512 0.321344 0.296518 0.239293 0.405644 0.34418 0.426549 0.381808 0.369575 0.352976 0.431471 0.383466 0.310332 0.299836 0.34409 0.267224 0.172329 0.233777 0.481087 0.284752 0.304552 0.70944 0.470812 0.173266 0.252731 0.199783 0.127718 0.344675 0.37333 0.161264 0.121715 -9999 -9999 -9999 -9999 -9999 -9999 -9999 -9999 -9999 -9999 -9999 -9999 -9999 -9999 -9999 -9999 -9999 -9999
0.545174 0.495841 0.467942 0.482013 0.430131 0.51789 0.150823 0.167361 0.191438 0.181259 0.200481 0.254664 0.141201 0.176336 0.266022 0.282324 0.275958 0.209388 0.305094 0.275251 0.358355 0.245248 0.274119 0.286867 0.316433 0.32358 0.319355 0.394784 0.404226 0.341641 0.370361 0.403838 0.336538 0.25443 0.382867 0.432312 0.301167 0.434682 0.25264 0.186507 0.293367 0.176109 0.392177 0.295891 0.10858 0.254862 0.172035 0.239394 0.164527 0.319655 0.313414 0.215322 0.150973 -9999 -9999 -9999 -9999 -9999 -9999 -9999 -9999 -9999 -9999 -9999 -9999 -9999 -9999 -9999 -9999 -9999 -9999
0.36477 0.588362 0.457944 0.274009 0.31352 0.373531 0.573854 0.198372 0.184647 0.587558 0.180624 0.205171 0.155534 0.276371 0.839944 0.252065 0.272246 0.259659 0.282324 0.22133 0.556996 0.235543 0.249273 0.2887 0.294645 0.318915 0.349068 0.339855 0.255641 0.356107 0.212294 0.241603 0.303689 0.350739 0.518867 0.474316 0.390976 0.153175 0.255699 0.305231 0.432312 0.199071 0.201684 0.205613 0.172014 0.0965396 0.205431 0.192629 0.428309 0.263312 0.23803 0.457116 0.0792914 0.0754292 -9999 -9999 -9999 -9999 -9999 -9999 -9999 -9999 -9999 -9999 -9999 -9999 -9999 -9999 -9999 -9999 -9999
0.55467 0.420221 0.416971 0.228723 0.266164 0.466149 0.331863 0.651824 0.654213 0.340407 0.145834 0.201528 0.170836 0.122403 0.312659 0.0916903 0.0828532 0.303861 0.246852 0.246743 0.37896 0.202572 0.208239 0.221258 0.224035 0.200498 0.316544 0.19736 0.335591 0.343451 0.299581 0.284691 0.369826 0.512978 0.339032 0.316376 0.148809 0.252806 0.392462 0.362465 0.405595 0.213373 0.188672 0.181156 0.131678 0.0403629 0.299179 0.355437 0.195051 0.156732 0.290893 0.439618 0.444989 0.474667 0.384499 -9999 -9999 -9999 -9999 -9999 -9999 -9999 -9999 -9999 -9999 -9999 -9999 -9999 -9999 -9999 -9999
0.295492 0.4596 0.277504 0.349456 0.378935 0.469793 0.612544 0.575428 0.581866 0.654468 0.198423 0.752677 0.266347 0.872983 0.19089 0.312614 0.0797608 0.134832 0.238124 0.212128 0.206289 0.0462821 0.179215 0.175641 0.2509 0.226412 0.184549 0.126109 0.366499 0.261567 0.287318 0.347739 0.410208 0.314009 0.319404 0.332025 0.235838 0.19551 0.410353 0.358656 0.385678 0.249447 0.191827 0.292633 0.232456 0.311166 0.29071 0.208843 0.287095 0.35495 0.383811 0.0818539 0.461996 0.374784 0.144628 -9999 -9999 -9999 -9999 -9999 -9999 -9999 -9999 -9999 -9999 -9999 -9999 -9999 -9999 -9999 -9999
0.446111 0.307837 0.32917 0.338993 0.568493 0.485411 0.624042 0.465299 0.287396 0.51346 0.241986 0.102178 0.543108 0.936241 0.809135 0.235803 0.189124 0.160462 0.341074 0.167219 0.257388 0.176802 0.153266 0.178914 0.236794 0.237209 0.00812207 0.0666555 0.0800006 0.279777 0.295587 0.391148 0.363241 0.330045 0.280848 0.215136 0.176144 0.227896 0.098733 0.223678 0.169707 0.192502 0.239898 0.284012 0.296748 0.22825 0.323527 0.286918 0.293544 0.342513 0.30179 0.30095 0.227509 0.441542 0.451237 -9999 -9999 -9999 -9999 -9999 -9999 -9999 -9999 -9999 -9999 -9999 -9999 -9999 -9999 -9999 -9999
0.336461 0.377934 0.255658 0.330277 0.641727 0.570571 0.491905 0.601826 0.733592 0.92458 0.748899 0.497311 0.494379 0.452355 0.696593 0.961317 0.138358 0.154982 0.108296 0.163168 0.188438 0.195546 0.24829 0.248849 0.265477 0.249447 0.188478 0.312457 0.0634273 0.0394352 0.0474119 0.347912 0.335574 0.336012 0.205561 0.285137 0.197211 0.303808 0.212026 0.163741 0.178538 0.192734 0.145233 0.240119 0.3315 0.253299 0.307922 0.244172 0.352051 0.359593 0.396236 0.402494 0.287731 0.314285 0.19543 -9999 -9999 -9999 -9999 -9999 -9999 -9999 -9999 -9999 -9999 -9999 -9999 -9999 -9999 -9999 -9999
0.360052 0.0312451 0.228804 0.478097 0.396547 0.36874 0.49167 0.741877 0.51163 0.658476 0.819021 0.801907 0.669774 0.697492 0.634687 0.7049 0.735415 0.230723 0.211692 0.180144 0.235529 0.302521 0.193002 0.314516 0.162455 0.244686 0.16786 0.248616 0.0893499 0.203327 0.154747 0.37811 0.303236 0.149959 0.225516 0.214044 0.354039 0.23802 0.132369 0.161571 0.240612 0.244335 0.200791 0.269096 0.321783 0.349116 0.367992 0.283674 0.347523 0.281513 0.423308 0.215327 0.429849 0.497425 0.295487 0.292955 -9999 -9999 -9999 -9999 -9999 -9999 -9999 -9999 -9999 -9999 -9999 -9999 -9999 -9999 -9999
0.346876 0.265213 0.458636 0.385957 0.294599 0.453216 0.523169 0.525589 0.374506 0.582532 0.532036 0.751195 0.36005 0.566546 0.889496 0.688588 0.176114 0.151108 0.221555 0.250529 0.379961 0.299546 0.235798 0.232484 0.24891 0.305048 0.185331 0.0808895 0.0639566 0.298668 0.300441 0.130635 0.253906 0.222982 0.174627 0.282748 0.276323 0.19616 0.192768 0.179875 0.1997 0.164768 0.214069 0.233343 0.378872 0.394689 0.37042 0.253594 0.421305 0.385616 0.360644 0.102032 0.0694873 0.361276 0.440608 0.436685 -9999 -9999 -9999 -9999 -9999 -9999 -9999 -9999 -9999 -9999 -9999 -9999 -9999 -9999 -9999
0.377245 0.312864 0.394118 0.487997 0.612393 0.336167 0.423593 0.22289 0.298423 0.425243 0.17401 0.436775 0.335337 0.441207 0.609322 0.608961 0.775333 0.730146 0.247553 0.191935 0.17631 0.279452 0.226466 0.176899 0.240335 0.253669 0.224756 0.231616 0.239892 0.281425 0.129165 0.203595 0.245373 0.153897 0.24646 0.380714 0.204767 0.240713 0.252333 0.284873 0.125103 0.144268 0.213891 0.186739 0.453713 0.312866 0.34847 0.320908 0.255514 0.182018 0.119049 0.163127 0.0540041 0.0222837 0.282068 0.370185 0.185366 -9999 -9999 -9999 -9999 -9999 -9999 -9999 -9999 -9999 -9999 -9999 -9999 -9999 -9999
0.419562 0.284663 0.339984 0.187907 0.228621 0.22242 0.329616 0.214193 0.283412 0.300402 0.208639 0.570615 0.47774 0.352919 0.433823 0.669247 0.467586 0.429963 0.329794 0.312192 0.434932 0.458792 0.288992 0.202738 0.312614 0.252373 0.346766 0.244159 0.26019 0.206651 0.176162 0.310847 0.299886 0.257297 0.261927 0.219045 0.154371 0.24828 0.18901 0.110544 0.12905 0.240916 0.069906 0.370938 0.385969 0.232885 0.26259 0.281469 0.230851 0.430166 0.18142 0.337749 0.0545403 0.14479 0.412362 0.138914 0.253802 0.368198 -9999 -9999 -9999 -9999 -9999 -9999 -9999 -9999 -9999 -9999 -9999 -9999 -9999
0.173801 0.215983 0.145662 0.170691 0.1592 0.22516 0.23758 0.265908 0.509786 0.56276 0.487075 0.367266 0.39695 0.251575 0.280321 0.354445 0.588204 0.470564 0.409013 0.43706 0.52716 0.498785 0.209555 0.258411 0.349267 0.176516 0.343324 0.306248 0.203052 0.211147 0.415932 0.388757 0.287373 0.145877 0.274835 0.20376 0.204623 0.181057 0.176994 0.173544 0.168093 0.242328 0.194179 0.263933 0.239304 0.208559 0.209005 0.274341 0.228227 0.384171 0.281458 0.102219 0.331026 0.354185 0.121867 0.0847063 0.1919 -9999 -9999 -9999 -9999 -9999 -9999 -9999 -9999 -9999 -9999 -9999 -9999 -9999 -9999
0.184463 0.180899 0.10852 0.164932 0.20198 0.209961 0.181356 0.216295 0.286147 0.119539 0.423201 0.13013 0.220997 0.314561 0.257328 0.212147 0.320045 0.39896 0.346577 0.259614 0.352447 0.376787 0.366444 0.245188 0.0378346 0.174858 0.265107 0.174345 0.283819 0.132965 0.108711 0.246027 0.20655 0.235536 0.271753 0.337811 0.307979 0.163646 0.315488 0.299614 0.339494 0.304214 0.280846 0.405533 0.348738 0.217577 0.228015 0.220679 0.279323 0.392704 0.425074 0.373621 0.0429418 0.338096 0.378961 0.0823553 -9999 -9999 -9999 -9999 -9999 -9999 -9999 -9999 -9999 -9999 -9999 -9999 -9999 -9999 -9999
