disasters/re_fire.asc
ncols         768
nrows         589
xllcorner     124.299398925
yllcorner     32.893460211367
cellsize      0.010567299164062
NODATA_value  -9999
[rows 192 to 223 of 589, columns 426 to 496 of 768]
0.542716 0.624155 0.760907 0.637646 0.551892 0.574859 0.683627 0.145053 0.900824 0.915348 0.830032 0.4578 0.530577 0.73319 0.67469 0.669305 0.576286 0.796289 0.842514 0.565495 0.525097 0.549505 0.791763 0.533241 0.777542 0.429129 0.479939 0.377008 0.268894 0.377775 0.487266 0.450275 0.384162 0.34261 0.734526 0.417759 0.507557 0.537221 0.629167 0.380935 0.488623 0.688992 0.899923 0.890877 0.70225 0.784386 0.691217 0.658029 0.625928 0.189038 0.827995 0.876325 0.461547 0.66315 0.613025 -9999 -9999 -9999 -9999 -9999 -9999 -9999 -9999 -9999 -9999 -9999 -9999 -9999 -9999 -9999 -9999
0.513539 0.368356 0.432074 0.619566 0.638266 0.628025 0.631705 0.799438 0.92328 0.92328 0.227329 0.485091 0.54974 0.651051 0.582719 0.47557 0.343858 0.541528 0.582416 0.505784 0.523261 0.502465 0.403528 0.772346 0.784814 0.541167 0.365025 0.317295 0.329734 0.506065 0.428569 0.371166 0.462643 0.324976 0.449717 0.467906 0.558268 0.563213 0.781484 0.84049 0.388805 0.872427 0.864417 0.625562 0.892673 0.860234 0.790496 0.753486 0.782078 0.722171 0.939545 0.70052 0.709604 0.909467 0.613993 0.46642 -9999 -9999 -9999 -9999 -9999 -9999 -9999 -9999 -9999 -9999 -9999 -9999 -9999 -9999 -9999
0.708201 0.678625 0.506203 0.448335 0.680065 0.719934 0.769905 0.713758 0.907444 0.782713 0.642009 0.430722 0.595103 0.502633 0.581684 0.572433 0.51061 0.793855 0.815993 0.530264 0.786773 0.586066 0.680306 0.75777 0.589595 0.613499 0.49517 0.305862 0.404454 0.464924 0.375382 0.542629 0.483936 0.392697 0.460642 0.627034 0.655308 0.533284 0.296072 0.417842 0.294846 0.878012 0.793261 0.854156 0.865357 0.804433 0.519335 0.721658 0.696203 0.775733 0.734339 0.755527 0.55554 0.834812 0.764256 0.475042 0.67998 0.90643 -9999 -9999 -9999 -9999 -9999 -9999 -9999 -9999 -9999 -9999 -9999 -9999 -9999
0.44187 0.42356 0.676595 0.484373 0.500593 0.314497 0.483153 0.444495 0.550063 0.67173 0.604112 0.532124 0.572076 0.451156 0.5515 0.710816 0.720744 0.74001 0.665039 0.825666 0.78977 0.765599 0.622274 0.740103 0.504479 0.491591 0.289414 0.422757 0.416943 0.434231 0.462391 0.397152 0.454346 0.560317 0.479112 0.601907 0.637392 0.577545 0.546625 0.592059 0.502294 0.508012 0.8492 0.833904 0.916878 0.895689 0.456068 0.678475 0.757941 0.65747 0.845455 0.828892 0.706703 0.670436 0.889232 0.772007 0.75428 -9999 -9999 -9999 -9999 -9999 -9999 -9999 -9999 -9999 -9999 -9999 -9999 -9999 -9999
0.39617 0.436715 0.520159 0.53844 0.46446 0.420055 0.399435 0.379076 0.432574 0.52951 0.563701 0.530291 0.673598 0.690875 0.585418 0.324638 0.606814 0.668211 0.71142 0.654874 0.782831 0.460317 0.544913 0.640925 0.522061 0.429556 0.523794 0.41619 0.259648 0.36315 0.408526 0.485437 0.464727 0.400411 0.423943 0.646963 0.525291 0.579388 0.790053 0.113011 0.409516 0.858557 0.81827 0.881986 0.918393 0.9138 0.54749 0.689302 0.789565 0.756912 0.124046 0.626834 0.532681 0.719725 0.574428 0.931487 0.499133 -9999 -9999 -9999 -9999 -9999 -9999 -9999 -9999 -9999 -9999 -9999 -9999 -9999 -9999
0.323715 0.395293 0.388991 0.475003 0.464211 0.43935 0.598195 0.611703 0.617115 0.533356 0.371648 0.425948 0.510423 0.844334 0.696941 0.745773 0.548216 0.628466 0.861405 0.733829 0.563184 0.728327 0.689149 0.692475 0.782766 0.447293 0.369945 0.369786 0.506194 0.458763 0.311289 0.474398 0.577949 0.561109 0.487489 0.415897 0.858179 0.937019 0.73077 0.768778 0.810478 0.687988 0.875631 0.869836 0.877532 0.679791 0.439716 0.677357 0.92432 0.88512 0.696013 0.710467 0.868288 0.690576 0.899397 0.698888 0.170849 -9999 -9999 -9999 -9999 -9999 -9999 -9999 -9999 -9999 -9999 -9999 -9999 -9999 -9999
0.460492 0.401557 0.803164 0.824987 0.504735 0.305228 0.549235 0.4437 0.564674 0.702612 0.576865 0.784894 0.494982 0.753608 0.688927 0.696725 0.785673 0.692901 0.661421 0.64987 0.786963 0.653434 0.369185 0.69891 0.469206 0.766947 0.643575 0.603665 0.495875 0.481274 0.519747 0.698029 0.654918 0.513018 0.548555 0.343294 0.895819 0.725653 0.512294 0.629439 0.27219 0.568061 0.867483 0.892164 0.928499 0.716743 0.765571 0.81952 0.762251 0.633309 0.579574 0.684903 0.721019 0.817974 0.928996 0.259173 0.689884 -9999 -9999 -9999 -9999 -9999 -9999 -9999 -9999 -9999 -9999 -9999 -9999 -9999 -9999
0.567414 0.349711 0.400873 0.736908 0.901917 0.784956 0.83398 0.748648 0.592394 0.408468 0.614408 0.53919 0.713892 0.679489 0.692475 0.660127 0.799087 0.56189 0.6421 0.690593 0.659345 0.660039 0.892222 0.390781 0.510745 0.75334 0.517682 0.572182 0.542808 0.494001 0.517818 0.634952 0.431317 0.407641 0.627581 0.493099 0.907799 0.555695 0.706314 0.503209 0.679922 0.335942 0.884729 0.896283 0.762137 0.75966 0.941631 0.814538 0.691397 0.693005 0.691567 0.878705 0.695321 0.660406 0.819847 0.695807 0.730752 -9999 -9999 -9999 -9999 -9999 -9999 -9999 -9999 -9999 -9999 -9999 -9999 -9999 -9999
0.40517 0.4505 0.513135 0.679654 0.408116 0.857678 0.643319 0.684341 0.849235 0.616033 0.441516 0.46502 0.678995 0.659953 0.794978 0.738041 0.630716 0.866311 0.491069 0.889502 0.903489 0.784028 0.688992 0.595273 0.525929 0.865863 0.723486 0.434367 0.479769 0.5101 0.522936 0.653082 0.436642 0.815052 0.70774 0.612307 0.87208 0.859024 0.490383 0.665832 0.521589 0.0434826 0.863795 0.850244 0.656879 0.848406 0.86427 0.860633 0.656383 0.61138 0.6249 0.735919 0.854646 0.691492 0.775721 0.430347 0.701167 -9999 -9999 -9999 -9999 -9999 -9999 -9999 -9999 -9999 -9999 -9999 -9999 -9999 -9999
0.219234 0.280318 0.237131 0.400635 0.549894 0.154137 0.840055 0.8492 0.529184 0.841061 0.668519 0.433441 0.143599 0.609454 0.659851 0.573071 0.783712 0.550766 0.556232 0.650683 0.546612 0.555875 0.522658 0.756636 0.558554 0.552604 0.847246 0.694613 0.499575 0.485875 0.423411 0.811138 0.390865 0.0867521 0.400776 0.892045 0.400894 0.640972 0.599438 0.564302 0.677836 0.807675 0.891631 0.828388 0.779673 0.474336 0.881498 0.900451 0.624106 0.841472 0.859573 0.702812 0.796219 0.635285 0.749896 0.773698 0.930755 -9999 -9999 -9999 -9999 -9999 -9999 -9999 -9999 -9999 -9999 -9999 -9999 -9999 -9999
0.427775 0.193803 0.216852 0.337977 0.289269 0.601412 0.514012 0.512988 0.782417 0.864914 0.690987 0.460692 0.477569 0.746039 0.605837 0.553725 0.757953 0.61287 0.672464 0.795551 0.698219 0.617895 0.634498 0.608717 0.696743 0.753958 0.521044 0.75287 0.508304 0.427801 0.821689 0.406222 0.436302 0.464915 0.686085 0.849609 0.629161 0.845067 0.697857 0.677948 0.817584 0.776107 0.876109 0.827199 0.886627 0.898028 0.7928 0.723099 0.64295 0.412738 0.888887 0.902208 0.8027 0.857791 0.912944 0.604948 0.906599 -9999 -9999 -9999 -9999 -9999 -9999 -9999 -9999 -9999 -9999 -9999 -9999 -9999 -9999
0.35354 0.516768 0.2231 0.158741 0.141888 0.347646 0.184947 0.484153 0.535388 0.41861 0.717324 0.846655 0.543242 0.785247 0.808322 0.507497 0.553407 0.831913 0.718015 0.773509 0.857455 0.752614 0.650862 0.726163 0.666098 0.828639 0.830996 0.529784 0.872374 0.311926 0.471753 0.503262 0.496222 0.2107 0.77258 0.357304 0.883837 0.906566 0.734615 0.380012 0.512447 0.216511 0.841013 0.822269 0.867777 0.881637 0.865731 0.820581 0.825665 0.84606 0.908326 0.960051 0.564963 0.955131 0.963316 0.362774 0.897344 -9999 -9999 -9999 -9999 -9999 -9999 -9999 -9999 -9999 -9999 -9999 -9999 -9999 -9999
0.588204 0.33122 0.238379 0.458792 0.441105 0.316236 0.297856 0.598982 0.415623 0.5279 0.397377 0.596344 0.546057 0.774885 0.500114 0.544078 0.614263 0.884659 0.823323 0.450457 0.747495 0.581743 0.577828 0.750211 0.855424 0.831029 0.806149 0.810771 0.474652 0.627021 0.190565 0.557898 0.304943 0.238925 0.655064 0.829371 0.367665 0.686693 0.736823 0.315529 0.540408 0.350238 0.750254 0.80852 0.829148 0.805516 0.800862 0.89915 0.924408 0.886454 0.903026 0.90935 0.798082 0.934746 0.839137 0.958164 0.977796 -9999 -9999 -9999 -9999 -9999 -9999 -9999 -9999 -9999 -9999 -9999 -9999 -9999 -9999
0.589057 0.283357 0.285989 0.332638 0.41058 0.343186 0.465653 0.518746 0.420351 0.15611 0.616133 0.523107 0.54962 0.831107 0.67685 0.784656 0.494864 0.707565 0.641595 0.809022 0.791719 0.294498 0.577314 0.648471 0.68847 0.807417 0.490083 0.810242 0.185157 0.500841 0.631718 0.857294 0.506272 0.542055 0.511958 0.493179 0.810728 0.693614 0.561614 0.559904 0.485207 0.607293 0.598723 0.360718 0.831504 0.891604 0.950204 0.967594 0.95602 0.931168 0.929532 0.932916 0.932644 0.972885 0.973794 0.626605 0.378246 -9999 -9999 -9999 -9999 -9999 -9999 -9999 -9999 -9999 -9999 -9999 -9999 -9999 -9999
0.553147 0.524849 0.33835 0.334612 0.396884 0.34487 0.23599 0.371432 0.31898 0.450706 0.6519 0.270552 0.485218 0.601758 0.834165 0.714411 0.117395 0.604935 0.543748 0.874873 0.795993 0.72497 0.759035 0.602068 0.458788 0.651284 0.902605 0.53978 0.706601 0.873062 0.632883 0.562299 0.441064 0.389442 0.245902 0.424381 0.261652 0.501658 0.477015 0.282079 0.628477 0.717996 0.186961 0.91526 0.95576 0.830004 0.964286 0.817166 0.807983 0.8221 0.846271 0.876208 0.851222 0.9682 0.993502 0.933744 0.733472 0.198866 -9999 -9999 -9999 -9999 -9999 -9999 -9999 -9999 -9999 -9999 -9999 -9999 -9999
0.445137 0.464139 0.471345 0.281851 0.500597 0.454375 0.482565 0.441683 0.346464 0.544953 0.482087 0.656212 0.503779 0.690086 0.620479 0.727524 0.780266 0.673388 0.608019 0.886022 0.778527 0.600743 0.891882 0.728624 0.814489 0.867982 0.349604 0.638929 0.436657 0.635582 0.61496 0.365352 0.555176 0.645753 0.340345 0.360937 0.458244 0.28079 0.712218 0.524382 0.463537 0.665823 0.869008 0.858933 0.513793 0.772684 0.683394 0.775936 0.868302 0.661331 0.880847 0.757285 0.953762 0.976484 0.995733 0.910928 0.982102 0.982823 -9999 -9999 -9999 -9999 -9999 -9999 -9999 -9999 -9999 -9999 -9999 -9999 -9999
0.406188 0.492568 0.365632 0.473247 0.494277 0.369723 0.391554 0.336125 0.33658 0.0884742 0.596602 0.597731 0.64948 0.573996 0.677575 0.133525 0.716287 0.623882 0.80857 0.806977 0.815417 0.779185 0.699552 0.728997 0.694601 0.515121 0.758467 0.305941 0.699691 0.501242 0.689653 0.564271 0.835141 0.420454 0.0469534 0.608813 0.485251 0.448846 0.795083 0.14985 0.110561 0.105703 0.388308 0.366538 0.253245 0.643178 0.82582 0.876861 0.898112 0.859632 0.861685 0.936914 0.938879 0.974727 0.971249 0.90296 0.985963 -9999 -9999 -9999 -9999 -9999 -9999 -9999 -9999 -9999 -9999 -9999 -9999 -9999 -9999
0.23815 0.378955 0.228329 0.186911 0.0289255 0.131779 0.43727 0.136934 0.250712 0.473702 0.491736 0.398352 0.397539 0.697483 0.500721 0.753637 0.535403 0.26899 0.808622 0.823543 0.791924 0.754957 0.742062 0.6444 0.461102 0.637408 0.675029 0.756517 0.599147 0.707466 0.748206 0.609286 0.53836 0.517763 0.242515 0.55498 0.497455 0.492479 0.320166 0.469398 0.468634 0.119485 0.714371 0.294256 0.4906 0.796036 0.855338 0.916653 0.812653 0.856165 0.841379 0.815726 0.893782 0.912306 0.874896 0.949301 0.978636 0.989279 -9999 -9999 -9999 -9999 -9999 -9999 -9999 -9999 -9999 -9999 -9999 -9999 -9999
0.279105 0.26466 0.311156 0.223099 0.217887 0.417425 0.45696 0.388432 0.453858 0.423082 0.476442 0.441533 0.549481 0.528532 0.78464 0.49685 0.695049 0.699025 0.761501 0.795828 0.792863 0.507611 0.864319 0.608798 0.660116 0.530849 0.517448 0.741788 0.762016 0.557913 0.639326 0.302289 0.576875 0.25501 0.887165 0.443095 0.402201 0.405566 0.248503 0.184119 0.162469 0.15921 0.414036 0.756086 0.747375 0.716045 0.793341 0.870572 0.908053 0.942772 0.923846 0.851828 0.871365 0.907242 0.864396 0.98357 0.988645 -9999 -9999 -9999 -9999 -9999 -9999 -9999 -9999 -9999 -9999 -9999 -9999 -9999 -9999
0.0529873 0.380483 0.267137 0.453945 0.433157 0.398642 0.0433121 0.392265 0.441998 0.599575 0.459634 0.581659 0.653361 0.75519 0.668258 0.740481 0.867068 0.582509 0.519241 0.806009 0.787716 0.842632 0.676109 0.373119 0.521024 0.451987 0.625032 0.654712 0.337735 0.218769 0.431684 0.370577 0.247263 0.453673 0.373687 0.536238 0.292736 0.531643 0.356329 0.0543215 0.108924 0.269264 0.734328 0.636704 0.656307 0.848447 0.95574 0.983605 0.977139 0.853361 0.907413 0.830886 0.819346 0.951777 0.979067 0.986452 0.986705 -9999 -9999 -9999 -9999 -9999 -9999 -9999 -9999 -9999 -9999 -9999 -9999 -9999 -9999
0.240159 0.19706 0.422708 0.284188 0.37399 0.455354 0.359324 0.615807 0.582262 0.589946 0.446128 0.760988 0.460033 0.559699 0.535744 0.490836 0.656651 0.656652 0.854158 0.629033 0.892501 0.914796 0.54068 0.492963 0.75966 0.67825 0.559297 0.598891 0.418845 0.577854 0.24511 0.25568 0.141034 0.292968 0.667053 0.836275 0.750259 0.572804 0.26348 0.126204 0.160621 0.238549 0.472587 0.809585 0.793547 0.959006 0.912686 0.893233 0.810591 0.67682 0.875631 0.724789 0.921525 0.762249 0.867916 0.991971 0.928861 -9999 -9999 -9999 -9999 -9999 -9999 -9999 -9999 -9999 -9999 -9999 -9999 -9999 -9999
0.229734 0.0840382 0.4075 0.329079 0.406439 0.394838 0.175437 0.448147 0.265637 0.55052 0.51498 0.166459 0.513528 0.0741008 0.491828 0.583039 0.708659 0.702907 0.536088 0.793139 0.797525 0.876832 0.815939 0.624155 0.687839 0.630555 0.726226 0.560835 0.721994 0.42364 0.19111 0.17882 0.23777 0.330756 0.48067 0.593523 0.502175 0.593797 0.353434 0.0940278 0.130674 0.0652652 0.402301 0.77348 0.849452 0.924039 0.847258 0.722002 0.782369 0.873993 0.743323 0.718545 0.98287 0.948634 0.94174 0.906886 0.861651 0.855677 -9999 -9999 -9999 -9999 -9999 -9999 -9999 -9999 -9999 -9999 -9999 -9999 -9999
0.311694 0.364315 0.351853 0.340429 0.551728 0.556116 0.347579 0.562262 0.535671 0.677779 0.573817 0.380763 0.493602 0.517567 0.501824 0.656637 0.443081 0.64377 0.768797 0.780674 0.789819 0.792663 0.797573 0.659795 0.773381 0.448846 0.469892 0.247842 0.712659 0.451947 0.320537 0.266771 0.312251 0.646005 0.623807 0.838141 0.740108 0.752969 0.562602 0.309566 0.306847 0.210755 0.436807 0.908282 0.755494 0.807353 0.799981 0.841557 0.875111 0.711635 0.690781 0.684702 0.705424 0.952368 0.88633 0.678737 0.633037 0.462283 -9999 -9999 -9999 -9999 -9999 -9999 -9999 -9999 -9999 -9999 -9999 -9999 -9999
0.301193 0.332352 0.173283 0.17827 0.326541 0.213338 0.202657 0.28671 0.471693 0.652524 0.430823 0.495923 0.370982 0.388681 0.335095 0.366408 0.499477 0.280646 0.721332 0.585159 0.807353 0.685162 0.648974 0.918618 0.737693 0.570027 0.260735 0.235676 0.30352 0.187919 0.158088 0.555354 0.249488 0.470967 0.572983 0.663407 0.73864 0.745152 0.807041 0.280516 0.596003 0.57815 0.68468 0.554565 0.497749 0.658446 0.297604 0.861137 0.83336 0.571438 0.673771 0.520758 0.928229 0.941361 0.878459 0.71539 0.642142 0.555608 0.745087 -9999 -9999 -9999 -9999 -9999 -9999 -9999 -9999 -9999 -9999 -9999 -9999
0.204196 0.120427 0.36716 0.279863 0.184779 0.327898 0.27648 0.224384 0.384342 0.623319 0.598982 0.412918 0.496175 0.553005 0.295554 0.327078 0.412471 0.748386 0.653852 0.476138 0.393894 0.40517 0.663845 0.688106 0.369635 0.267769 0.338885 0.210563 0.238878 0.299568 0.29154 0.298802 0.162835 0.375174 0.237527 0.176714 0.276668 0.361409 0.347893 0.46519 0.24872 0.231936 0.718319 0.118032 0.420189 0.615805 0.761736 0.724645 0.653684 0.796709 0.714621 0.781835 0.951078 0.881336 0.644149 0.713348 0.8894 0.900414 0.937161 0.368708 -9999 -9999 -9999 -9999 -9999 -9999 -9999 -9999 -9999 -9999 -9999
0.203927 0.160998 0.281522 0.310674 0.18337 0.229043 0.18492 0.452699 0.461243 0.566763 0.26905 0.0955875 0.199493 0.213184 0.365816 0.136842 0.404648 0.556039 0.648795 0.404599 0.434401 0.370123 0.499576 0.513925 0.439793 0.0930716 0.308308 0.349609 0.316575 0.505888 0.439821 0.401582 0.610339 0.734795 0.356149 0.364675 0.391522 0.560773 0.418445 0.584469 0.220701 0.261498 0.828361 0.735927 0.685814 0.674381 0.921371 0.896464 0.759227 0.441774 0.658369 0.835949 0.922833 0.684963 0.663248 0.711533 0.912366 0.836986 0.654415 0.581184 -9999 -9999 -9999 -9999 -9999 -9999 -9999 -9999 -9999 -9999 -9999
0.25499 0.250365 0.220585 0.308837 0.212555 0.185373 0.170546 0.291077 0.456349 0.471112 0.394851 0.00676705 0.0921283 0.347422 0.332025 0.206186 0.361672 0.532858 0.504157 0.386348 0.342748 0.345917 0.465238 0.706748 0.335684 0.145261 0.133429 0.118502 0.20063 0.312192 0.18442 0.454903 0.789696 0.771981 0.2893 0.695589 0.762707 0.527966 0.670051 0.595746 0.174331 0.176004 0.780417 0.373171 0.510943 0.635912 0.857845 0.891935 0.723272 0.780046 0.674548 0.822412 0.215447 0.88265 0.541708 0.592708 0.919182 0.891571 0.828032 0.848165 0.9658 -9999 -9999 -9999 -9999 -9999 -9999 -9999 -9999 -9999 -9999
0.303394 0.0983085 0.238719 0.295891 0.29227 0.22076 0.153392 0.246368 0.382839 0.365547 0.363696 0.177998 0.144513 0.243419 0.181784 0.293285 0.287041 0.4759 0.438616 0.472638 0.476268 0.570608 0.53392 0.730286 0.274493 0.572106 0.39703 0.190695 0.257462 0.250182 0.221894 0.462038 0.259634 0.824949 0.427525 0.799981 0.783566 0.827779 0.714235 0.876986 0.830251 0.628973 0.42086 0.53521 0.744002 0.476067 0.458136 0.64392 0.887111 0.851839 0.832642 0.544653 0.937294 0.774604 0.585836 0.573025 0.841276 0.554845 0.167575 0.678216 0.989978 -9999 -9999 -9999 -9999 -9999 -9999 -9999 -9999 -9999 -9999
0.245009 0.251196 0.234203 0.19737 0.304903 0.371299 0.34409 0.165789 0.369171 0.602764 0.33974 0.210882 0.162846 0.107314 0.339941 0.354436 0.577065 0.486631 0.407077 0.481309 0.359064 0.078108 0.268335 0.716962 0.296745 0.16778 0.182994 0.29367 0.706748 0.377566 0.212444 0.276635 0.35879 0.836298 0.831917 0.789123 0.708145 0.792665 0.822744 0.837295 0.839314 0.914567 0.713619 0.742062 0.591802 0.522549 0.470555 0.760448 0.768648 0.721114 0.779339 0.777493 0.901996 0.736678 0.603337 0.624139 0.802708 0.664951 0.492606 0.248173 0.897254 -9999 -9999 -9999 -9999 -9999 -9999 -9999 -9999 -9999 -9999
0.278839 0.186427 0.231933 0.199295 0.293585 0.153239 0.337546 0.375411 0.468634 0.690781 0.403214 0.297068 0.0723344 0.297476 0.20225 0.244111 0.459218 0.314461 0.388098 0.387959 0.274466 0.263432 0.59217 0.33644 0.737301 0.656945 0.180504 0.404556 0.42166 0.348787 0.336979 0.645616 0.668965 0.834407 0.880304 0.739463 0.83543 0.804639 0.81276 0.636017 0.916976 0.806191 0.444059 0.39447 0.386938 0.471205 0.543773 0.835847 0.60011 0.625245 0.859058 0.841101 0.86531 0.547563 0.292339 0.664101 0.72706 0.552836 0.583886 0.543095 0.640847 0.521575 -9999 -9999 -9999 -9999 -9999 -9999 -9999 -9999 -9999
0.23978 0.213254 0.283641 0.273098 0.324072 0.292282 0.344057 0.353498 0.544908 0.67469 0.428874 0.183595 0.222874 0.281519 0.193145 0.222284 0.273417 0.0953489 0.417054 0.452056 0.460597 0.459716 0.524135 0.690486 0.76752 0.776027 0.796153 0.845009 0.419237 0.598044 0.487425 0.321624 0.584593 0.775829 0.844339 0.732749 0.721398 0.657514 0.787795 0.780963 0.907486 0.810524 0.329314 0.516276 0.321862 0.326068 0.471423 0.783461 0.704097 0.877532 0.815913 0.900725 0.732408 0.668101 0.886023 0.700959 0.665426 0.660656 0.580933 0.541404 0.701953 0.796143 -9999 -9999 -9999 -9999 -9999 -9999 -9999 -9999 -9999
0.213237 0.108197 0.235882 0.30331 0.441884 0.421664 0.387321 0.386778 0.487506 0.585913 0.445409 0.34547 0.271284 0.234176 0.358696 0.348755 0.184401 0.0336224 0.414136 0.414493 0.319664 0.335867 0.137584 0.669106 0.761983 0.813062 0.822618 0.826472 0.334888 0.782419 0.813395 0.742062 0.65156 0.835538 0.80011 0.775056 0.545096 0.827351 0.774007 0.767226 0.825743 0.659418 0.391594 0.326654 0.481281 0.399483 0.455885 0.751003 0.433732 0.920502 0.840967 0.920049 0.924715 0.910315 0.590433 0.928169 0.807748 0.500742 0.556801 0.617627 0.934615 0.896974 -9999 -9999 -9999 -9999 -9999 -9999 -9999 -9999 -9999
