disasters/re_heat_pop.asc
ncols         768
nrows         589
xllcorner     124.299398925
yllcorner     32.893460211367
cellsize      0.010567299164062
NODATA_value  -9999
[rows 320 to 351 of 589, columns 426 to 496 of 768]
0.0670174 0.0755592 0.0762881 0.0717549 0.0629216 0.0663183 0.0771027 0.0829937 0.0743041 0.0768283 0.0802966 0.0730181 0.0708231 0.0769277 0.0799396 0.0753963 0.0763023 0.125742 0.127712 0.11802 0.123321 0.126269 0.128147 0.132378 0.12592 0.12819 0.114199 0.111617 0.113875 0.124404 0.138377 0.14084 0.133787 0.144891 0.1479 0.155152 0.163856 0.162913 0.160302 0.161709 0.163279 0.162038 0.149947 0.125088 0.117145 0.129248 0.147724 0.158559 0.16447 0.160432 0.162793 0.158799 0.147796 0.133291 0.113233 0.105172 0.113548 0.118471 0.118291 0.121211 0.118882 0.116526 0.11842 -9999 -9999 -9999 -9999 -9999 -9999 -9999 -9999
0.062563 0.0766687 0.082336 0.06631 0.0657839 0.0714057 0.0769959 0.0778868 0.0801058 0.0776913 0.0779762 0.0754545 0.0792249 0.0823533 0.0787956 0.0708676 0.0659682 0.0665191 0.109808 0.1224 0.133335 0.140492 0.131467 0.123297 0.119377 0.135858 0.114973 0.110317 0.113202 0.129377 0.142669 0.130758 0.111434 0.127478 0.145903 0.148738 0.159727 0.155536 0.153863 0.159259 0.161454 0.155004 0.155751 0.136577 0.129865 0.138961 0.150475 0.15786 0.163694 0.164573 0.165823 0.163854 0.15466 0.137504 0.118756 0.110255 0.114194 0.119684 0.118779 0.121024 0.115336 0.11596 0.122143 -9999 -9999 -9999 -9999 -9999 -9999 -9999 -9999
0.0886936 0.0899071 0.0875341 0.0821864 0.0758499 0.0685446 0.064536 0.060886 0.0752297 0.0822437 0.0710769 0.0850266 0.0852601 0.0721048 0.0649447 0.0700538 0.0787927 0.0757709 0.0766566 0.135106 0.125857 0.137288 0.129616 0.120141 0.115648 0.130862 0.0999021 0.113476 0.121947 0.144279 0.15771 0.156288 0.164437 0.174749 0.17254 0.172424 0.182323 0.183402 0.185574 0.19281 0.196111 0.155579 0.144133 0.133299 0.137645 0.144857 0.143438 0.146216 0.154894 0.157685 0.170146 0.169957 0.151745 0.117416 0.110312 0.108703 0.111418 0.120095 0.117651 0.120019 0.118144 0.115851 0.114473 -9999 -9999 -9999 -9999 -9999 -9999 -9999 -9999
0.0796424 0.0818283 0.0911713 0.0806607 0.084187 0.0679412 0.0579331 0.0685192 0.0745403 0.0835891 0.0762718 0.0850181 0.0845698 0.0756904 0.0692414 0.0664488 0.0693188 0.0768353 0.0703798 0.0619328 0.113616 0.114878 0.123513 0.110798 0.0937407 0.115019 0.120781 0.146549 0.121677 0.136918 0.165 0.172642 0.160731 0.146314 0.140066 0.18032 0.189018 0.18364 0.183388 0.188183 0.195295 0.193079 0.167465 0.126177 0.111382 0.128468 0.136233 0.139792 0.149639 0.160538 0.168833 0.173201 0.154611 0.137257 0.117463 0.110579 0.113108 0.11767 0.118911 0.121136 0.118685 0.119847 0.116467 -9999 -9999 -9999 -9999 -9999 -9999 -9999 -9999
0.0769931 0.0850921 0.0817674 0.0804723 0.0888005 0.0787872 0.0576842 0.0738651 0.0696704 0.0836527 0.0834446 0.0835771 0.0733642 0.0728138 0.0712225 0.0680256 0.0680521 0.0727788 0.0720653 0.0621461 0.0539968 0.0553365 0.0590166 0.10241 0.0985467 0.144061 0.131934 0.140104 0.137309 0.128767 0.147228 0.167823 0.155347 0.1419 0.175977 0.184684 0.185104 0.179641 0.17903 0.185595 0.192221 0.192105 0.165692 0.122259 0.0958121 0.113625 0.131444 0.138257 0.147083 0.160416 0.165993 0.169638 0.158794 0.149568 0.126552 0.119639 0.118662 0.118843 0.120541 0.116549 0.117899 -9999 -9999 -9999 -9999 -9999 -9999 -9999 -9999 -9999 -9999
0.0832432 0.071095 0.0663142 0.0689803 0.0750265 0.0829359 0.0733615 0.0828411 0.0775977 0.0809233 0.0834776 0.0786688 0.0755082 0.0708624 0.0631103 0.065814 0.0695306 0.0667146 0.0682381 0.0651594 0.0619752 0.0646305 0.0572617 0.0931749 0.0939265 0.132496 0.127967 0.124044 0.130777 0.116454 0.126275 0.145117 0.154738 0.150962 0.149764 0.170322 0.187903 0.186753 0.184079 0.183854 0.182487 0.183732 0.156895 0.122363 0.102942 0.11841 0.138032 0.148087 0.154048 0.159909 0.164411 0.170731 0.428985 0.404729 0.126136 0.117289 0.117316 0.118443 0.117879 0.117858 0.122301 -9999 -9999 -9999 -9999 -9999 -9999 -9999 -9999 -9999 -9999
0.08723 0.0752008 0.0621067 0.0604 0.0580604 0.0776039 0.0883161 0.0908665 0.088863 0.0874227 0.0847419 0.0838482 0.0830508 0.0786647 0.0702758 0.0715571 0.0717943 0.063544 0.0596181 0.0666233 0.0669697 0.0669557 0.051207 0.0915861 0.0927248 0.130288 0.12129 0.135317 0.138322 0.114608 0.117234 0.131317 0.140406 0.142906 0.144786 0.169752 0.188651 0.198099 0.188123 0.184334 0.182646 0.181596 0.148988 0.103679 0.109965 0.128166 0.142154 0.149663 0.158447 0.163852 0.433513 0.436213 0.434296 0.407485 0.362153 0.330913 0.321999 0.118061 0.120021 0.118075 -9999 -9999 -9999 -9999 -9999 -9999 -9999 -9999 -9999 -9999 -9999
0.0834383 0.0707987 0.0633571 0.0644853 0.0668844 0.0789226 0.0922991 0.0842855 0.0862189 0.0846641 0.0867202 0.0841578 0.0777377 0.073531 0.0703987 0.0699738 0.0713466 0.0661849 0.0550597 0.0518402 0.0676188 0.0668418 0.0553603 0.0487102 0.0927933 0.127715 0.125396 0.13258 0.134468 0.11964 0.121806 0.14228 0.147488 0.145437 0.162367 0.180885 0.190919 0.19265 0.197058 0.193809 0.182477 0.173675 0.162874 0.116671 0.11224 0.13811 0.144463 0.410533 0.4167 0.417989 0.418207 0.414779 0.419535 0.40257 0.383587 0.351863 0.328013 0.326845 0.330889 0.327192 -9999 -9999 -9999 -9999 -9999 -9999 -9999 -9999 -9999 -9999 -9999
0.0705907 0.0645596 0.0655069 0.072633 0.0940469 0.0954749 0.0934732 0.0819299 0.0838659 0.0836982 0.0837588 0.0786385 0.0745043 0.0679687 0.0657351 0.0624519 0.0621199 0.0661928 0.066096 0.0572418 0.0588433 0.0484332 0.0524912 0.0541118 0.114954 0.104541 0.13067 0.114949 0.114571 0.116374 0.135631 0.149212 0.160314 0.16567 0.16859 0.180093 0.189237 0.197242 0.195872 0.184179 0.181965 0.180999 0.171052 0.156493 0.161841 0.16651 0.145861 0.407861 0.40616 0.403278 0.407057 0.409559 0.408072 0.404576 0.390905 0.371604 0.334491 0.327059 0.334083 0.336774 -9999 -9999 -9999 -9999 -9999 -9999 -9999 -9999 -9999 -9999 -9999
0.0659102 0.0615445 0.0660562 0.0808616 0.0989844 0.098278 0.0955213 0.0767304 0.0732258 -9999 -9999 0.138032 0.0606277 0.0589183 0.0563243 0.0547356 0.0608612 0.0659778 0.0676998 0.0708462 0.0601685 0.117828 0.0472874 0.113775 0.115283 0.138294 0.124159 0.114635 0.11295 0.12451 0.153794 0.167118 0.162037 0.167359 0.184501 0.191615 0.184295 0.192419 0.186013 0.158362 0.167819 0.179863 0.166841 0.164064 0.174681 0.162843 0.176804 0.41419 0.409452 0.407737 0.410938 0.409085 0.404372 0.408411 0.403662 0.388099 0.34159 0.326808 0.334383 0.335818 -9999 -9999 -9999 -9999 -9999 -9999 -9999 -9999 -9999 -9999 -9999
0.071566 0.0691918 0.072099 0.0906406 0.0955602 0.0951521 0.0949337 0.152395 0.135971 0.135486 0.138028 0.134534 0.126324 0.110769 0.0520496 0.0538207 0.0596875 0.0604586 0.0589329 0.0591791 0.115911 0.111217 0.113844 0.129714 0.140935 0.159011 0.148041 0.145707 0.12636 0.138134 0.151854 0.173616 0.183152 0.185376 0.190981 0.19477 0.187926 0.190508 0.178514 0.163791 0.161213 0.170399 0.151854 0.153312 0.179784 0.174937 0.181314 0.427504 0.409145 0.40969 0.41679 0.409713 0.402606 0.409763 0.403075 0.388232 0.340959 0.317423 0.32163 0.323594 -9999 -9999 -9999 -9999 -9999 -9999 -9999 -9999 -9999 -9999 -9999
0.0782604 0.0835014 0.0836862 0.0860964 0.0950437 0.0903198 0.0887992 0.158898 0.145326 0.14124 0.141673 0.128203 0.122464 0.131458 0.125796 0.0553501 0.0523957 0.0548773 0.0573172 0.10742 0.0973181 0.114446 0.140362 0.157658 0.168752 0.180679 0.181 0.171366 0.144943 0.146278 0.163342 0.179665 0.183366 0.189497 0.19582 0.199275 0.197943 0.190288 0.172246 0.174886 0.168659 0.171353 0.162922 0.17162 0.175656 0.186733 0.1883 0.419305 0.409307 0.414022 0.429437 0.425158 0.402623 0.394269 0.39432 0.381964 0.35567 0.330071 0.323131 0.322497 -9999 -9999 -9999 -9999 -9999 -9999 -9999 -9999 -9999 -9999 -9999
0.072921 0.0776872 0.0918524 0.0939952 0.0933335 0.0911838 0.174245 0.154664 0.158969 0.1613 0.162377 0.154637 0.151236 0.165641 0.139554 0.113187 0.109179 0.107797 0.103126 0.0976981 0.0964587 0.115393 0.13126 0.145965 0.165701 0.166211 0.180351 0.185764 0.172265 0.168497 0.17079 0.186558 0.190723 0.194113 0.197649 0.197267 0.19479 0.188909 0.175715 0.179638 0.162117 0.167054 0.178524 0.174164 0.172618 0.17827 0.184551 0.422062 0.401323 0.406919 0.412855 0.406962 0.401617 0.404383 0.403731 0.390677 0.366756 0.349373 0.331861 0.32925 -9999 -9999 -9999 -9999 -9999 -9999 -9999 -9999 -9999 -9999 -9999
0.0726021 0.0730993 0.172996 0.187196 0.0861581 0.172983 0.167869 0.172103 0.180259 0.186692 0.189661 0.182349 0.172272 0.167554 0.160182 0.142892 0.140415 0.13409 0.113669 0.106345 0.116714 0.128415 0.138722 0.141983 0.152017 0.174174 0.188302 0.194948 0.194171 0.192418 0.195319 0.19567 0.197228 0.199231 0.196179 0.188426 0.18324 0.186849 0.188043 0.178742 0.169022 0.17209 0.182668 0.183337 0.184559 0.18004 0.418967 0.419898 0.396803 0.919787 0.406811 0.923537 0.39314 0.397426 0.397079 0.396106 0.371652 0.356695 0.327021 0.321653 0.335823 -9999 -9999 -9999 -9999 -9999 -9999 -9999 -9999 -9999 -9999
0.164588 0.177015 0.190962 0.195517 0.188732 0.176503 0.157378 0.190107 0.198353 0.197501 0.187591 0.168146 0.151145 0.149417 0.150118 0.158072 0.162485 0.154033 0.128512 0.122431 0.137876 0.150731 0.136987 0.147523 0.131346 0.172092 0.188982 0.196767 0.200232 0.198216 0.202027 0.201429 0.201087 0.199488 0.196604 0.191091 0.184703 0.183532 0.190899 0.179348 0.174672 0.175495 0.186281 0.933575 0.932474 0.189057 0.938474 0.929267 0.925896 0.926383 0.928747 0.925114 0.399693 0.406159 0.406779 0.393922 0.367792 0.352282 0.307655 0.312545 0.328392 -9999 -9999 -9999 -9999 -9999 -9999 -9999 -9999 -9999 -9999
0.186267 0.190813 0.184796 0.171854 0.167584 0.169055 0.159703 0.196173 0.20169 0.195166 0.179897 0.15918 0.14473 0.148128 0.143013 0.156201 0.159286 0.154964 0.146998 0.161125 0.147742 0.12895 0.124272 0.137997 0.132957 0.161768 0.174457 0.191982 0.200237 0.202023 0.196526 0.191479 0.201961 0.195602 0.188091 0.184184 0.182248 0.181473 0.184086 0.188324 0.184705 0.180647 0.190258 0.934987 0.936513 0.940604 0.937101 0.933987 0.929874 0.926703 0.925712 0.927213 0.408731 0.407971 0.406724 0.395374 0.370669 0.353542 0.332018 0.319866 -9999 -9999 -9999 -9999 -9999 -9999 -9999 -9999 -9999 -9999 -9999
0.195469 0.189698 0.174205 0.160496 0.15272 0.149446 0.16338 0.200604 0.202239 0.19908 0.18487 0.167022 0.154269 0.146133 0.138236 0.150588 0.140328 0.130848 0.142539 0.136812 0.133887 0.134429 0.139599 0.137955 0.129497 0.165791 0.172605 0.184188 0.194155 0.191664 0.199084 0.199415 0.203649 0.194347 0.18389 0.178398 0.17739 0.180413 0.187799 0.197808 0.19089 0.189571 0.192872 0.936051 0.938729 0.938496 0.928944 0.932789 0.931382 0.931719 0.932912 0.935181 0.417839 0.409811 0.401966 0.392232 0.374776 0.366977 0.344712 0.331205 -9999 -9999 -9999 -9999 -9999 -9999 -9999 -9999 -9999 -9999 -9999
0.192738 0.185219 0.181799 0.17446 0.164671 0.161344 0.158997 0.179968 0.17621 0.181821 0.172159 0.162576 0.155173 0.143205 0.141237 0.131741 0.146647 0.129701 0.126716 0.12736 0.135155 0.149098 0.151227 0.137455 0.126062 0.167674 0.177157 0.182896 0.189504 0.1902 0.187659 0.197191 0.199824 0.192697 0.18478 0.181455 0.179948 0.182841 0.188615 0.188103 0.183604 0.191597 0.197042 0.856143 0.942265 0.939004 0.933613 0.936118 0.937205 0.939896 0.939384 0.938505 0.422169 0.416529 0.408064 0.395035 0.385109 0.370256 0.775215 0.735136 0.724819 -9999 -9999 -9999 -9999 -9999 -9999 -9999 -9999 -9999 -9999
0.18349 0.168869 0.165489 0.16269 0.156206 0.151352 0.157632 0.178301 0.149672 0.143569 0.136431 0.139774 0.146729 0.146409 0.146743 0.11036 0.126494 0.116866 0.101366 0.122082 0.138452 0.15372 0.157516 0.139933 0.127214 0.148708 0.161137 0.17179 0.179924 0.184235 0.186642 0.192422 0.19239 0.190778 0.186571 0.18468 0.185751 0.190268 0.194435 0.188902 0.17973 0.186781 0.849964 0.855335 0.866575 0.858461 0.864019 0.861449 0.861337 0.859278 0.85827 -9999 0.84957 0.417888 0.407932 0.396253 0.388198 0.369793 0.77707 0.728762 -9999 -9999 -9999 -9999 -9999 -9999 -9999 -9999 -9999 -9999 -9999
0.181515 0.172077 0.170847 0.159728 0.154971 0.16547 0.17577 0.164016 0.16106 0.155691 0.146305 0.145909 0.157251 0.160159 0.141328 0.135122 0.140636 0.131069 0.114549 0.131669 0.142051 0.152862 0.15556 0.144935 0.132025 0.133222 0.148011 0.164517 0.176519 0.183074 0.188665 0.191145 0.189284 0.185421 0.182632 0.18451 0.188376 0.189167 0.185772 0.178722 0.163457 0.152839 0.801574 0.833433 0.859936 0.861287 0.865628 0.861784 0.861237 0.858128 0.862421 0.860506 -9999 -9999 -9999 -9999 0.380886 0.369756 0.769639 0.727164 -9999 -9999 -9999 -9999 -9999 -9999 -9999 -9999 -9999 -9999 -9999
0.179706 0.178831 0.169558 0.168751 0.165962 0.166169 0.177008 0.172239 0.175539 0.17706 0.169434 0.163955 0.170361 0.169626 0.146311 0.128152 0.136989 0.134221 0.173871 0.17053 0.1853 0.192232 0.185064 0.179684 0.137415 0.134897 0.152712 0.171657 0.180353 0.183034 0.184763 0.184389 0.182754 0.180207 0.182891 0.186451 0.186004 0.187486 0.187912 0.186665 0.180514 0.156054 0.181517 0.183193 0.185929 0.18441 0.834471 0.851013 0.845959 0.823958 0.838496 0.840338 0.835838 0.843409 -9999 -9999 -9999 -9999 -9999 0.746322 -9999 -9999 -9999 -9999 -9999 -9999 -9999 -9999 -9999 -9999 -9999
0.185206 0.175759 0.176609 0.172452 0.17582 0.17686 0.17689 0.169429 0.179105 0.17365 0.150996 0.154282 0.170115 0.167355 0.147771 0.187678 0.168979 0.171341 0.166968 0.180054 0.195498 0.187524 0.171462 0.161699 0.152796 0.1772 0.16575 0.177155 0.180924 0.181123 0.181212 0.181993 0.181697 0.183444 0.183691 0.185733 0.182218 0.185266 0.188126 0.187289 0.180376 0.162017 0.184695 0.185666 0.188694 0.1927 0.850324 0.847784 0.835072 0.847556 0.851658 0.840975 -9999 -9999 -9999 -9999 -9999 -9999 -9999 -9999 -9999 -9999 -9999 -9999 -9999 -9999 -9999 -9999 -9999 -9999 -9999
0.186577 0.184456 0.185238 0.182317 0.183067 0.18054 0.174722 0.157056 0.166887 0.174574 0.15745 0.145843 0.156311 0.162223 0.147473 0.183482 0.179576 0.173125 0.178846 0.192018 0.190339 0.174858 0.155955 0.150724 0.168234 0.203597 0.211068 0.214581 0.217631 0.184626 0.185083 0.184617 0.182732 0.182696 0.18131 0.181948 0.181519 0.182798 0.186152 0.183928 0.179311 0.181183 0.173106 0.179924 0.18285 0.191773 0.187059 0.169717 0.829727 0.819014 0.800688 0.817658 -9999 -9999 -9999 -9999 -9999 -9999 -9999 -9999 -9999 -9999 -9999 -9999 -9999 -9999 -9999 -9999 -9999 -9999 -9999
0.173978 0.176585 0.180003 0.174099 0.172365 0.173353 0.175204 0.157612 0.164205 0.169879 0.16905 0.156206 0.153742 0.157647 0.155861 0.203524 0.192895 0.187687 0.199946 0.209822 0.198969 0.181523 0.168671 0.171179 0.190268 0.214233 0.216298 0.213209 0.225243 0.188084 0.182328 0.178977 0.176361 0.17648 0.178968 0.178684 0.175685 0.17854 0.182149 0.180576 0.178791 0.183771 0.165386 0.173183 0.178746 0.191601 0.183117 0.15849 0.157477 0.124013 0.627079 0.648678 0.734219 -9999 -9999 -9999 -9999 -9999 -9999 -9999 -9999 -9999 -9999 -9999 -9999 -9999 -9999 -9999 -9999 -9999 -9999
0.178467 0.157988 0.178521 0.166547 0.152365 0.159822 0.172109 0.154708 0.153218 0.153196 0.167769 0.161436 0.148487 0.15234 0.160419 0.153959 0.193314 0.185582 0.207185 0.202172 0.183124 0.171579 0.174701 0.188505 0.202235 0.214002 0.204547 0.217288 0.22775 0.224229 0.179178 0.172571 0.16861 0.164891 0.165828 0.170091 0.175452 0.179133 0.178509 0.175005 0.176923 0.183583 0.172922 0.179409 0.180306 0.189928 0.1908 0.176506 0.127336 0.109884 -9999 -9999 0.675922 0.789948 -9999 -9999 -9999 -9999 -9999 -9999 -9999 -9999 -9999 -9999 -9999 -9999 -9999 -9999 -9999 -9999 -9999
0.170595 0.161036 0.150616 0.153731 0.149528 0.159608 0.163611 0.157984 0.150815 0.141421 0.161144 0.147745 0.137666 0.145497 0.150261 0.206278 0.208286 0.196703 0.211534 0.195143 0.176045 0.179297 0.189121 0.198234 0.198301 0.200136 0.211695 0.219065 0.226771 0.224969 0.177559 0.1605 0.153429 0.160457 0.160223 0.175168 0.176252 0.182726 0.180977 0.176042 0.177343 0.183777 0.181073 0.190005 0.190869 0.194785 0.187898 0.178417 0.151641 0.140023 -9999 0.139295 -9999 -9999 -9999 -9999 -9999 -9999 -9999 -9999 -9999 -9999 -9999 -9999 -9999 -9999 -9999 -9999 -9999 -9999 -9999
0.179786 0.172482 0.178907 0.174897 0.169072 0.148544 0.136214 0.142831 0.153543 0.14447 0.149732 0.144601 0.13712 0.186253 0.183065 0.184858 0.198816 0.208302 0.195486 0.180233 0.183924 0.198869 0.209074 0.209682 0.206884 0.198396 0.215318 0.223448 0.230037 0.222367 0.213155 0.166579 0.156416 0.15625 0.162837 0.173075 0.181228 0.185241 0.180318 0.179616 0.185049 0.187502 0.172166 0.180441 0.192836 0.19142 0.188377 0.161384 0.163332 0.18399 0.182787 -9999 -9999 -9999 -9999 -9999 -9999 -9999 -9999 -9999 -9999 -9999 -9999 -9999 -9999 -9999 -9999 -9999 -9999 -9999 -9999
0.184159 0.18237 0.182463 0.169665 0.162232 0.154767 0.150349 0.140727 0.142967 0.143354 0.190284 0.189034 0.184882 0.182279 0.185976 0.188648 0.194674 0.207455 0.190563 0.175974 0.187655 0.2018 0.212009 0.216088 0.219805 0.210251 0.221494 0.236194 0.228713 0.216562 0.21416 0.209166 0.199885 0.163429 0.166797 0.178883 0.181551 0.188073 0.181492 0.187251 0.188021 0.18261 0.169629 0.171609 0.170708 0.175538 0.178224 0.185837 0.180173 0.188825 0.182527 -9999 -9999 -9999 -9999 -9999 -9999 -9999 -9999 -9999 -9999 -9999 -9999 -9999 -9999 -9999 -9999 -9999 -9999 -9999 -9999
0.188419 0.183665 0.177458 0.15828 0.16485 0.164727 0.167364 0.148312 0.134816 0.145336 0.181036 0.180121 0.203127 0.207431 0.203862 0.207011 0.20786 0.198315 0.19012 0.178144 0.177698 0.183471 0.199193 0.21153 0.218759 0.21767 0.229314 0.232664 0.223063 0.220031 0.207438 0.203991 0.203823 0.200261 0.168644 0.179649 0.184245 0.214129 0.187451 0.192432 0.187412 0.180209 0.172074 0.175003 0.165826 0.168541 0.179629 0.186715 0.184516 0.182555 0.176059 0.172695 -9999 -9999 -9999 -9999 -9999 -9999 -9999 -9999 -9999 -9999 -9999 -9999 -9999 -9999 -9999 -9999 -9999 -9999 -9999
0.188199 0.181425 0.167973 0.157485 0.170176 0.176463 0.173937 0.154302 0.156797 0.156974 0.15097 0.189253 0.189049 0.204233 0.215436 0.218468 0.213446 0.200707 0.187225 0.179963 0.171153 0.173713 0.182181 0.194163 0.208189 0.224492 0.233778 0.221673 0.210208 0.210249 0.200601 0.187194 0.185202 0.197986 0.213519 0.215144 0.217896 0.222948 0.189221 0.178365 0.182167 0.186446 0.184023 0.179911 0.184207 0.177162 0.179441 0.171975 0.174319 0.179439 0.175712 -9999 -9999 -9999 -9999 -9999 -9999 -9999 -9999 -9999 -9999 -9999 -9999 -9999 -9999 -9999 -9999 -9999 -9999 -9999 -9999
0.186587 0.182697 0.172462 0.169949 0.167765 0.177157 0.176276 0.168299 0.232346 0.219072 0.143952 0.186592 0.192613 0.205211 0.216714 0.209346 0.194162 0.189973 0.191708 0.176244 0.179164 0.174238 0.184912 0.193083 0.205446 0.224396 0.229234 0.214335 0.194391 0.191013 0.192947 0.178294 0.178751 0.197625 0.215644 0.218113 0.221116 0.227158 0.224297 0.181378 0.175191 0.162923 0.165465 0.16956 0.171992 0.181738 0.176239 0.166524 0.159648 0.161439 0.165547 0.166492 -9999 -9999 -9999 -9999 -9999 -9999 -9999 -9999 -9999 -9999 -9999 -9999 -9999 -9999 -9999 -9999 -9999 -9999 -9999
0.182005 0.181874 0.173546 0.173686 0.163202 0.173552 0.174593 0.171187 0.23429 0.216563 0.19937 0.180499 0.19763 0.212785 0.215809 0.201089 0.191818 0.188519 0.181692 0.183566 0.198922 0.194356 0.185717 0.19014 0.204888 0.219444 0.220893 0.215194 0.191133 0.185059 0.183442 0.173916 0.176794 0.196824 0.216853 0.221512 0.225203 0.222404 0.212902 0.20225 0.15791 0.147477 0.15837 0.166186 0.17174 0.179399 0.172473 0.173031 0.161369 0.154006 0.154236 -9999 -9999 -9999 -9999 -9999 -9999 -9999 -9999 -9999 -9999 -9999 -9999 -9999 -9999 -9999 -9999 -9999 -9999 -9999 -9999
