disasters/re_heat_pop.asc
ncols         768
nrows         589
xllcorner     124.299398925
yllcorner     32.893460211367
cellsize      0.010567299164062
NODATA_value  -9999
[rows 320 to 351 of 589, columns 355 to 425 of 768]
0.0638114 0.0183778 0.0199717 0.0248894 0.029552 0.0313577 0.0320381 0.0331811 0.0324675 0.0333676 0.0344887 0.0335807 0.0307646 0.0273539 -9999 0.0894751 0.0993714 0.101389 0.103252 0.11132 0.119438 0.122696 0.12735 0.129667 0.116219 0.125023 0.128797 0.12561 0.123948 0.128634 0.129506 0.128195 0.12991 0.131622 0.132226 0.372903 0.368175 0.354355 0.347679 0.358626 0.358571 0.360398 0.347118 0.346139 0.322302 0.292194 0.27175 0.254386 0.0801944 0.0718237 0.259553 0.0722807 0.0696114 0.064554 0.215525 0.21989 0.214544 0.259864 0.299742 0.307878 0.0681073 0.0688129 0.298928 0.316702 0.269529 0.322499 0.320958 0.291512 0.284573 0.281234 0.0667827
0.074162 0.0183736 0.0177632 0.0203557 0.0246565 0.0293865 0.0327794 0.0348702 0.0344598 0.0312516 0.0337187 0.0362322 0.0335163 0.0287327 0.084835 0.0830874 0.0952931 0.101212 0.104539 0.108245 0.107868 0.110678 0.126448 0.128518 0.105573 0.120635 0.113146 0.114791 0.118596 0.116777 0.118104 0.116716 0.12096 0.126587 0.131147 0.132979 0.370517 0.36883 0.369098 0.36724 0.370042 0.359289 0.328378 0.306635 0.298357 0.287922 0.276376 0.0869084 0.0916815 0.0807371 0.0798349 0.0780466 0.077337 0.273801 0.258169 0.241753 0.286096 0.264122 0.298791 0.314943 0.0852544 0.0903966 0.341799 0.317871 0.299851 0.336899 0.316139 0.282174 0.0638112 0.0569332 0.0553137
0.0846003 0.0806157 0.077798 0.022916 0.0242846 0.0273867 0.0270086 0.0316308 0.0297872 0.0293649 0.0329002 0.0363848 0.0373339 0.0357567 0.109479 0.10701 0.103608 0.118097 0.121098 0.121898 0.124263 0.122846 0.120015 0.125207 0.122219 0.124203 0.12853 0.127121 0.355535 0.361706 -9999 0.133453 0.133488 0.132767 0.126913 0.129098 0.369627 0.362513 0.367769 0.353702 0.360184 0.361372 0.328156 0.309085 0.290882 0.0772662 0.0751191 0.083534 0.0929234 0.0972814 0.0979525 0.0956153 0.0911387 0.0885773 0.300685 0.0807587 0.0854877 0.0848389 0.0822427 0.0914956 0.0969971 0.0988708 0.0966934 0.0920355 0.0828673 0.292917 0.300658 0.281032 0.0664829 0.0692039 0.0795263
0.0926335 0.0897296 0.0867601 0.0246358 0.0229891 0.0219987 0.0213543 0.0310279 0.0284553 0.0308004 0.0339484 0.0360537 0.0368002 0.035685 0.0332968 0.110794 0.112153 0.11518 0.115592 0.11849 0.123798 0.122196 0.116856 0.121491 0.118497 0.119676 0.125109 0.12388 0.347595 0.3599 0.371905 0.365957 0.369596 -9999 0.13247 0.369655 0.366193 0.368966 0.363363 0.3621 0.361233 0.363854 0.363642 0.327139 0.302946 0.0763543 0.0726998 0.0832239 0.0882168 0.0951303 0.0976563 0.100111 0.0970983 0.0918172 0.0886175 0.0879984 0.0902611 0.0892564 0.0919916 0.0965926 0.102737 0.1025 0.0981622 0.0917941 0.0870102 0.0875542 0.0792895 0.0742448 0.061349 0.0617964 0.0727407
0.0862113 0.0790745 0.0752851 0.0733494 0.0218332 0.0194083 0.0197175 0.0305677 0.0315685 0.032919 0.0319635 0.0330614 0.0354624 0.0363844 0.0352897 0.11475 0.113183 0.118887 0.112369 0.118523 0.125165 0.121672 0.114412 0.113886 0.11882 0.114483 0.123931 0.129346 0.35385 0.354722 0.367299 0.350719 0.361219 0.370691 0.37508 0.374386 0.369915 0.371094 0.36916 0.360671 0.360924 0.368377 0.358767 0.316592 0.303333 0.0811239 0.0799974 0.0855621 0.0887741 0.0970951 0.0962816 0.0977666 0.0987567 0.092242 0.0881758 0.0923004 0.0968599 0.0982354 0.0973395 0.101116 0.102497 0.102777 0.0992414 0.0980481 0.0971225 0.0927927 0.0927496 0.0931444 0.080084 0.0763348 0.0762952
0.0241695 0.0202426 0.0561787 0.0181348 0.0206844 0.0217697 0.022339 0.0325516 0.0342355 0.0367398 0.0371864 0.037572 0.117878 0.11864 0.12762 0.12628 0.127862 0.129257 0.124886 0.126603 0.119541 0.112009 0.10789 0.105707 0.10754 0.110252 0.116941 0.126743 0.128761 -9999 0.368554 0.365799 0.359139 0.366809 0.369233 0.361806 0.369041 0.368754 0.365629 0.361182 0.365528 0.368694 0.343 0.117816 0.109883 0.0764279 0.0807095 0.0826944 0.0872386 0.0947608 0.0975909 0.09771 0.0999828 0.094079 0.0905197 0.0958169 0.101802 0.101736 0.101243 0.104319 0.104382 0.103415 0.101401 0.0996251 0.0969424 0.0951158 0.0913703 0.097198 0.0926642 0.0899485 0.0898059
0.021342 0.0222903 0.0192278 0.017321 0.019423 0.0246738 0.0299044 0.0353225 0.0366438 0.0315718 0.106356 0.103839 0.112387 0.12436 0.127876 0.129725 0.12864 0.120453 0.12607 0.121485 0.11965 0.113443 0.111821 0.117462 0.116307 0.11792 0.119699 0.126319 0.125672 0.124874 0.362061 0.369247 0.367742 0.369894 0.372926 0.358596 0.362708 0.371383 0.367828 0.369018 0.367664 0.367225 0.345405 0.123488 0.124302 0.086643 0.0877972 0.0889846 0.0933433 0.0933117 0.0988541 0.0992558 0.100758 0.0982691 0.0968026 0.0981685 0.099212 0.10176 0.103686 0.104533 0.104437 0.104861 0.104028 0.10204 0.100679 0.101177 0.0961778 0.0986335 0.0932637 0.0913223 0.0912829
0.0209204 0.0254048 0.0208855 0.0209507 0.0241738 0.0280554 0.0316251 0.0341361 0.0333105 0.0264457 0.0926154 0.0849444 0.0275146 0.100066 0.102125 0.10984 0.11377 0.125109 0.0343827 0.111527 0.118062 0.11674 0.113712 0.116303 0.115325 0.117201 0.116056 0.125408 0.126544 0.123152 0.124883 -9999 0.374716 0.375817 0.377043 0.37409 0.373701 0.372681 0.370994 0.37082 0.371546 0.367967 0.352637 0.134461 0.134992 0.136852 0.0948192 0.0958673 0.0979102 0.0990735 0.100714 0.103258 0.101906 0.102078 0.1021 0.100736 0.099873 0.102065 0.101315 0.10422 0.104233 0.104493 0.104429 0.103929 0.103517 0.102719 0.100892 0.0992517 0.0906309 0.0938684 0.0935913
0.02225 0.0276719 0.0241482 0.0252346 0.0298006 0.0319036 0.0312699 0.0316358 0.0313511 0.0262414 0.0257816 0.0250158 0.0262991 0.0298447 0.10696 0.109583 0.122043 0.121236 0.0374358 0.0351108 0.114233 0.0354226 0.0346079 0.0339895 0.0347433 0.0372569 0.0316943 0.0332464 0.0362642 0.123285 0.125353 0.129457 0.132608 -9999 0.384644 0.376615 0.37515 0.374499 0.372305 0.372197 0.368588 0.365337 0.362219 0.128757 0.132845 0.140181 0.0959963 0.0951556 0.100739 0.0984727 0.0997916 0.101388 0.104257 0.105177 0.10445 0.103811 0.103446 0.103357 0.103309 0.105597 0.104386 0.101533 0.101306 0.101806 0.101231 0.10267 0.103387 0.103495 0.0962423 0.0913631 0.081559
0.0284983 0.0319022 0.0307811 0.0313385 0.0302766 0.0296562 0.0294305 0.0311612 0.0309644 0.0299145 0.0322668 0.0331504 0.0345408 0.0364514 0.037696 0.0370144 0.0347771 0.0316934 0.0306656 0.0360175 0.037345 0.0370056 0.0369072 0.0374345 0.0382766 0.0392986 0.0342344 0.0335574 0.0353445 0.124446 0.12979 0.131247 0.13267 0.376659 0.395199 0.382137 0.375938 0.160545 0.16137 0.159227 0.159117 0.156826 0.151267 0.141644 0.145681 0.1496 0.0978282 0.0951333 0.102329 0.103013 0.0959337 0.0967645 0.101347 0.104727 0.106253 0.106755 0.10677 0.106029 0.1038 0.102724 0.102455 0.100407 0.0980572 0.0917128 0.0878729 0.092081 0.0895594 0.10512 0.100052 0.0829661 0.073898
0.0331361 0.0349797 0.0295998 0.0304805 0.0271635 0.0264909 0.0270039 0.0296507 0.0316735 0.0363445 0.0355438 0.034801 0.0357919 0.0371839 0.0386443 0.0393736 0.0387508 0.0390322 0.0361593 0.0368706 0.0404694 0.0378938 0.0380526 0.0386317 0.0356391 0.0377121 0.0396167 0.0380892 0.0370166 0.0379986 0.129758 0.13218 -9999 0.376548 0.37612 0.376342 0.160095 0.160063 0.159346 0.157824 0.157092 0.155942 0.151785 0.149575 0.148255 0.150373 0.098714 0.0963965 0.102129 0.10494 0.103731 0.097493 0.10285 0.105007 0.104701 0.10213 0.10272 0.1056 0.0989181 0.0946601 0.0927535 0.0879751 0.0798388 0.0735644 0.0722104 0.0738947 0.0750552 0.0935696 0.100717 0.0825938 0.0725478
0.0340833 0.0309967 0.0247006 0.0273792 0.0273858 0.0274865 0.0276576 0.0332169 0.0349272 0.0356258 0.0341547 0.0367547 0.0373684 0.0374959 0.038273 0.037956 0.03633 0.0380266 0.041011 0.0375132 0.0403448 0.0423364 0.0403097 0.0372349 0.0341565 0.0357636 0.0335767 0.0385713 0.0404239 0.0408948 0.133778 0.375386 0.159518 0.37635 0.158897 0.163411 0.164053 0.162614 0.160161 0.15723 0.154575 0.156702 0.156012 0.152663 0.153705 0.149147 0.140534 0.1393 0.100487 0.102233 0.106114 0.103309 0.102243 0.104522 0.103589 0.100396 0.101424 0.104119 0.100344 0.0988205 0.0841494 0.080324 0.0650447 0.0624533 0.0678299 0.0698725 0.0769693 0.0831545 0.0943424 0.0920228 0.078035
0.0329626 0.0275536 0.0286017 0.0276591 0.0246187 0.0273947 0.0314643 0.0347682 0.0345995 0.0363775 0.0363022 0.0384023 0.0366113 0.0365834 0.0388136 0.0389935 0.0371873 0.0400306 0.0376105 0.0402255 0.0426475 0.038933 0.038262 0.0377446 0.0363256 0.0385045 0.0326407 0.0328328 0.130155 0.148647 0.156639 0.156024 0.158722 0.158754 0.167474 0.1685 0.162157 0.165938 0.163589 0.159152 0.158372 0.157608 0.153566 0.13936 0.147206 0.147021 0.144226 0.144657 0.101539 0.101705 0.101868 0.103111 0.102267 0.10238 0.100586 0.0997575 0.0993625 0.0978221 0.0956327 0.0972011 0.0853631 0.0795613 0.0679095 0.0665678 0.0703615 0.0744765 0.0842335 0.0903569 0.0972038 0.0984192 0.0880796
0.0310488 0.025054 0.0326289 0.0303804 0.0291249 0.0286104 0.0301358 0.032228 0.0344064 0.0370548 0.0390234 0.0359115 0.0361854 0.0381731 0.0383809 0.0376051 0.0380683 0.0396484 0.0388323 0.037396 0.0398127 0.0397647 0.0400073 0.0393844 0.0378723 0.0367611 0.0399852 0.0399276 0.0371602 -9999 0.15756 0.156931 0.158472 0.159425 0.149592 0.158964 0.155785 0.156767 0.159434 0.159247 0.158611 0.158247 0.156059 0.150985 0.14438 0.147709 0.144693 0.145741 0.14958 0.102252 0.09943 0.103378 0.0972225 0.0955279 0.0939617 0.0973809 0.0957079 0.181337 0.0897841 0.177848 0.0839897 0.080274 0.0768643 0.0825714 0.0895844 0.0878928 0.085001 0.0940477 0.10017 0.0987704 0.0868127
0.033902 0.0297684 0.0349643 0.0326053 0.0293084 0.0313533 0.031541 0.0354316 0.0354155 0.0376866 0.0391851 0.0344229 0.0370243 0.0394755 0.039582 0.0387072 0.0388718 0.0401616 0.041018 0.0370094 0.0388885 0.0410661 0.0408014 0.0407716 0.0410526 0.0374255 0.0387794 0.0376229 0.0382249 0.156125 0.158509 0.154132 0.151519 0.154679 0.157308 0.159293 0.148402 0.157301 0.159185 0.15948 0.159094 0.158524 0.157643 0.156812 0.146365 0.150272 0.150458 0.146681 0.141313 0.139391 0.144048 0.100136 0.0887559 0.0871796 0.0901723 0.0910249 0.177643 0.174717 0.177605 0.179191 0.168982 0.0749199 0.0714154 0.0762895 0.0850752 0.0925104 0.0956496 0.0962854 0.100064 0.0956898 0.083753
0.0348976 0.0334433 0.0347802 0.0298214 0.0322009 0.0352836 0.036209 0.0374907 0.0370054 0.0382773 0.0390331 0.0370703 0.03902 0.0392392 0.039571 0.03981 0.0399638 0.0408682 0.0413595 0.0397656 0.0390838 0.039188 0.0400212 0.040987 0.0438564 0.039333 0.044251 0.0389108 0.0409482 0.160864 0.159734 0.155566 0.15473 0.15727 0.156875 0.165395 0.154544 0.15861 0.163465 0.160538 0.159927 0.158506 0.158688 0.158025 0.157305 0.154813 0.145838 0.146628 0.143749 0.139147 0.141093 0.189557 0.186434 0.17306 0.177952 0.1848 0.177027 0.172249 0.18167 0.191871 0.179462 0.162578 0.149754 0.146589 0.154512 0.0821361 0.0877612 0.0927922 0.0871559 0.0938436 0.0937543
0.0347251 0.0329163 0.0304336 0.0333181 0.035282 0.0367056 0.0376708 0.0383457 0.0388507 0.0381291 0.0392463 0.0392262 0.0391121 0.0381302 0.0390431 0.0398195 0.0389548 0.0377297 0.0379948 0.0379468 0.0402014 0.0376733 0.037871 0.0396682 0.043643 0.0461424 0.0404657 0.0478572 0.0438785 0.169712 0.159997 0.150306 0.148769 0.156242 0.158218 0.16786 0.157609 0.158948 0.159454 0.159242 0.159598 0.158436 0.158634 0.158787 0.156912 0.154625 0.150865 0.14419 0.146524 0.149507 0.14381 0.188763 0.187775 0.190719 0.188256 0.196669 0.188425 0.18157 0.187499 0.192423 0.176978 0.173184 0.1705 0.162468 0.163146 0.169242 0.172499 0.179318 0.191934 0.194591 0.190594
0.0344327 0.0310913 0.0291344 0.0327264 0.0357091 0.0363735 0.0355943 0.0381168 0.0387082 0.0378885 0.0392885 0.0392658 0.039388 0.0383084 0.0387816 0.036703 0.0351448 0.0351601 0.0342507 0.0394381 0.0411177 0.0405846 0.0403954 0.040163 0.0393501 0.0411676 0.0403791 0.0379005 0.147422 0.158743 0.158262 0.154904 0.151356 0.152252 0.158649 0.16182 0.161097 0.159905 0.160349 0.16097 0.159119 0.158694 0.158956 0.156646 0.149192 0.141654 0.134389 0.136519 0.137011 0.141541 0.145412 0.186523 0.176663 0.194988 0.197927 0.199698 0.186901 0.187759 0.196646 0.195002 0.181853 0.17743 0.183855 0.184871 0.175927 0.174851 0.179789 0.181885 0.19584 0.194277 0.189578
0.0337405 0.0345415 0.0366292 0.0369285 0.0377247 0.0375499 0.0387618 0.0389571 0.0387057 0.0380272 0.0377616 0.0367574 0.03772 0.0355725 0.0374053 0.0369784 0.0343762 0.0331949 0.0345951 0.0393877 0.0406432 0.0438517 0.0447652 0.0461603 0.0446659 0.0399244 0.0393838 0.0346054 0.148311 0.159081 0.169815 0.158115 0.153275 0.153677 0.159758 0.160375 0.159041 0.159206 0.161311 0.160532 0.160811 0.1609 0.159099 0.155585 0.147779 0.133063 0.116834 0.112467 0.107495 0.117838 0.139983 0.195207 0.178232 0.196587 0.20499 0.202962 0.20034 0.1956 0.196466 0.197555 0.186249 0.185987 0.193848 0.193405 0.184927 0.174804 0.167579 0.172113 0.189935 0.189673 0.186223
0.0329438 0.0323668 0.0343951 0.0331727 0.0366853 0.0380315 0.0391721 0.03796 0.0368624 0.0346058 0.0349668 0.0368481 0.0395875 0.0371073 0.0366253 0.0362086 0.0325083 0.0309469 0.0357912 0.0389231 0.0401574 0.0409894 0.0412341 0.0427845 0.0454181 0.0389984 0.035922 0.0348219 0.166052 0.172281 0.168653 0.154465 0.153263 0.156809 0.159458 0.162089 0.159071 0.159605 0.159709 0.159172 0.158523 0.158096 0.158464 0.153876 0.146735 0.13343 0.119199 0.121393 0.119643 0.122118 0.173184 0.170048 0.176488 0.165867 0.191076 0.200502 0.198343 0.202488 0.205231 0.202129 0.192442 0.197163 0.196504 0.194223 0.189061 0.180162 0.168583 0.167917 0.185641 0.190917 0.188011
0.0297645 0.0327814 0.0329528 0.0337496 0.0342779 0.0357897 0.0345579 0.0364814 0.0359112 0.036356 0.0361461 0.0366653 0.0384764 0.0388423 0.038227 0.0368409 0.0348723 0.0315414 0.0290143 0.0313201 0.0371744 0.0353698 0.0323368 0.0776976 0.069348 0.0342828 0.0353087 0.0371471 0.0396202 0.036237 -9999 0.158729 0.16051 0.158385 0.156052 0.156009 0.155818 0.157359 0.157012 0.156621 0.156394 0.158172 0.155854 0.153979 0.147986 0.131627 0.129388 0.132052 0.138681 0.141751 0.136111 0.178995 0.17919 0.188267 0.198956 0.200858 0.199754 0.197532 0.200105 0.193057 0.182104 0.183509 0.181118 0.191117 0.190569 0.187936 0.180293 0.171973 0.174609 0.188117 0.187103
0.0305871 0.0328247 0.0333152 0.0350198 0.034061 0.0362974 0.0369288 0.0350936 0.0331871 0.0350628 0.0365032 0.0367312 0.0382816 0.0389028 0.0374323 0.0354042 0.0343368 0.0335519 0.0320373 0.0310219 0.0858776 0.0741842 0.0729653 0.0741284 0.0746904 0.0767449 0.0816176 0.0347415 0.0345296 0.0405228 0.102894 0.10352 0.105421 0.162448 0.159114 0.157996 0.157697 0.158438 0.152417 0.157445 0.156592 0.157481 0.155629 0.154388 0.150186 0.137263 0.132324 0.131242 0.139695 0.140081 0.180063 0.173286 0.182472 0.188477 0.195457 0.203864 0.199823 0.197808 0.200309 0.198746 0.192697 0.184864 0.1786 0.188076 0.191816 0.188641 0.185387 0.180836 0.178861 0.184251 0.187967
0.0292037 0.0287782 0.0311147 0.0326866 0.0322288 0.0341569 0.0377403 0.0342738 0.0335313 0.03459 0.0369513 0.0362084 0.0374735 0.038718 0.0377899 0.0349323 0.0344475 0.0355656 0.0351942 0.0327144 0.0761293 0.066742 0.0761856 0.0836888 0.0853969 0.0828162 0.0873592 0.091715 0.0949467 0.105418 0.107308 0.10195 0.103716 0.100895 0.100665 -9999 0.157399 0.158342 0.156672 0.151807 0.15635 0.15461 0.154229 0.154771 0.150615 0.142519 0.139503 0.139993 0.140522 0.183324 0.178097 0.182273 0.190632 0.198056 0.194701 0.19758 0.203576 0.199051 0.202062 0.201425 0.194636 0.188854 0.178231 0.179979 0.186082 0.186843 0.185702 0.184074 0.182518 0.182416 0.183529
0.0289283 0.0292295 0.030178 0.0319736 0.0324352 0.036244 0.0357887 0.034057 0.0347765 0.0343631 0.0343955 0.0355925 0.0371572 0.0380271 0.0357181 0.03519 0.0849182 0.0882261 0.0913794 0.0826054 0.0736027 0.0750841 0.0775312 0.0755637 0.0786444 0.0899948 0.0901256 0.0980209 0.101479 0.104349 0.104012 0.100753 0.0941348 0.0959602 0.0969618 0.150339 0.157653 0.157921 0.156558 0.155629 0.147293 0.152007 0.155141 0.153485 0.154335 0.15035 0.143878 0.136786 0.129754 0.170508 0.172444 0.187953 0.202495 0.202456 0.201621 0.192608 0.194622 0.198543 0.202937 0.202084 0.190516 0.189709 0.185164 0.175351 0.183897 0.185651 0.185106 0.184387 0.184342 0.184868 0.182725
0.0310718 0.0295024 0.0303844 0.0316429 0.0328033 0.0326974 0.0343574 0.0354934 0.0359561 0.0360032 0.0357287 0.0360338 0.0354569 0.0330704 0.087942 0.087531 0.0855265 0.0882888 0.0916992 0.0909975 0.0903238 0.0914847 0.0914226 0.086005 0.0876545 0.0919425 0.09366 0.0984772 0.10171 0.103711 0.102801 0.098055 0.0975603 0.0994008 0.101444 0.15719 0.156522 0.151266 0.148241 0.154389 0.148757 0.153978 0.1549 0.15483 0.153806 0.150913 0.138999 0.125028 0.125419 0.174068 0.173578 0.186276 0.20239 0.204463 0.20591 0.205583 0.19805 0.188945 0.195996 0.199962 0.1896 0.177641 0.167114 0.181507 0.182128 0.185406 0.185406 0.184437 0.184238 0.182011 0.178709
0.0344481 0.0323626 0.0317657 0.0323279 0.0324641 0.0337869 0.0361236 0.0361782 0.0374613 0.0372058 0.0360403 0.0352688 0.0362119 0.0360235 0.035562 0.0346707 0.0830845 0.0797384 0.0758816 0.0786905 0.0923767 0.0937877 0.0923108 0.0881633 0.0962905 0.0968801 0.0994856 0.102867 0.10328 0.102833 0.102883 0.10151 0.101588 -9999 0.156693 0.157338 0.156167 0.155029 0.152977 0.153955 0.151826 0.154524 0.155557 0.154821 0.153532 0.150814 0.142408 0.130936 0.135173 0.137044 0.185899 0.18871 0.198326 0.203191 0.198154 0.198193 0.20501 0.197872 0.199995 0.196735 0.188401 0.177895 0.167784 0.170621 0.177913 0.185979 0.185183 0.183755 0.183201 0.183809 0.181058
0.0351568 0.033173 0.0322402 0.0351494 0.0362916 0.0343771 0.0361586 0.0373128 0.0370021 0.0377885 0.0376575 0.0367225 0.0372615 0.036178 0.033309 0.0850857 0.0804575 0.0758147 0.0745157 0.0804698 0.091488 0.0907028 0.0856802 0.0833051 0.0901654 0.0997768 0.100465 0.10115 0.101365 0.101548 0.100258 0.153022 0.157033 0.156911 0.153795 0.148858 0.150249 0.156224 0.153378 0.155456 0.155721 0.155094 0.154871 0.154263 0.153851 0.152743 0.150614 0.148565 0.145387 0.139152 0.187103 0.184326 0.18803 0.194365 0.195329 0.200522 0.200219 0.201531 0.202943 0.197905 0.192104 0.186785 0.180643 0.170924 0.173049 0.177302 0.179925 0.183618 0.185077 0.184246 0.183713
0.0368757 0.034736 0.0334581 0.034105 0.0348568 0.0357898 0.0372502 0.0376338 0.0380369 0.0385381 0.0391722 0.0387682 0.0368758 0.0351221 0.0330567 0.0846484 0.0860218 0.0817187 0.0810151 0.0871838 0.0934764 0.0917883 0.0916486 0.0903674 0.093345 0.0924608 0.0959979 0.0983604 0.0985489 0.100221 0.100259 0.148588 0.15664 0.152415 0.149717 0.146231 0.148472 0.155591 0.151885 0.152316 0.151489 0.15428 0.154645 0.154143 0.153077 0.153401 0.151641 0.142417 0.137994 0.135745 0.136942 0.138789 0.139422 0.137661 0.134641 0.188123 0.191643 0.192794 0.20041 0.199554 0.193629 0.192491 0.186513 0.178911 0.170685 0.168177 0.178637 0.183855 0.187054 0.187282 0.185033
0.0378099 0.0368839 0.0354382 0.0343704 0.0352161 0.0356133 0.0399306 0.0371788 0.0380213 0.0389761 0.038444 0.0376594 0.0375918 0.0370154 0.0893591 0.076472 0.0754331 0.0863947 0.0924691 0.0933212 0.0954261 0.0974131 0.0969512 0.0858361 0.0875159 0.0970879 0.0999542 0.0991646 0.0978449 0.101696 0.0986191 0.144737 0.156642 0.157552 0.152153 0.147671 0.152249 0.15422 0.154798 0.154758 0.150816 0.153905 0.153768 0.153066 0.152007 0.153388 0.153105 0.151689 0.150134 0.145854 0.135044 0.141089 0.147029 0.145941 0.142406 0.13782 0.198011 0.195257 0.197193 0.193562 0.188902 0.192613 0.185545 0.175079 0.174328 0.175554 0.177619 0.183499 0.18705 0.18775 0.188191
0.0376303 0.0344957 0.0340808 0.0363341 0.0378289 0.03869 0.0401581 0.0382388 0.0376993 0.0381075 0.0378795 0.0371472 0.0367731 0.0884817 0.0809339 0.0800276 0.0869714 0.0795946 0.0774172 0.085633 0.0935925 0.0927253 0.0917217 0.0984273 0.0960113 0.0994241 0.0921432 0.0900769 0.0965709 0.100557 0.0932299 0.0950615 0.156288 0.1563 0.156938 -9999 0.154656 0.154908 0.153354 0.153002 0.149065 0.151416 0.15275 0.152949 0.152532 0.152649 0.150964 0.153116 0.151977 0.141742 0.145002 0.134557 0.139832 0.149727 0.14704 0.143547 0.146621 0.199782 0.198774 0.190279 0.188578 0.189678 0.179999 0.169348 0.174574 0.180157 0.178698 0.180507 0.185153 0.188734 0.189869
0.0309001 0.0324295 0.0332991 0.0369478 0.0388871 0.0389327 0.0404605 0.0404379 0.040502 0.039584 0.0390087 0.0383915 0.0364687 0.0843063 0.0729064 0.0823747 0.0777231 0.0771061 0.0847295 0.087787 0.0851803 0.0858884 0.0901911 0.0981301 0.10057 0.0881841 0.0869772 0.0918064 0.0971755 0.0967636 0.0935247 0.0966575 0.100176 0.0974438 0.0964714 0.155163 0.155444 0.153025 0.148593 0.153197 0.149473 0.149062 0.151185 0.152207 0.152225 0.152056 0.152255 0.152276 0.14567 0.136607 0.134727 0.129836 0.132804 0.142411 0.144365 0.134296 0.130903 0.187786 0.189267 0.19181 0.190623 0.189058 0.185555 0.18089 0.179489 0.178482 0.183241 0.179976 0.179242 0.181776 0.185598
0.0316721 0.0349653 0.0353723 0.036514 0.0379496 0.0401472 0.0406652 0.0408145 0.0396921 0.0380414 0.037671 0.0374604 0.0358505 0.0813324 0.0663706 0.0733176 0.0700107 0.0777891 0.0780155 0.0792233 0.0850387 0.0895611 0.0904743 0.0979287 0.0996589 0.0905979 0.0893007 0.0946187 0.0996068 0.0974068 0.0967483 0.095636 0.0976219 0.0969438 0.0968979 0.0985403 -9999 0.153721 0.147679 0.151657 0.151589 0.148532 0.148837 0.150045 0.150118 0.151416 0.152089 0.148666 0.145459 0.140647 0.145395 0.146835 0.145666 0.146216 0.144289 0.139667 0.141137 0.197467 0.191268 0.189374 0.192907 0.192089 0.189452 0.186553 0.184208 0.181138 0.185725 0.183285 0.181078 0.179174 0.179377
