disasters/re_heat_pop.asc
ncols         768
nrows         589
xllcorner     124.299398925
yllcorner     32.893460211367
cellsize      0.010567299164062
NODATA_value  -9999
[rows 160 to 191 of 589, columns 426 to 496 of 768]
0.00319755 0.0032238 0.00326463 0.00325637 0.00317372 0.00314471 0.00321409 0.00319843 0.0031538 0.0450994 0.0443278 0.0440347 0.0438305 0.0444828 0.0450145 0.0446959 0.0440227 0.043644 0.0434255 0.0447126 0.0450025 0.045039 0.0457285 0.046794 0.0477414 0.0501679 0.0509092 0.0514061 0.0520273 0.0520861 0.0517047 0.0526244 0.0530862 0.0532828 0.0529684 0.0529062 -9999 -9999 -9999 -9999 -9999 -9999 -9999 -9999 -9999 -9999 -9999 -9999 -9999 -9999 -9999 -9999 -9999 -9999 -9999 -9999 -9999 -9999 -9999 -9999 -9999 -9999 -9999 -9999 -9999 -9999 -9999 -9999 -9999 -9999 -9999
0.00318559 0.0032009 0.0031891 0.00318843 0.00318537 0.00310019 0.00317293 0.00322452 0.00316561 0.0453712 0.0447948 0.0444531 0.0448607 0.0455936 0.0449306 0.044718 0.0446296 0.0441434 0.0437416 0.0446505 0.043763 0.0447732 0.0459183 0.0470985 0.0487261 0.0507001 0.0512457 0.05167 0.051459 0.0516484 0.0523494 0.0525304 0.0523419 0.0513734 0.0516083 0.0518729 0.0524122 -9999 -9999 -9999 -9999 -9999 -9999 -9999 -9999 -9999 -9999 -9999 -9999 -9999 -9999 -9999 -9999 -9999 -9999 -9999 -9999 -9999 -9999 -9999 -9999 -9999 -9999 -9999 -9999 -9999 -9999 -9999 -9999 -9999 -9999
0.00315956 0.00315585 0.00315207 0.00316873 0.00317919 0.00308472 0.00325075 0.0472684 0.0463586 0.0457921 0.0454711 0.0448394 0.0457593 0.0462187 0.0454504 0.0453357 0.045248 0.0446302 0.0442049 0.0450762 0.0441778 0.0453965 0.0466319 0.0480944 0.0498609 0.0515249 0.051907 0.0520006 0.0514329 0.0513946 0.0521387 0.0526529 0.0513748 0.050554 0.0506934 0.0513826 0.052158 0.0524676 -9999 -9999 -9999 -9999 -9999 -9999 -9999 -9999 -9999 -9999 -9999 -9999 -9999 -9999 -9999 -9999 -9999 -9999 -9999 -9999 -9999 -9999 -9999 -9999 -9999 -9999 -9999 -9999 -9999 -9999 -9999 -9999 -9999
0.00318184 0.00319823 0.00320621 0.00318494 0.00316021 0.00316916 0.0467178 0.0475178 0.0470587 0.0470158 0.0469029 0.0458209 0.0449508 0.0463918 0.0460745 0.0457778 0.0458297 0.0456088 0.0449971 0.0450638 0.0457591 0.0456025 0.0460709 0.0472763 0.048421 0.04843 0.0499922 0.0521083 0.0509413 0.0517932 0.0522746 0.0518405 0.0511232 0.0498931 0.0506431 0.0509434 0.0507511 0.0504079 0.0505978 -9999 -9999 -9999 -9999 -9999 -9999 -9999 -9999 -9999 -9999 -9999 -9999 -9999 -9999 -9999 -9999 -9999 -9999 -9999 -9999 -9999 -9999 -9999 -9999 -9999 -9999 -9999 -9999 -9999 -9999 -9999 -9999
0.00323856 0.00326012 0.00324078 0.0031858 0.00316564 0.00319718 0.0467521 0.0469292 0.0469884 0.0472888 0.0473612 0.0467987 0.0462898 0.0468732 0.0468781 0.0459534 0.0451732 0.0451298 0.0454216 0.0454148 0.0456825 0.0457589 0.046118 0.0469511 -9999 -9999 0.0502449 0.0517602 0.0511118 0.0512857 0.0516765 0.0510211 0.0501014 0.049673 0.0499515 0.0497744 0.0495034 0.0500497 0.0513194 0.0522724 -9999 -9999 -9999 -9999 -9999 -9999 -9999 -9999 -9999 -9999 -9999 -9999 -9999 -9999 -9999 -9999 -9999 -9999 -9999 -9999 -9999 -9999 -9999 -9999 -9999 -9999 -9999 -9999 -9999 -9999 -9999
0.00324275 0.00326021 0.00324159 0.00319717 0.00318501 0.0469635 0.047068 0.0463746 0.0463337 0.0468842 0.0472025 0.0471766 0.0472805 0.0465989 0.0460867 0.0458649 0.0454892 0.0452456 0.0454078 0.0459265 0.045835 0.0458128 0.0459356 0.0471062 0.0478615 0.0501492 0.0507864 0.0529697 -9999 0.0532613 0.0511466 0.0500609 0.049503 0.0500052 0.0495858 0.0490883 0.0495475 0.0499285 0.050608 0.0518291 0.0525292 0.0529837 -9999 -9999 -9999 -9999 -9999 -9999 -9999 -9999 -9999 -9999 -9999 -9999 -9999 -9999 -9999 -9999 -9999 -9999 -9999 -9999 -9999 -9999 -9999 -9999 -9999 -9999 -9999 -9999 -9999
0.00324917 0.00322553 0.00319018 0.00319033 0.00321008 0.0469979 0.0469438 0.0463991 0.0463021 0.0466431 0.0465986 0.0465097 0.0471824 0.0467836 0.0459251 0.0457832 0.0450992 0.0449466 0.0453106 0.0455808 0.046321 0.0449104 0.0457733 0.0464142 0.0474226 0.0516305 0.0506516 -9999 0.0563882 0.0532711 0.0508625 -9999 0.0493285 0.0501197 0.0502716 0.0496269 0.04934 0.0493031 0.0503942 0.0520758 0.052565 0.0519992 -9999 -9999 -9999 -9999 -9999 -9999 -9999 -9999 -9999 -9999 -9999 -9999 -9999 -9999 -9999 -9999 -9999 -9999 -9999 -9999 -9999 -9999 -9999 -9999 -9999 -9999 -9999 -9999 -9999
0.00332921 0.00321441 0.00321337 0.00322853 0.00322507 0.046821 0.0468819 0.0463415 0.046267 0.0464778 0.0467493 0.0467342 0.0465785 0.0469625 0.0466534 0.0461157 0.0458376 0.0457731 0.0460305 0.0462061 0.0452471 0.0452523 0.0460161 0.0478717 0.0507373 0.0528106 0.0541523 0.0530427 0.0566867 0.0526117 0.0519769 0.0516996 0.0502563 0.0498024 0.0505765 0.050775 0.050239 0.049368 0.0497786 0.0513336 0.052126 0.0511719 -9999 -9999 -9999 -9999 -9999 -9999 -9999 -9999 -9999 -9999 -9999 -9999 -9999 -9999 -9999 -9999 -9999 -9999 -9999 -9999 -9999 -9999 -9999 -9999 -9999 -9999 -9999 -9999 -9999
0.00333746 0.00328255 0.00328447 0.00326945 0.00324141 0.00321813 0.0032059 0.0459895 0.046022 0.0461942 0.046466 0.0462438 0.0457808 0.0463119 0.0468295 0.0466204 0.0838368 0.0837958 0.0836282 0.0826686 0.044978 0.0449401 0.0468243 0.0494818 0.0531339 0.0553532 0.0533275 -9999 0.0577037 0.0517057 0.0485138 0.049179 0.0493851 0.0486152 0.0489465 0.051102 0.0501446 0.049253 0.04948 0.0506045 0.0514956 0.0511717 0.0529941 -9999 -9999 -9999 -9999 -9999 -9999 -9999 -9999 -9999 -9999 -9999 -9999 -9999 -9999 -9999 -9999 -9999 -9999 -9999 -9999 -9999 -9999 -9999 -9999 -9999 -9999 -9999 -9999
0.00328975 0.00327019 0.00322577 0.00322682 0.00320306 0.00319435 0.00321126 0.0459687 0.0459124 0.0462121 0.0463911 0.0460294 0.0456316 0.0458702 0.0458074 0.0831678 0.083741 0.0838287 0.0829788 0.0454401 0.0449669 0.04561 0.0472966 0.0479275 0.0480397 0.0528492 0.050348 -9999 0.0552495 0.0543984 0.0488003 0.0476507 0.0476564 0.0486787 0.0499489 0.0497787 0.0492711 0.0487273 0.0493149 0.0504517 0.05145 0.0519073 0.0528739 -9999 -9999 -9999 -9999 -9999 -9999 -9999 -9999 -9999 -9999 -9999 -9999 -9999 -9999 -9999 -9999 -9999 -9999 -9999 -9999 -9999 -9999 -9999 -9999 -9999 -9999 -9999 -9999
0.00323077 0.00327016 0.00329498 0.00322521 0.00320556 0.00321285 0.00320677 0.0460433 0.04579 0.0462001 0.0460612 0.0455851 0.0453427 0.0455036 0.0453744 0.0823237 0.082775 0.0833454 0.0833044 0.0826427 0.0458205 0.0465188 0.0483578 0.0474786 0.0485634 0.0518384 0.0515443 0.054248 0.0507826 0.0517304 0.048194 0.0483384 0.0497162 0.0504391 0.0494394 0.0481214 0.0482961 0.0483666 0.0494587 0.0510886 0.0521021 0.0519722 0.0523567 -9999 -9999 -9999 -9999 -9999 -9999 -9999 -9999 -9999 -9999 -9999 -9999 -9999 -9999 -9999 -9999 -9999 -9999 -9999 -9999 -9999 -9999 -9999 -9999 -9999 -9999 -9999 -9999
0.00320913 0.00322781 0.00329146 0.00328321 0.00322529 0.00319253 0.0464947 0.045621 0.0460319 0.0461558 0.0459572 0.0456877 0.0456591 0.082255 0.0815796 0.0815396 0.0819032 0.082417 0.0828138 0.0828853 0.0826097 0.0460561 0.0466161 0.0473567 0.0480997 -9999 0.0515254 0.0549853 0.0515498 0.0496155 0.0480897 0.0483686 0.0487308 0.0487181 0.0488524 0.0482023 0.0477574 0.048881 0.0505623 0.0512179 0.0511118 0.0509583 0.0507205 0.0516945 -9999 -9999 -9999 -9999 -9999 -9999 -9999 -9999 -9999 -9999 -9999 -9999 -9999 -9999 -9999 -9999 -9999 -9999 -9999 -9999 -9999 -9999 -9999 -9999 -9999 -9999 -9999
0.00320758 0.00326135 0.00325015 0.00327986 0.003294 0.00325753 0.00319562 0.046698 0.0466824 0.0461791 0.0462278 0.0464991 0.0466024 0.0463074 0.0824944 0.0820368 0.0825163 0.0826479 0.0824143 0.0830216 0.0463842 0.0456339 0.0460736 0.0471072 0.0476343 0.0503349 0.0518453 0.0538767 0.0507129 0.0474539 0.0481255 0.0480979 0.0476999 0.0477451 0.0481684 0.0477444 0.0471085 0.0487977 0.0509272 0.0512244 0.0503142 0.0497289 0.0497592 0.0514134 0.0520826 0.0526713 0.0527655 -9999 -9999 -9999 -9999 -9999 -9999 -9999 -9999 -9999 -9999 -9999 -9999 -9999 -9999 -9999 -9999 -9999 -9999 -9999 -9999 -9999 -9999 -9999 -9999
0.00321869 0.0032314 0.00322643 0.00323439 0.0032692 0.00326591 0.00323547 0.0462028 0.0472299 0.0473108 0.0472287 0.0466793 0.0462344 0.0827226 0.0821537 0.0816446 0.0819982 0.0820437 0.0825124 0.0834832 0.0463558 0.0457688 0.0469148 0.0469959 0.0476236 0.052183 0.0532701 0.0514068 0.0477012 0.0475061 0.0478132 0.047787 0.0475834 0.0477017 0.0480332 0.0480388 0.0481892 0.050008 0.0508364 0.050923 0.0500925 0.048999 0.0497664 0.0508612 0.0516177 0.0522913 0.0522471 -9999 -9999 -9999 -9999 -9999 -9999 -9999 -9999 -9999 -9999 -9999 -9999 -9999 -9999 -9999 -9999 -9999 -9999 -9999 -9999 -9999 -9999 -9999 -9999
0.00320936 0.00322592 0.00320277 0.00320445 0.00323355 0.00326411 0.00327668 0.00324411 0.0475309 0.0468155 0.0462464 0.046137 0.0462948 0.0832562 0.082692 0.0819855 0.0818825 0.0810518 0.0822174 0.083127 0.0828296 0.0458479 0.0467793 0.0472919 0.0480621 0.0515198 0.0520897 0.0499527 0.0482587 0.0477025 0.0470737 0.0473839 0.0476115 0.0481575 0.0503033 0.0500601 0.0493412 0.0510727 0.0505125 0.0494428 0.0484788 0.0480106 0.0496971 0.0504144 0.0516215 0.0515194 0.0514415 0.0518868 -9999 -9999 -9999 -9999 -9999 -9999 -9999 -9999 -9999 -9999 -9999 -9999 -9999 -9999 -9999 -9999 -9999 -9999 -9999 -9999 -9999 -9999 -9999
0.00323917 0.00323997 0.00320024 0.00322616 0.00324804 0.00323676 0.00323818 0.0468677 0.0470684 0.0465129 0.0463542 0.0461487 0.0825834 0.0818533 0.0813765 0.082308 0.0827708 0.0820273 0.0825327 0.0834619 0.0460639 0.0456253 0.0465006 0.0486481 0.0490481 0.0531004 0.0539244 0.0518349 0.0497514 0.0476404 0.0466977 0.0469263 0.0471779 0.0468389 0.0470192 -9999 0.051156 0.0508151 0.0503968 0.0498551 0.049023 0.048106 0.0492516 0.0514835 0.0507641 0.0502372 0.0504726 0.0515604 0.0525884 -9999 -9999 -9999 -9999 -9999 -9999 -9999 -9999 -9999 -9999 -9999 -9999 -9999 -9999 -9999 -9999 -9999 -9999 -9999 -9999 -9999 -9999
0.00325751 0.00327598 0.00324871 0.0032276 0.00322422 0.00320935 0.00320681 0.00322116 0.0470051 0.0473623 0.0471886 0.0466598 0.0836146 0.083141 0.0827179 0.0831822 0.0835061 0.0834656 0.0824033 0.083104 0.0462333 0.0461383 0.0468236 0.0474202 0.0493643 0.0529644 0.0501718 0.0490256 0.0503912 0.0477865 0.0471812 0.0467017 0.0459948 0.0453662 0.0457875 0.047396 0.0496384 0.0530506 0.049026 0.0493422 0.0486049 0.0477647 0.0492377 0.0497811 0.0501074 0.0491887 0.0503109 0.0513394 0.0517826 0.0520159 -9999 -9999 -9999 -9999 -9999 -9999 -9999 -9999 -9999 -9999 -9999 -9999 -9999 -9999 -9999 -9999 -9999 -9999 -9999 -9999 -9999
0.00326583 0.00326049 0.00324229 0.00323934 0.00323228 0.00321225 0.00320693 0.00322436 0.00320638 0.0468621 0.0466938 0.0463924 0.0461583 0.0822661 0.0818326 0.0825639 0.0821877 0.0819162 0.0826955 0.0459487 0.0464377 0.0474473 0.0499116 -9999 0.0534742 0.0512008 0.0481883 0.0475244 0.0471222 0.0471685 0.0463368 0.0461794 0.0452581 0.0451114 0.0461475 0.047716 0.0491634 0.0503385 0.048757 0.0485541 0.0480271 0.0474689 0.0487098 0.0491349 0.0482907 0.0480669 0.0492218 0.0501921 0.0509205 0.0514861 0.0514262 -9999 -9999 -9999 -9999 -9999 -9999 -9999 -9999 -9999 -9999 -9999 -9999 -9999 -9999 -9999 -9999 -9999 -9999 -9999 -9999
0.00328258 0.00325237 0.00322934 0.00325575 0.00321408 0.0032062 0.00322291 0.00321998 0.00319402 0.046663 0.0468767 0.0837695 0.0826762 0.0814869 0.0811867 0.0820932 0.0825244 0.0827477 0.0829043 0.0830969 0.0469417 0.0486929 0.0507128 -9999 0.0508751 0.0521329 0.0479545 0.0470004 0.0460524 0.0454674 0.0452695 0.0450217 0.0452339 0.0456622 0.0468003 0.0481299 0.0486671 0.0482326 0.0477593 0.0480277 0.0473859 0.0468761 0.0481464 0.04844 0.0471522 0.0475359 0.0491323 0.0497405 0.0503344 0.0514973 0.0522454 -9999 -9999 -9999 -9999 -9999 -9999 -9999 -9999 -9999 -9999 -9999 -9999 -9999 -9999 -9999 -9999 -9999 -9999 -9999 -9999
0.00326776 0.0032585 0.00324775 0.00327345 0.00323571 0.00324054 0.00324316 0.00320948 0.00319738 0.0465445 0.0464056 0.0833049 0.0828563 0.0823928 0.0822379 0.0826566 0.083044 0.0820123 0.0824628 0.0827407 0.0465243 0.047095 0.0473783 0.0477385 0.0550191 0.0502291 0.0466115 0.0457268 0.0456588 0.0457758 0.0453598 0.0443642 0.0447597 0.0451993 0.0463973 0.0479303 0.0486349 0.0477681 0.0467696 0.0473887 0.0470981 0.0466558 0.0469894 0.0470875 0.0473545 0.0480553 0.0486138 0.0494392 0.0502171 0.0507218 -9999 -9999 -9999 -9999 -9999 -9999 -9999 -9999 -9999 -9999 -9999 -9999 -9999 -9999 -9999 -9999 -9999 -9999 -9999 -9999 -9999
0.0032447 0.00325612 0.00325545 0.00328804 0.00327834 0.00327296 0.00324981 0.0032061 0.00317795 0.00315931 0.0827641 0.0825216 0.0824422 0.0825277 0.0825862 0.0824515 0.0821728 0.0815461 0.0816335 0.0459852 0.0469534 0.047468 0.0479093 0.0522755 0.0520682 0.0534909 0.0494667 0.0465773 0.0459499 0.0458601 0.0448329 0.0444534 0.0448123 0.0451773 0.0460173 0.0468529 0.0473288 0.0472179 0.0464573 0.0466573 0.0466511 0.0471597 0.0467808 0.0473762 0.0478759 0.0499485 0.0494796 0.0491615 0.0497955 0.0506285 -9999 -9999 -9999 -9999 -9999 -9999 -9999 -9999 -9999 -9999 -9999 -9999 -9999 -9999 -9999 -9999 -9999 -9999 -9999 -9999 -9999
0.00315288 0.00319567 0.00322013 0.00321668 0.00322885 0.00325689 0.00325801 0.00321635 0.00320953 0.00318657 0.0827771 0.0819983 0.0824592 0.0830436 0.0836802 0.0839428 0.0836347 0.0830875 0.0840433 0.0836913 0.046405 0.0467093 0.0473504 0.0496211 0.0530682 0.0469623 0.0483963 0.0492943 0.0473894 0.0462416 0.0456194 0.0464741 0.0464314 0.0463694 0.0459137 0.0456581 0.0455184 0.0455167 0.0458074 0.0469845 0.0471289 0.0475852 0.0491446 0.0496731 0.0503691 0.0508057 0.0507445 0.0515199 0.0513564 0.051367 -9999 -9999 -9999 -9999 -9999 -9999 -9999 -9999 -9999 -9999 -9999 -9999 -9999 -9999 -9999 -9999 -9999 -9999 -9999 -9999 -9999
0.00458718 0.00461585 0.00318858 0.00319298 0.00321704 0.00323021 0.0032244 0.00323201 0.0032129 0.00317516 0.0828523 0.0819196 0.0824042 0.0827843 0.0833251 0.0837282 0.0838434 0.0840566 0.0843214 0.0835206 0.0463347 0.0466234 0.0472346 0.048851 0.0517623 0.0460116 0.046553 0.0465947 0.0469147 0.0468557 0.0461664 0.0461677 0.0477028 0.0473479 0.0464285 0.0461776 0.0461504 0.0463252 0.0469375 0.0465894 0.0475459 0.0473593 0.0484607 0.0491536 0.0499521 0.0502398 0.0509931 0.0511581 0.0516376 0.0520299 -9999 -9999 -9999 -9999 -9999 -9999 -9999 -9999 -9999 -9999 -9999 -9999 -9999 -9999 -9999 -9999 -9999 -9999 -9999 -9999 -9999
0.00468112 0.00466967 0.00464509 0.00461486 0.00320451 0.00319858 0.00320642 0.00319047 0.00319288 0.00318592 0.0831104 0.0823017 0.0824185 0.082604 0.0831017 0.0835804 0.0839647 0.0844803 0.0846744 0.0843247 0.0837608 0.0839249 0.0842696 0.0473503 0.0477536 0.0462079 0.0459541 0.0458162 0.0462982 0.0470127 0.0474588 0.0478137 0.0489799 0.0480491 0.048014 0.0472419 0.0471314 0.0477667 0.0478872 0.04678 0.0479138 0.0478625 0.0483204 0.0487767 0.049609 0.0500331 0.0505687 0.0505233 0.0511364 0.0518015 -9999 -9999 -9999 -9999 -9999 -9999 -9999 -9999 -9999 -9999 -9999 -9999 -9999 -9999 -9999 -9999 -9999 -9999 -9999 -9999 -9999
0.00477336 0.00474189 0.00465942 0.00459901 0.00460886 0.00466777 0.0046414 0.00458722 0.00314809 0.00314887 0.00316492 0.0820057 0.0820633 0.0822146 0.0825257 0.0832206 0.0841085 0.0845632 0.0844017 0.0848742 0.0843749 0.0843148 0.0844071 0.0846323 0.0847098 0.0830872 0.0459778 0.0459188 0.0459101 0.0461056 0.0464558 0.0467326 0.0470186 0.0493749 0.0475032 0.0481333 0.0491987 0.0486633 0.048655 0.048856 0.0491523 0.0508738 0.0485477 0.0490673 0.04986 0.0501842 0.0506901 0.0509073 0.0513564 0.051831 0.0521502 -9999 -9999 -9999 -9999 -9999 -9999 -9999 -9999 -9999 -9999 -9999 -9999 -9999 -9999 -9999 -9999 -9999 -9999 -9999 -9999
0.00472573 0.00470575 0.00469138 0.00466975 0.00465297 0.00470106 0.00462004 0.00461445 0.00314009 0.00312089 0.00311286 0.0816354 0.0807756 0.0817823 0.0824944 0.0833857 0.0842113 0.0845937 0.0847771 0.0851293 0.0842072 0.0835194 0.0840947 0.0848196 0.0846226 0.0827417 0.0812571 0.0451784 0.0454581 0.0460044 0.0466535 0.0469557 0.0466777 0.0472657 0.0503039 0.0481471 0.0481826 0.05027 0.0525039 0.053203 0.0519898 0.0512015 0.0505095 0.0506591 0.0505162 0.0504896 0.0504974 0.0511088 0.0511656 0.0515038 0.0520674 -9999 -9999 -9999 -9999 -9999 -9999 -9999 -9999 -9999 -9999 -9999 -9999 -9999 -9999 -9999 -9999 -9999 -9999 -9999 -9999
0.00467522 0.0047232 0.00471644 0.00469818 0.00474425 0.00480152 0.0047523 0.00466656 0.083003 0.0821574 0.0818387 0.0822644 0.0825062 0.0826207 0.0825571 0.0832761 0.0841777 0.0845181 0.0845988 0.0849879 0.0836255 0.0837121 0.083565 0.0842701 0.0846466 0.0827955 0.0819888 0.0456186 0.0455315 0.0458824 0.0467546 0.0475512 0.0475246 0.048423 0.0504009 0.0472103 0.0470974 0.0478896 0.0501894 0.0541902 0.0547035 0.0546999 0.0518588 0.0509749 0.0507596 0.0515572 0.0510297 0.0514873 0.0520012 0.0520867 0.052359 0.0332716 -9999 -9999 -9999 -9999 -9999 -9999 -9999 -9999 -9999 -9999 -9999 -9999 -9999 -9999 -9999 -9999 -9999 -9999 -9999
0.00468598 0.00473132 0.00472526 0.00468593 0.00470735 0.00481037 0.00475866 0.00467124 0.0833397 0.0826147 0.0823348 0.0829714 0.0833148 0.0827661 0.083286 0.0838817 0.0838635 0.083986 0.0848399 0.0846932 0.0846973 0.0843478 0.0844138 0.0849433 0.0847512 0.0833939 0.083563 0.0458883 0.0455786 0.0455148 0.0460228 0.0470167 0.0482434 0.0497785 0.0535276 0.0497533 0.0501456 0.0516323 0.0527276 0.0537092 0.0541876 0.0508782 0.0508069 0.0513125 0.0520787 0.0518871 0.0514507 0.0523058 0.0524829 -9999 0.0329546 0.0326553 0.0327174 -9999 -9999 -9999 -9999 -9999 -9999 -9999 -9999 -9999 -9999 -9999 -9999 -9999 -9999 -9999 -9999 -9999 -9999
0.00478607 0.00483072 0.00485223 0.00478496 0.00473074 0.00478886 0.00465028 0.00463389 0.0834897 0.083331 0.0831245 0.0833443 0.0842281 0.0834986 0.0836657 0.0844327 0.0848034 0.084772 0.0846348 0.0839623 0.0848037 0.0849428 0.0838536 0.0841467 0.0848058 0.0842987 0.0840491 0.0462981 0.0454947 0.0458145 0.0462886 0.0470522 0.0486872 0.0500555 0.0513597 0.052778 0.0543338 0.0534115 0.0521767 0.0519848 0.0518819 0.0481279 0.0495065 0.0500469 0.0502841 0.0507082 0.0511414 0.0327413 0.0329763 0.032851 0.0326484 0.0328253 0.0329564 -9999 -9999 -9999 -9999 -9999 -9999 -9999 -9999 -9999 -9999 -9999 -9999 -9999 -9999 -9999 -9999 -9999 -9999
0.00480436 0.00479282 0.00479461 0.00477098 0.0047417 0.00473119 0.00467409 0.0829205 0.0836885 0.083596 0.0833619 0.0834751 0.0836735 0.083946 0.0841872 0.0839415 0.0839018 0.0837497 0.0837821 0.0845359 0.0846386 0.0843719 0.0833152 0.0834995 0.0846062 0.0845587 0.0837901 0.0462547 0.0454313 0.0462883 0.0468814 0.0470769 0.047667 0.0499477 0.050787 0.0541796 0.0544698 0.0496583 0.0480013 0.0483681 0.0482695 0.0470609 0.0502326 0.0500854 0.0320787 0.0325953 0.0510209 0.0322973 0.0318676 0.0319904 0.0322437 0.0326337 0.0329544 -9999 -9999 -9999 -9999 -9999 -9999 -9999 -9999 -9999 -9999 -9999 -9999 -9999 -9999 -9999 -9999 -9999 -9999
0.00477459 0.00469351 0.0047001 0.00471105 0.00470705 0.00471655 0.00472962 0.0842262 0.0838007 0.0833424 0.0827826 0.0826213 0.0829314 0.0832662 0.0835274 0.0836089 0.0832545 0.0829965 0.0832804 0.0843012 0.0849038 0.0849704 0.0841487 0.0844541 0.0842734 0.0829076 0.0836023 0.0464238 0.0457798 0.0461634 0.0472312 0.0500764 0.0504491 0.050259 0.0537998 0.0539183 0.0500748 0.0493671 0.0480556 0.0475326 0.0473491 0.046994 0.0500145 0.0515411 0.032718 0.0322521 0.032273 0.0324061 0.0321601 0.0320113 0.0323629 0.0327255 0.0329962 0.0331557 -9999 -9999 -9999 -9999 -9999 -9999 -9999 -9999 -9999 -9999 -9999 -9999 -9999 -9999 -9999 -9999 -9999
0.00483765 0.00476401 0.00469739 0.00465799 0.00465987 0.00467575 0.00466029 0.00470732 0.0836419 0.0835944 0.0824881 0.0813247 0.0813988 0.0821123 0.0822623 0.0822139 0.082708 0.0833227 0.0836971 0.0839116 0.0852496 0.0857183 0.0858664 0.0849239 0.0851171 0.0849752 0.00211649 0.00208685 0.00204289 -9999 0.0462093 0.0469934 0.0485068 0.0502374 0.0516233 0.0513328 0.0480728 0.0516835 0.0490986 0.047698 0.0472836 0.0468882 0.0320525 0.0307908 0.0310375 0.0319072 0.0324784 0.0326396 0.0326077 0.0328566 0.0333034 0.0335729 0.033534 0.0334373 -9999 -9999 -9999 -9999 -9999 -9999 -9999 -9999 -9999 -9999 -9999 -9999 -9999 -9999 -9999 -9999 -9999
