disasters/re_heat_pop.asc
ncols         768
nrows         589
xllcorner     124.299398925
yllcorner     32.893460211367
cellsize      0.010567299164062
NODATA_value  -9999
[rows 384 to 415 of 589, columns 284 to 354 of 768]
0.207166 0.193752 0.174045 0.168039 0.171291 0.162046 0.168645 0.175033 0.148682 0.172669 0.193903 0.193537 0.191137 0.186933 0.164642 0.190794 0.190825 0.189077 0.172839 0.184944 0.192852 0.167349 0.136744 0.133153 0.142706 0.172149 0.191764 0.172519 0.178727 0.183018 0.179679 0.194988 0.168894 0.137738 0.129926 0.139162 0.168795 0.201963 0.202632 0.182468 0.182802 0.210945 0.203092 0.0909464 0.0840666 0.0882914 0.0917665 0.0974545 0.083219 0.0806385 0.098183 0.0959268 0.0969553 0.0926507 0.0940528 0.0954059 0.0957119 0.0961258 0.0959529 0.0958343 0.318713 0.326256 0.324658 0.315128 0.302939 0.313747 0.32278 0.315466 -9999 -9999 -9999
0.202264 0.194338 0.175686 0.166082 0.174543 0.183134 0.171489 0.19767 0.170919 0.158176 0.149568 0.164351 0.188018 0.182407 0.172087 0.180833 0.169874 0.180892 0.176827 0.187356 0.188539 0.172909 0.151073 0.132014 0.141237 0.186648 0.187016 0.179783 0.193905 0.203082 0.203651 0.207377 0.185092 0.14821 0.146699 0.151886 0.162934 0.190937 0.203168 0.204233 0.213714 0.206855 0.20417 0.205725 0.0832354 0.0892554 0.0914088 0.0974004 0.086167 0.0848582 0.0959287 0.0946102 0.0923306 0.0943285 0.0951167 0.0913912 0.0954327 0.0914702 0.0910649 0.0898689 0.313348 0.315725 0.316585 0.308324 -9999 -9999 -9999 -9999 -9999 -9999 -9999
0.18586 0.18864 0.175784 0.173588 0.187119 0.193439 0.191295 0.190439 0.1879 0.167012 0.162516 0.174108 0.188874 0.201198 0.21181 0.18705 0.19405 0.200397 0.177789 0.187786 0.191121 0.17133 0.154038 0.155238 0.165966 0.163376 0.200398 0.169955 0.171127 0.199553 0.219275 0.209251 0.183058 0.151226 0.142906 0.16072 0.168821 0.183195 0.17743 0.188897 0.213156 0.218847 0.218594 0.20701 0.0867254 -9999 0.0893581 0.0969749 0.0921049 0.0943777 0.0937399 0.0912728 0.0930202 0.0918772 0.094467 0.0942263 0.0947507 0.0911912 0.0893433 0.0882638 0.311301 0.318743 0.309243 -9999 -9999 -9999 -9999 -9999 -9999 -9999 -9999
0.157984 0.177785 0.179317 0.181684 0.193667 0.197227 0.196732 0.189171 0.204204 0.195341 0.187694 0.19004 0.198683 0.204067 0.205349 0.208968 0.194333 0.216852 0.19701 0.193639 0.201233 0.18755 0.160199 0.153473 0.172468 0.176959 0.211369 0.184206 0.172084 0.184575 0.20631 0.208681 0.171194 0.137845 0.155392 0.151751 0.167695 0.171259 0.164928 0.179154 0.216151 0.209404 0.21325 0.192293 0.215026 0.0899112 -9999 0.096211 0.0933016 0.0946502 0.0895318 0.0940297 0.0917387 0.0935884 0.0956694 0.0937637 0.0915247 0.0911527 0.0893423 0.295779 0.299639 0.306385 0.305915 -9999 -9999 -9999 -9999 -9999 -9999 -9999 -9999
0.151292 0.158154 0.156056 0.161902 0.179143 0.187674 0.190283 0.195078 0.209855 0.203195 0.201145 0.194099 0.182342 0.176793 0.18487 0.208774 0.212042 0.219646 0.204841 0.204154 0.210283 0.190718 0.167443 0.164938 0.164436 0.208084 0.19568 0.199252 0.189818 0.195124 0.21383 0.211874 0.179905 0.165593 0.188371 0.172645 0.169387 0.18541 0.187102 0.19037 0.212075 0.205395 0.206931 0.190013 0.207794 0.213182 0.0932077 0.0941866 0.0943602 0.0952075 0.0878465 0.0899661 0.0912365 0.0904468 0.0843385 0.0839014 0.088656 0.0941432 -9999 -9999 -9999 0.299563 0.304173 0.307145 0.299064 0.290036 -9999 -9999 -9999 -9999 -9999
0.143532 0.132973 0.133237 0.149664 0.167621 0.1732 0.183691 0.193247 0.210181 0.206097 0.194306 0.180222 0.162978 0.159658 0.179107 0.183874 0.202866 0.216425 0.218488 0.208681 0.213848 0.202692 0.185853 0.187116 0.19089 0.205053 0.196817 0.21608 0.210198 0.213547 0.213771 0.216495 0.191985 0.158235 0.189609 0.203248 0.196508 0.198885 0.189632 0.195796 0.208791 0.199006 0.2103 0.193472 0.201676 0.197682 -9999 0.09494 0.0925416 0.0909744 0.0878215 0.0894172 0.0931644 0.0760115 0.0672151 0.0718964 0.0795581 -9999 -9999 -9999 -9999 -9999 -9999 0.289169 0.286412 0.288422 -9999 -9999 -9999 -9999 -9999
0.143548 0.130247 0.146111 0.168285 0.177069 0.178593 0.188019 0.204579 0.195391 0.180104 0.173557 0.160429 0.148403 0.149602 0.163064 0.171346 0.186577 0.193095 0.214039 0.213369 0.21426 0.201857 0.186516 0.192958 0.206957 0.218597 0.196967 0.215079 0.210111 0.214137 0.218076 0.207258 0.179689 0.147148 0.177096 0.208886 0.204867 0.199285 0.20329 -9999 0.206636 0.199541 0.206481 0.181592 -9999 0.0934337 0.0878047 0.0861316 0.0865854 0.087001 0.0899874 0.091224 0.0880199 0.0725555 0.0572638 0.0583902 -9999 -9999 -9999 -9999 -9999 -9999 -9999 -9999 -9999 -9999 -9999 -9999 -9999 -9999 -9999
0.133312 0.143223 0.16017 0.162498 0.165371 0.177994 0.189204 0.209079 0.177819 0.159962 0.16759 0.166538 0.163067 0.158388 0.154227 0.172603 0.190698 0.18074 0.206669 0.204784 0.202347 0.208577 0.19963 0.195633 0.204362 0.216782 0.216728 0.21718 0.217307 0.216265 0.205285 0.187429 0.176318 0.164763 0.16583 0.195557 0.207924 0.206718 0.203627 -9999 -9999 -9999 -9999 0.196044 -9999 0.0894152 0.0877552 0.0884108 0.0883905 0.0864392 0.0864726 0.0894885 0.0879714 0.0690357 0.0594898 0.0583004 -9999 -9999 -9999 -9999 -9999 -9999 -9999 -9999 -9999 -9999 -9999 -9999 -9999 -9999 -9999
0.188039 0.160883 0.163396 0.179102 0.178638 0.174452 0.189439 0.201146 0.191561 0.20064 0.202036 0.175513 0.154 0.16024 0.18251 0.183607 0.173229 0.187984 0.201963 0.204315 0.184357 0.188268 0.20279 0.205234 0.208426 0.205568 0.213715 0.210725 0.208244 0.207704 0.210864 0.205159 0.204522 0.194009 0.198909 0.202573 0.202936 0.188788 0.171691 -9999 -9999 -9999 -9999 -9999 -9999 -9999 0.0837129 0.0836232 0.0838461 0.0837475 0.0827181 0.0829077 0.0841536 0.0879062 0.0783381 -9999 -9999 -9999 -9999 -9999 -9999 -9999 -9999 -9999 -9999 -9999 -9999 -9999 -9999 -9999 -9999
0.187156 0.175024 0.165264 0.17013 0.180835 0.182406 0.175082 0.177518 0.180048 0.202045 0.20776 0.2059 0.187051 0.171257 0.172695 0.183026 0.189041 0.18945 0.192606 0.193719 0.194456 0.197311 0.196989 0.202884 0.202786 0.211773 0.211765 -9999 0.204069 0.204228 0.206249 0.199835 0.197784 0.182738 0.190693 0.197549 0.194295 0.18396 0.169678 -9999 -9999 -9999 -9999 -9999 -9999 -9999 -9999 -9999 -9999 -9999 -9999 -9999 -9999 -9999 -9999 -9999 -9999 -9999 -9999 -9999 -9999 -9999 -9999 -9999 -9999 -9999 -9999 -9999 -9999 -9999 -9999
0.173465 0.167383 0.160571 0.172548 0.181927 0.183437 0.189401 0.194668 0.186258 0.202213 0.203127 0.20062 0.200584 0.194726 0.194378 0.194742 0.189018 0.183706 0.191927 0.184915 0.186909 0.188829 0.191507 0.194764 0.197346 0.198387 0.203767 -9999 -9999 -9999 0.197572 0.188766 0.187191 0.17128 0.183845 0.200657 0.198926 0.19277 -9999 -9999 -9999 -9999 -9999 -9999 -9999 -9999 -9999 -9999 -9999 -9999 -9999 -9999 -9999 -9999 -9999 -9999 -9999 -9999 -9999 -9999 -9999 -9999 -9999 -9999 -9999 -9999 -9999 -9999 -9999 -9999 -9999
0.186056 0.168506 0.174548 0.181983 0.187287 0.191021 0.187095 0.173876 0.166769 0.19195 0.193301 0.195155 0.196225 0.193648 0.194206 0.194875 0.185298 0.166552 0.188072 0.185301 0.184139 0.190651 0.19562 0.192868 0.187803 0.189083 -9999 -9999 -9999 -9999 0.197681 0.178259 0.163116 0.155595 0.176971 0.197677 0.194872 -9999 -9999 -9999 -9999 -9999 -9999 -9999 -9999 -9999 -9999 -9999 -9999 -9999 -9999 -9999 -9999 -9999 -9999 -9999 0.112125 -9999 -9999 -9999 -9999 -9999 -9999 -9999 -9999 -9999 -9999 -9999 -9999 -9999 -9999
0.193219 0.184357 0.18092 0.184693 0.183464 0.178254 0.173158 0.168511 0.174897 0.188106 0.190871 0.194329 0.187355 0.189114 0.192384 0.188429 0.189351 0.181424 0.185462 0.183996 0.182099 0.183017 0.183427 0.185875 -9999 -9999 -9999 -9999 -9999 -9999 -9999 0.187474 0.176215 0.180499 0.186966 -9999 -9999 -9999 -9999 -9999 -9999 -9999 -9999 -9999 -9999 -9999 -9999 -9999 -9999 -9999 -9999 -9999 -9999 -9999 -9999 -9999 0.109479 -9999 -9999 -9999 -9999 -9999 -9999 -9999 -9999 -9999 -9999 -9999 -9999 -9999 -9999
0.190245 0.186902 0.182752 0.191954 0.19775 0.187989 0.176815 0.177511 0.183632 0.188415 0.185599 0.186093 0.181301 0.18416 0.190815 0.1914 0.189059 0.183105 0.179504 0.180034 0.181865 0.182944 0.183616 0.184069 0.184999 0.186757 -9999 -9999 -9999 -9999 -9999 0.195455 0.194923 0.195832 -9999 -9999 -9999 -9999 -9999 -9999 -9999 -9999 -9999 -9999 -9999 -9999 -9999 -9999 -9999 -9999 -9999 -9999 -9999 -9999 0.115702 0.10172 0.100684 -9999 -9999 -9999 -9999 -9999 -9999 -9999 -9999 -9999 -9999 -9999 -9999 -9999 -9999
0.191817 0.183092 0.184 0.197333 0.202273 0.197417 0.190597 0.18424 0.170889 0.170127 0.173013 0.180609 0.175187 0.180198 0.188301 0.188629 0.19072 0.188874 0.181788 0.18538 0.18347 0.183899 0.183971 0.186141 0.190417 0.194651 -9999 -9999 -9999 -9999 -9999 -9999 -9999 -9999 -9999 -9999 -9999 -9999 -9999 -9999 -9999 -9999 -9999 -9999 -9999 -9999 -9999 -9999 -9999 -9999 -9999 -9999 -9999 -9999 -9999 -9999 0.104974 -9999 -9999 -9999 -9999 -9999 -9999 -9999 -9999 -9999 -9999 -9999 -9999 -9999 -9999
0.0830291 0.0762243 0.178454 0.19477 0.201955 0.201312 0.197573 0.186124 0.174107 0.168017 0.161345 0.170983 0.170716 0.175637 0.179979 0.180274 0.185647 0.185171 0.181797 0.188346 0.185293 0.183359 0.182334 0.188506 0.192894 -9999 -9999 -9999 -9999 -9999 -9999 -9999 -9999 -9999 -9999 -9999 -9999 -9999 -9999 -9999 -9999 -9999 -9999 -9999 -9999 -9999 -9999 -9999 -9999 -9999 -9999 -9999 -9999 -9999 -9999 -9999 0.112966 -9999 -9999 -9999 -9999 -9999 -9999 -9999 -9999 -9999 -9999 -9999 -9999 -9999 -9999
0.0859091 0.0811739 0.0832216 0.0872368 0.199364 0.197518 0.199815 0.192924 0.184669 0.184605 0.172076 0.16547 0.174551 0.183774 0.184644 0.183911 0.182309 -9999 -9999 -9999 -9999 0.179471 0.179168 0.26937 0.261254 -9999 -9999 -9999 -9999 -9999 -9999 -9999 -9999 -9999 -9999 -9999 -9999 -9999 -9999 -9999 -9999 -9999 -9999 -9999 -9999 -9999 -9999 -9999 -9999 -9999 -9999 -9999 0.106755 0.100112 0.110856 0.114257 -9999 -9999 -9999 -9999 -9999 -9999 -9999 -9999 -9999 -9999 -9999 -9999 -9999 -9999 -9999
0.0867111 0.0887515 0.0887392 0.0871896 0.19723 0.198036 0.192252 0.178208 0.174988 0.183449 0.186262 0.174062 0.172936 0.183769 0.182796 0.186176 0.186286 -9999 -9999 -9999 -9999 -9999 -9999 0.251439 0.246607 0.278874 -9999 -9999 -9999 -9999 -9999 -9999 -9999 -9999 -9999 -9999 -9999 -9999 -9999 -9999 -9999 -9999 -9999 -9999 -9999 -9999 -9999 -9999 -9999 -9999 -9999 -9999 0.112195 0.106604 0.0893335 -9999 -9999 -9999 -9999 -9999 -9999 -9999 -9999 -9999 -9999 -9999 -9999 -9999 -9999 -9999 -9999
0.0877703 0.085266 0.088706 0.0879139 0.0865617 0.0861487 0.0812932 0.170356 0.157837 0.168693 0.177376 0.181376 0.182109 0.183129 0.182933 0.181678 0.177437 -9999 -9999 -9999 -9999 -9999 -9999 0.165372 0.241919 0.267525 0.270806 -9999 -9999 -9999 -9999 -9999 -9999 -9999 -9999 -9999 -9999 -9999 -9999 -9999 -9999 -9999 -9999 -9999 -9999 -9999 -9999 -9999 -9999 -9999 -9999 0.102894 0.0914731 0.0889526 0.0874969 -9999 -9999 -9999 -9999 -9999 -9999 -9999 -9999 -9999 -9999 0.0982115 0.104507 -9999 -9999 -9999 0.110999
0.0854187 0.0789561 0.0868164 0.0874976 0.0857561 0.0848896 0.077606 0.071495 0.174447 0.172887 0.174792 -9999 0.180242 0.178732 0.171196 0.169986 0.174351 -9999 -9999 -9999 -9999 -9999 -9999 0.171128 0.253257 0.266457 0.254975 -9999 -9999 -9999 -9999 -9999 -9999 -9999 -9999 -9999 -9999 -9999 -9999 -9999 -9999 -9999 -9999 -9999 -9999 -9999 -9999 -9999 -9999 -9999 0.1055 0.0948218 0.080166 0.0763774 0.0756079 0.0771648 -9999 -9999 -9999 -9999 -9999 -9999 -9999 -9999 0.107619 0.0801896 0.0972691 0.104392 -9999 0.105017 0.110764
0.0782122 0.0822913 0.083275 0.0857424 0.0843534 0.0842552 0.082795 0.0816302 0.177502 0.182315 0.178793 -9999 -9999 -9999 -9999 -9999 -9999 -9999 -9999 -9999 -9999 -9999 -9999 -9999 0.257024 0.253495 0.219791 0.2249 -9999 -9999 -9999 -9999 -9999 -9999 -9999 -9999 -9999 -9999 -9999 -9999 -9999 -9999 0.26039 -9999 -9999 -9999 -9999 -9999 -9999 -9999 0.102262 0.0814139 0.0772644 0.0765694 0.077142 0.078069 -9999 -9999 -9999 -9999 -9999 -9999 -9999 -9999 -9999 -9999 -9999 -9999 -9999 -9999 -9999
0.0853993 0.0865679 0.0861418 0.0855293 0.0850237 -9999 -9999 -9999 -9999 -9999 -9999 -9999 -9999 -9999 -9999 -9999 -9999 -9999 -9999 -9999 -9999 -9999 -9999 -9999 -9999 0.25371 0.21778 0.215496 0.224981 -9999 -9999 -9999 -9999 -9999 -9999 -9999 -9999 -9999 -9999 -9999 0.258094 0.244762 0.257147 -9999 -9999 -9999 -9999 -9999 -9999 -9999 -9999 0.0803247 0.0780415 0.0789925 0.0799537 0.0801091 0.108074 -9999 -9999 -9999 -9999 -9999 -9999 -9999 -9999 -9999 -9999 -9999 -9999 -9999 -9999
0.0798147 0.0833985 0.0855025 0.0815643 0.0941092 -9999 -9999 -9999 -9999 -9999 -9999 -9999 -9999 -9999 -9999 -9999 -9999 -9999 -9999 -9999 -9999 -9999 -9999 -9999 -9999 0.251513 0.243039 0.238917 0.247557 -9999 -9999 -9999 -9999 -9999 -9999 -9999 0.243329 0.245364 0.25489 0.256085 0.235428 0.232542 0.257063 -9999 -9999 -9999 -9999 -9999 -9999 -9999 -9999 0.0822548 0.0801561 0.0819863 0.0912656 0.0933308 0.107816 0.112474 0.111797 -9999 -9999 -9999 -9999 -9999 -9999 -9999 -9999 -9999 -9999 -9999 -9999
0.0802637 0.0814304 0.0897148 0.085979 0.0889286 0.0925779 0.09272 0.0795488 -9999 -9999 -9999 -9999 -9999 -9999 -9999 -9999 -9999 -9999 -9999 -9999 -9999 -9999 -9999 -9999 -9999 0.244603 0.220843 0.221148 0.254277 0.217509 0.231914 0.264709 -9999 -9999 0.248958 0.247914 0.243863 0.250171 0.240983 0.229748 0.203901 0.237599 0.245684 -9999 -9999 -9999 -9999 -9999 -9999 -9999 -9999 -9999 0.0933804 0.0960442 0.0954173 0.0999187 0.106808 0.106921 0.104412 0.105698 -9999 -9999 -9999 -9999 -9999 0.106431 0.0948637 0.100741 0.111496 0.112073 0.111049
0.0866482 0.0852633 0.0796521 0.0847449 0.0891416 0.0914531 0.0922742 0.0890372 -9999 -9999 -9999 -9999 -9999 -9999 -9999 -9999 -9999 -9999 -9999 -9999 -9999 -9999 -9999 -9999 -9999 -9999 0.219259 0.228517 0.250441 0.224448 0.255879 0.245771 -9999 -9999 0.255719 0.247436 0.252386 0.251546 0.211974 0.225949 0.221341 0.231954 -9999 -9999 -9999 -9999 -9999 -9999 -9999 -9999 -9999 -9999 -9999 0.10103 0.103913 0.100304 0.0899478 0.0935218 0.0840941 0.0942605 -9999 -9999 -9999 -9999 -9999 0.108497 0.105255 0.103227 0.105765 0.105163 0.105943
0.0872233 0.0840576 0.0827754 0.0876034 0.091917 -9999 -9999 -9999 -9999 -9999 -9999 -9999 -9999 -9999 -9999 -9999 -9999 -9999 -9999 -9999 -9999 -9999 -9999 -9999 -9999 -9999 0.232658 0.229208 0.232239 0.247206 0.218381 0.237922 0.252211 0.245937 0.246535 0.241792 0.219212 0.202078 0.204063 0.197095 0.226992 0.206804 -9999 -9999 -9999 -9999 -9999 -9999 -9999 -9999 -9999 -9999 -9999 0.085308 0.0863668 0.0969222 0.0854787 0.0790956 0.0748761 0.0833517 0.0871279 0.10475 0.109359 0.109412 0.108248 0.10135 0.0870245 0.0933985 0.0968625 0.105107 0.102919
0.0919107 0.0909145 0.0922006 0.0933034 -9999 -9999 -9999 -9999 -9999 -9999 -9999 -9999 -9999 -9999 -9999 -9999 -9999 -9999 -9999 -9999 -9999 -9999 -9999 -9999 -9999 -9999 -9999 0.241161 0.232409 0.233726 0.233839 0.240611 0.247101 0.250018 0.245482 0.244373 0.240823 0.224209 0.208066 0.210769 0.209459 -9999 -9999 -9999 -9999 -9999 -9999 -9999 -9999 -9999 -9999 -9999 -9999 -9999 0.0998459 0.101493 0.0957507 0.0956175 -9999 -9999 -9999 -9999 -9999 0.100555 0.0926398 0.0859351 0.0818402 0.0828695 0.0913659 0.088665 -9999
0.0921903 0.0905849 0.0921198 0.0918375 -9999 -9999 -9999 -9999 -9999 -9999 -9999 -9999 -9999 -9999 -9999 -9999 -9999 -9999 -9999 -9999 -9999 -9999 -9999 -9999 -9999 -9999 -9999 0.240048 0.236797 0.239591 0.242006 0.236858 0.23442 0.239268 0.23811 0.234887 0.227623 0.215613 0.217853 0.224382 0.210263 -9999 -9999 -9999 -9999 -9999 -9999 -9999 -9999 -9999 -9999 -9999 -9999 -9999 0.0987295 0.0989922 -9999 -9999 -9999 -9999 -9999 -9999 -9999 0.0927431 0.0881323 0.0857389 0.0850842 0.0833847 0.0942034 0.0913253 -9999
0.0897362 0.0906976 0.0910098 0.0913156 0.0915015 0.0892219 0.0872034 0.086908 -9999 -9999 -9999 -9999 -9999 -9999 -9999 -9999 -9999 -9999 -9999 -9999 -9999 -9999 -9999 -9999 -9999 -9999 -9999 -9999 0.241155 0.226044 0.241734 0.237914 0.240469 0.231886 -9999 0.238148 0.234732 0.217397 0.209226 0.219071 0.215901 -9999 -9999 -9999 -9999 -9999 -9999 -9999 -9999 -9999 -9999 -9999 -9999 0.0863377 0.0840483 0.084816 -9999 -9999 -9999 -9999 -9999 -9999 -9999 0.0834458 0.0795014 0.0770116 0.0770262 0.0778521 0.0905475 0.0853392 -9999
-9999 -9999 -9999 -9999 -9999 0.0874389 -9999 -9999 -9999 -9999 -9999 -9999 -9999 -9999 -9999 -9999 -9999 -9999 -9999 -9999 -9999 -9999 -9999 -9999 -9999 -9999 -9999 -9999 0.242466 0.232918 0.242149 0.238192 0.218358 -9999 -9999 -9999 -9999 0.231739 0.215587 0.218848 0.209535 -9999 -9999 -9999 -9999 -9999 -9999 -9999 -9999 -9999 -9999 -9999 -9999 -9999 0.0964038 0.0939739 -9999 -9999 -9999 -9999 -9999 -9999 -9999 0.0848748 0.0841695 0.0812139 0.0815796 0.082693 0.0831247 0.0839507 -9999
-9999 -9999 -9999 -9999 -9999 0.0816179 -9999 -9999 -9999 -9999 -9999 -9999 -9999 -9999 -9999 -9999 -9999 -9999 -9999 -9999 -9999 -9999 -9999 -9999 -9999 -9999 -9999 -9999 -9999 0.241163 0.246664 -9999 -9999 -9999 -9999 -9999 -9999 -9999 0.222419 0.21148 -9999 -9999 -9999 -9999 -9999 -9999 -9999 -9999 -9999 -9999 -9999 -9999 -9999 -9999 -9999 0.0873544 -9999 -9999 -9999 -9999 -9999 -9999 -9999 0.0962467 0.0914869 0.0891645 0.0874094 0.0864392 0.0859495 0.0843628 -9999
-9999 -9999 -9999 -9999 -9999 0.0855841 -9999 -9999 -9999 -9999 -9999 -9999 -9999 -9999 -9999 -9999 -9999 -9999 -9999 -9999 -9999 -9999 -9999 -9999 -9999 -9999 -9999 -9999 0.233889 0.231358 0.225275 -9999 -9999 -9999 -9999 -9999 -9999 -9999 -9999 -9999 -9999 -9999 -9999 -9999 -9999 -9999 -9999 -9999 -9999 -9999 -9999 -9999 -9999 -9999 -9999 -9999 -9999 -9999 -9999 -9999 -9999 -9999 -9999 -9999 0.0968594 0.0998618 0.0992883 -9999 0.100497 -9999 -9999
