disasters/re_slide.asc
ncols         768
nrows         589
xllcorner     124.299398925
yllcorner     32.893460211367
cellsize      0.010567299164062
NODATA_value  -9999
[rows 374 to 407 of 589, columns 308 to 384 of 768]
0.637 0.649 0.4 0.584 0.72 0.751 0.585 0.678 0.524 0.513 0.63 0.761 0.495 0.498 0.676 0.734 0.651 0.648 0.653 0.853 0.899 0.865 0.78 0.752 0.692 0.684 0.688 0.689 0.631 0.621 0.64 0.511 0.592 0.595 0.613 0.69 0.672 0.719 0.509 0.403 0.396 0.483 0.319 0.306 0.31 0.323 0.28 0.213 0.433 0.443 0.369 0.328 0.176 0.219 0.309 0.166 0.14 0.143 0.231 0.157 0.164 0.199 0.131 0.134 0.128 0.132 0.075 0.095 0.08 0.087 0.089 0.099 0.107 0.117 0.086 0.098 0.13
0.724 0.733 0.391 0.547 0.626 0.646 0.626 0.664 0.531 0.709 0.499 0.547 0.468 0.464 0.773 0.692 0.662 0.671 0.773 0.882 0.871 0.805 0.818 0.682 0.636 0.677 0.749 0.605 0.667 0.653 0.637 0.569 0.724 0.683 0.635 0.773 0.587 0.608 0.395 0.352 0.635 0.35 0.604 0.294 0.336 0.615 0.387 0.356 0.384 0.388 0.208 0.202 0.292 0.256 0.247 0.294 0.168 0.156 0.185 0.167 0.14 0.211 0.159 0.132 0.16 0.157 0.085 0.141 0.145 0.112 0.17 0.112 0.1 0.175 0.114 0.106 0.12
0.627 0.637 0.643 0.526 0.687 0.698 0.622 0.775 0.591 0.714 0.663 0.518 0.49 0.691 0.786 0.728 0.757 0.777 0.822 0.886 0.81 0.9 0.721 0.633 0.649 0.61 0.62 0.694 0.627 0.583 0.716 0.584 0.632 0.693 0.713 0.708 0.688 0.642 0.356 0.341 0.353 0.618 0.499 0.42 0.513 0.453 0.311 0.27 0.293 0.294 0.224 0.241 0.248 0.349 0.268 0.242 0.294 0.138 0.146 0.137 0.145 0.162 0.137 0.173 0.149 0.149 0.141 0.199 0.188 0.155 0.191 0.114 0.203 0.109 0.119 0.162 0.108
0.591 0.6 0.554 0.427 0.69 0.668 0.639 0.795 0.69 0.684 0.698 0.696 0.471 0.826 0.822 0.791 0.831 0.849 0.866 0.847 0.87 0.755 0.732 0.609 0.643 0.569 0.683 0.631 0.63 0.584 0.679 0.67 0.637 0.727 0.685 0.776 0.628 0.718 0.467 0.424 0.343 0.599 0.407 0.435 0.485 0.339 0.407 0.25 0.311 0.309 0.239 0.189 0.286 0.243 0.279 0.178 0.199 0.14 0.13 0.127 0.137 0.141 0.135 0.146 0.143 0.144 0.173 0.2 0.129 0.236 0.163 0.181 0.217 0.149 0.148 0.137 0.191
0.345 0.369 0.376 0.392 0.57 0.703 0.753 0.782 0.779 0.638 0.716 0.724 0.405 0.806 0.679 0.836 0.853 0.897 0.9 0.879 0.84 0.7 0.746 0.648 0.642 0.684 0.651 0.64 0.703 0.632 0.634 0.58 0.783 0.834 0.773 0.589 0.656 0.428 0.428 0.428 0.426 0.55 0.466 0.369 0.29 0.375 0.238 0.258 0.256 0.25 0.245 0.188 0.23 0.211 0.237 0.28 0.216 0.133 0.139 0.167 0.152 0.189 0.152 0.142 0.137 0.179 0.21 0.153 0.173 0.19 0.161 0.27 0.238 0.165 0.204 0.171 0.283
0.612 0.625 0.445 0.708 0.75 0.544 0.508 0.67 0.808 0.782 0.802 0.792 0.458 0.7 0.818 0.827 0.895 0.895 0.876 0.885 0.723 0.575 0.598 0.511 0.514 0.626 0.739 0.633 0.581 0.657 0.73 0.673 0.597 0.654 0.72 0.489 0.505 0.643 0.589 0.497 0.542 0.32 0.42 0.306 0.329 0.25 0.261 0.263 0.202 0.197 0.221 0.178 0.177 0.167 0.201 0.191 0.216 0.175 0.231 0.138 0.17 0.163 0.149 0.134 0.153 0.182 0.18 0.226 0.195 0.173 0.213 0.231 0.235 0.214 0.212 0.192 0.165
0.678 0.61 0.646 0.73 0.719 0.653 0.564 0.582 0.793 0.79 0.798 0.85 0.839 0.573 0.675 0.693 0.659 0.881 0.848 0.701 0.599 0.601 0.49 0.672 0.74 0.664 0.719 0.744 0.633 0.628 0.718 0.8 0.851 0.665 0.602 0.724 0.422 0.491 0.484 0.454 0.376 0.458 0.302 0.403 0.223 0.244 0.229 0.224 0.223 0.187 0.181 0.143 0.181 0.284 0.238 0.201 0.229 0.212 0.239 0.105 0.156 0.136 0.151 0.192 0.29 0.187 0.183 0.199 0.212 0.227 0.304 0.227 0.161 0.139 0.188 0.149 0.139
0.69 0.713 0.734 0.631 0.714 0.675 0.784 0.823 0.752 0.881 0.868 0.864 0.866 0.655 0.451 0.534 0.578 0.715 0.712 0.643 0.564 0.575 0.568 0.724 0.656 0.603 0.595 0.758 0.81 0.76 0.856 0.82 0.789 0.681 0.674 0.586 0.387 0.454 0.339 0.616 0.303 0.46 0.35 0.48 0.175 -9999 -9999 -9999 -9999 -9999 0.161 0.22 0.199 0.263 0.248 0.239 0.336 0.22 0.179 0.148 0.211 0.192 0.241 0.257 0.183 0.214 0.216 0.25 0.212 0.202 0.23 0.274 0.17 0.126 0.228 0.105 0.137
0.73 0.554 0.573 0.604 0.662 0.685 0.838 0.864 0.807 0.85 0.877 0.859 0.878 0.839 0.749 0.442 0.561 0.506 0.504 0.563 0.442 0.482 0.506 0.842 0.761 0.685 0.559 0.85 0.857 0.859 0.837 0.821 0.701 0.668 0.657 0.506 0.616 0.42 0.444 0.408 0.374 0.282 0.323 0.217 -9999 -9999 -9999 -9999 -9999 -9999 0.145 0.177 0.198 0.326 0.247 0.206 0.208 0.236 0.289 0.147 0.292 0.185 0.175 0.311 0.22 0.2 0.213 0.318 0.327 0.323 0.198 0.277 0.232 0.183 0.129 0.174 0.16
0.758 0.661 0.67 0.616 0.622 0.643 0.653 0.888 0.849 0.871 0.85 0.772 0.757 0.717 0.728 0.518 0.446 0.479 0.484 0.495 0.505 0.396 0.825 0.737 0.685 0.721 0.608 0.704 0.672 0.696 0.62 0.597 0.527 0.567 0.576 0.454 0.554 0.363 0.286 0.359 0.288 0.298 0.308 0.224 -9999 -9999 -9999 -9999 -9999 0.15 0.144 0.239 0.132 0.183 0.293 0.261 0.239 0.241 0.24 0.366 0.195 0.394 0.208 0.234 0.384 0.324 0.284 0.279 0.29 0.341 0.302 0.206 0.226 0.172 0.263 0.129 0.157
0.581 0.728 0.718 0.681 0.672 0.691 0.762 0.835 0.849 0.881 0.741 0.726 0.753 0.625 0.639 0.71 0.602 0.465 0.468 0.441 0.506 0.415 0.811 0.795 0.652 0.764 0.569 0.616 0.739 0.523 0.421 0.437 0.318 0.421 0.412 0.471 0.386 0.269 0.457 0.29 0.28 0.273 0.221 0.265 -9999 -9999 -9999 -9999 -9999 0.158 0.232 0.216 0.304 0.261 0.286 0.199 0.154 0.211 0.203 0.266 0.268 0.209 0.263 0.197 0.263 0.245 0.306 0.294 0.294 0.261 0.211 0.247 0.153 0.149 0.14 0.104 0.073
0.717 0.733 0.699 0.692 0.668 0.524 0.78 0.803 0.755 0.719 0.711 0.637 0.623 0.574 0.503 0.695 0.683 0.535 0.544 0.39 0.479 0.436 0.855 0.731 0.503 0.819 0.49 0.477 0.424 0.751 0.467 0.36 0.336 0.294 0.337 0.318 0.327 0.26 0.292 0.228 -9999 -9999 -9999 -9999 -9999 -9999 -9999 -9999 -9999 0.199 0.245 0.231 0.184 0.183 0.258 0.191 0.266 0.245 0.28 0.245 0.256 0.288 0.199 0.337 0.222 0.218 0.188 0.185 0.187 0.294 0.374 0.221 0.237 0.216 0.087 0.113 0.091
0.724 0.604 0.609 0.716 0.635 0.521 0.772 0.848 0.83 0.683 0.678 0.63 0.684 0.661 0.497 0.46 0.686 0.454 0.468 0.406 0.444 -9999 0.689 0.649 0.475 0.803 0.421 0.432 0.41 0.579 0.408 0.358 0.343 0.314 0.295 0.284 0.431 0.288 0.268 -9999 -9999 -9999 -9999 -9999 -9999 -9999 -9999 -9999 0.263 0.268 0.287 0.307 0.311 0.246 0.344 0.179 0.213 0.19 0.265 0.329 0.237 0.274 0.289 0.213 0.191 0.252 0.242 0.244 0.269 0.284 0.217 0.265 0.193 0.185 0.139 0.135 0.1
0.742 0.51 0.499 0.67 0.74 0.519 0.703 0.767 0.759 0.623 0.73 0.723 0.676 0.694 0.458 0.455 0.63 0.601 0.432 0.44 0.727 0.383 -9999 0.613 0.489 0.604 0.387 0.44 0.566 0.525 0.534 0.429 0.312 0.285 0.244 0.235 0.292 0.399 0.266 -9999 -9999 -9999 -9999 -9999 -9999 -9999 -9999 -9999 -9999 0.382 0.212 0.223 0.244 0.296 0.224 0.214 0.219 0.21 0.195 0.266 0.197 0.289 0.445 0.228 0.231 0.238 0.209 0.208 0.305 0.29 0.184 0.262 0.158 0.129 0.139 0.141 -9999
0.771 0.487 0.437 0.802 0.466 0.461 0.689 0.845 0.761 0.677 0.633 0.592 0.61 0.678 0.411 0.395 0.594 0.683 0.489 0.48 0.51 0.41 0.731 0.527 0.415 0.363 0.607 0.77 0.596 0.714 0.734 0.488 0.347 0.247 -9999 -9999 -9999 0.082 0.078 0.201 0.225 0.168 -9999 -9999 -9999 -9999 -9999 -9999 -9999 0.267 0.233 0.244 0.293 0.335 0.313 0.338 0.281 0.273 0.25 0.342 0.264 0.308 0.347 0.246 0.319 0.322 0.321 0.353 0.354 0.246 0.132 0.279 0.221 0.155 0.125 -9999 -9999
0.724 0.667 0.587 0.517 0.445 0.443 0.82 0.79 0.835 0.672 0.48 0.458 0.427 0.555 0.462 0.416 0.403 0.664 0.639 0.734 0.505 0.395 -9999 0.398 0.525 0.526 0.502 0.663 0.462 0.557 0.668 0.668 0.345 -9999 -9999 -9999 -9999 -9999 -9999 0.156 0.06 0.148 -9999 -9999 -9999 -9999 -9999 -9999 -9999 0.208 0.213 0.286 0.28 0.229 0.287 0.296 0.451 0.297 0.308 0.295 0.377 0.309 0.428 0.32 0.304 0.226 0.249 0.242 0.241 0.17 0.172 0.19 0.146 0.122 0.111 -9999 0.168
0.733 0.517 0.729 0.729 0.387 0.705 0.729 0.702 0.811 0.78 0.474 0.429 0.386 0.436 0.382 -9999 0.328 0.404 0.536 0.577 -9999 0.461 0.436 0.404 0.377 0.404 0.592 0.732 0.708 0.626 0.645 0.638 -9999 -9999 -9999 -9999 -9999 -9999 -9999 -9999 -9999 -9999 -9999 -9999 -9999 -9999 -9999 -9999 0.128 0.239 0.275 0.205 0.204 0.245 0.335 0.409 0.264 0.302 0.266 0.338 0.248 0.208 0.241 0.324 0.302 0.354 0.332 0.266 0.197 0.131 0.163 0.131 0.128 0.087 0.086 0.104 0.166
0.478 0.386 0.478 0.44 0.411 0.572 0.478 0.758 0.791 0.584 0.531 0.78 0.719 0.467 0.381 -9999 -9999 -9999 -9999 0.458 -9999 0.479 0.447 0.444 0.344 0.38 0.592 0.589 0.677 0.758 0.698 0.477 -9999 -9999 -9999 -9999 -9999 -9999 -9999 -9999 -9999 -9999 -9999 -9999 -9999 -9999 -9999 -9999 -9999 0.238 0.258 0.315 0.325 0.277 0.38 0.371 0.288 0.287 0.201 0.319 0.31 0.248 0.302 0.242 0.414 0.275 0.242 0.268 0.273 0.174 0.198 0.119 0.127 0.103 0.074 0.085 0.121
0.643 0.324 0.385 0.385 0.374 0.498 0.411 0.777 0.732 0.748 0.768 0.697 0.731 0.676 0.674 -9999 -9999 -9999 -9999 -9999 -9999 -9999 0.06 0.409 0.391 0.426 0.484 0.46 0.712 0.581 0.487 -9999 -9999 -9999 -9999 -9999 -9999 -9999 -9999 -9999 -9999 -9999 -9999 -9999 -9999 -9999 -9999 -9999 -9999 0.3 0.256 0.366 0.379 0.298 0.301 0.286 0.234 0.24 0.302 0.302 0.338 0.269 0.265 0.225 0.324 0.267 0.259 0.215 0.258 0.25 0.142 0.142 0.147 0.105 0.097 0.114 0.14
0.351 0.37 0.342 -9999 0.317 0.362 0.386 0.798 0.576 0.567 0.848 0.671 0.693 0.701 0.615 -9999 -9999 -9999 -9999 -9999 -9999 -9999 -9999 -9999 -9999 -9999 -9999 -9999 -9999 -9999 -9999 -9999 -9999 -9999 -9999 -9999 -9999 -9999 -9999 -9999 -9999 -9999 -9999 -9999 -9999 -9999 -9999 -9999 -9999 0.456 0.31 0.298 0.313 0.318 0.256 0.336 0.231 0.185 0.246 0.285 0.31 0.204 0.202 0.207 0.159 0.151 0.178 0.217 0.264 0.319 0.249 -9999 -9999 -9999 -9999 0.177 0.162
0.383 0.373 0.34 -9999 -9999 -9999 0.603 0.773 0.673 0.702 0.51 0.414 0.451 0.531 -9999 -9999 -9999 -9999 -9999 -9999 -9999 -9999 -9999 -9999 -9999 -9999 -9999 -9999 -9999 -9999 -9999 -9999 -9999 -9999 -9999 -9999 -9999 -9999 -9999 -9999 -9999 -9999 -9999 -9999 -9999 -9999 -9999 0.144 0.106 0.26 0.219 0.242 0.192 0.192 0.24 0.25 0.281 0.253 0.269 0.222 0.21 -9999 -9999 -9999 -9999 -9999 -9999 -9999 -9999 0.168 0.35 0.179 -9999 -9999 -9999 -9999 0.148
0.382 0.336 -9999 -9999 -9999 -9999 0.637 0.713 0.725 0.734 0.478 0.438 0.438 -9999 -9999 -9999 -9999 -9999 -9999 -9999 -9999 -9999 -9999 -9999 -9999 -9999 -9999 -9999 -9999 -9999 -9999 -9999 0.427 -9999 -9999 -9999 -9999 -9999 -9999 -9999 -9999 -9999 -9999 -9999 -9999 -9999 -9999 -9999 -9999 -9999 -9999 0.19 0.154 0.152 0.111 0.274 0.255 0.231 0.282 0.373 -9999 -9999 -9999 -9999 -9999 -9999 -9999 -9999 -9999 -9999 -9999 -9999 -9999 -9999 -9999 -9999 -9999
-9999 -9999 -9999 -9999 -9999 -9999 -9999 0.66 0.701 0.488 0.475 -9999 -9999 -9999 -9999 -9999 -9999 -9999 -9999 -9999 -9999 -9999 -9999 -9999 -9999 -9999 -9999 -9999 -9999 -9999 -9999 -9999 0.448 -9999 -9999 -9999 -9999 -9999 -9999 -9999 -9999 -9999 -9999 -9999 -9999 -9999 -9999 -9999 -9999 -9999 -9999 -9999 -9999 -9999 0.178 0.171 0.23 0.199 0.189 0.325 -9999 -9999 -9999 -9999 -9999 -9999 -9999 -9999 -9999 -9999 -9999 -9999 -9999 -9999 -9999 -9999 -9999
0.415 0.327 -9999 -9999 -9999 -9999 -9999 0.461 0.505 0.45 -9999 -9999 -9999 -9999 -9999 -9999 -9999 -9999 -9999 -9999 -9999 -9999 -9999 -9999 -9999 -9999 -9999 -9999 -9999 -9999 0.404 0.439 0.381 -9999 -9999 -9999 -9999 -9999 -9999 -9999 -9999 -9999 -9999 -9999 -9999 -9999 -9999 -9999 -9999 -9999 -9999 -9999 -9999 -9999 0.24 0.207 -9999 0.222 0.177 0.309 -9999 -9999 -9999 -9999 -9999 -9999 -9999 -9999 -9999 -9999 -9999 -9999 -9999 -9999 -9999 -9999 -9999
0.368 0.406 -9999 -9999 -9999 -9999 -9999 -9999 -9999 -9999 -9999 -9999 -9999 -9999 -9999 -9999 -9999 -9999 -9999 -9999 -9999 -9999 -9999 -9999 -9999 -9999 -9999 -9999 -9999 -9999 -9999 -9999 0.359 -9999 -9999 -9999 -9999 -9999 -9999 -9999 -9999 -9999 -9999 -9999 -9999 -9999 -9999 -9999 -9999 -9999 -9999 -9999 -9999 -9999 -9999 -9999 -9999 -9999 -9999 -9999 -9999 -9999 -9999 -9999 -9999 -9999 -9999 -9999 -9999 -9999 -9999 -9999 -9999 -9999 -9999 -9999 -9999
0.396 -9999 -9999 -9999 -9999 -9999 -9999 -9999 -9999 -9999 -9999 -9999 -9999 -9999 -9999 -9999 -9999 -9999 -9999 -9999 -9999 -9999 -9999 -9999 -9999 -9999 -9999 -9999 -9999 -9999 -9999 -9999 0.33 -9999 -9999 -9999 -9999 -9999 -9999 -9999 -9999 -9999 -9999 -9999 -9999 -9999 -9999 -9999 -9999 -9999 -9999 -9999 -9999 -9999 -9999 -9999 -9999 -9999 -9999 -9999 -9999 -9999 -9999 -9999 -9999 -9999 -9999 -9999 -9999 -9999 -9999 -9999 -9999 0.095 0.239 0.202 0.12
0.348 -9999 -9999 -9999 -9999 -9999 -9999 -9999 -9999 -9999 -9999 -9999 -9999 -9999 -9999 -9999 -9999 -9999 -9999 -9999 -9999 -9999 -9999 -9999 -9999 -9999 -9999 -9999 0.569 0.393 0.374 0.352 -9999 -9999 -9999 -9999 -9999 -9999 -9999 -9999 -9999 -9999 -9999 -9999 -9999 -9999 -9999 -9999 -9999 -9999 -9999 -9999 -9999 -9999 -9999 -9999 -9999 -9999 -9999 -9999 -9999 -9999 -9999 -9999 -9999 -9999 -9999 -9999 -9999 -9999 -9999 -9999 -9999 -9999 -9999 -9999 -9999
0.433 0.425 -9999 -9999 -9999 -9999 -9999 -9999 -9999 -9999 -9999 -9999 -9999 -9999 -9999 -9999 -9999 -9999 -9999 -9999 -9999 -9999 -9999 -9999 -9999 -9999 -9999 -9999 0.594 0.536 0.472 -9999 -9999 -9999 -9999 -9999 -9999 -9999 -9999 -9999 -9999 -9999 -9999 -9999 -9999 -9999 -9999 -9999 -9999 -9999 -9999 -9999 -9999 -9999 -9999 -9999 -9999 -9999 -9999 -9999 -9999 -9999 -9999 -9999 -9999 -9999 -9999 -9999 -9999 -9999 -9999 -9999 -9999 -9999 -9999 -9999 -9999
0.629 0.522 0.359 -9999 -9999 -9999 -9999 -9999 -9999 -9999 -9999 -9999 -9999 -9999 -9999 -9999 -9999 -9999 -9999 -9999 -9999 -9999 -9999 -9999 -9999 -9999 -9999 0.596 0.656 0.662 0.706 -9999 -9999 -9999 -9999 -9999 -9999 -9999 -9999 -9999 -9999 0.188 0.407 -9999 -9999 -9999 0.647 -9999 -9999 -9999 -9999 -9999 -9999 -9999 -9999 -9999 -9999 -9999 -9999 -9999 -9999 -9999 -9999 -9999 -9999 -9999 -9999 -9999 -9999 -9999 -9999 -9999 -9999 -9999 -9999 -9999 -9999
0.734 0.676 0.469 -9999 -9999 -9999 -9999 -9999 -9999 -9999 -9999 -9999 -9999 -9999 -9999 -9999 -9999 -9999 -9999 -9999 -9999 -9999 -9999 -9999 -9999 -9999 0.743 0.649 0.736 0.795 0.726 0.465 -9999 -9999 -9999 -9999 -9999 -9999 -9999 -9999 0.151 0.331 0.303 0.216 -9999 0.114 0.11 -9999 -9999 -9999 -9999 -9999 -9999 -9999 -9999 -9999 -9999 -9999 -9999 -9999 -9999 -9999 -9999 -9999 -9999 -9999 -9999 -9999 -9999 -9999 -9999 -9999 -9999 -9999 -9999 -9999 -9999
0.587 0.671 0.624 0.695 -9999 -9999 -9999 -9999 -9999 -9999 -9999 -9999 -9999 -9999 -9999 -9999 -9999 -9999 0.465 -9999 -9999 -9999 -9999 -9999 -9999 -9999 0.683 0.673 0.739 0.731 0.57 0.498 -9999 -9999 -9999 -9999 -9999 -9999 -9999 -9999 -9999 -9999 -9999 -9999 -9999 -9999 -9999 -9999 -9999 -9999 -9999 -9999 -9999 -9999 -9999 -9999 -9999 -9999 -9999 -9999 -9999 -9999 -9999 -9999 -9999 -9999 -9999 -9999 -9999 -9999 -9999 -9999 -9999 -9999 -9999 -9999 -9999
-9999 0.602 0.57 0.559 0.543 -9999 -9999 -9999 -9999 -9999 -9999 -9999 -9999 -9999 -9999 -9999 0.255 0.343 0.324 -9999 -9999 -9999 -9999 -9999 -9999 -9999 -9999 0.751 0.716 0.713 0.439 0.347 0.414 -9999 -9999 -9999 -9999 -9999 -9999 -9999 -9999 -9999 -9999 -9999 -9999 -9999 -9999 -9999 -9999 -9999 -9999 -9999 -9999 -9999 -9999 -9999 -9999 -9999 -9999 -9999 -9999 -9999 -9999 -9999 -9999 -9999 -9999 -9999 -9999 -9999 -9999 -9999 -9999 -9999 -9999 -9999 -9999
-9999 0.56 0.36 0.313 0.31 -9999 -9999 -9999 -9999 -9999 -9999 -9999 0.29 0.306 0.307 0.31 0.379 0.558 0.259 -9999 -9999 -9999 -9999 -9999 -9999 -9999 -9999 0.472 0.701 0.649 0.307 0.277 0.386 0.191 0.224 -9999 -9999 -9999 -9999 -9999 -9999 -9999 -9999 -9999 -9999 -9999 -9999 -9999 -9999 -9999 -9999 -9999 -9999 -9999 -9999 -9999 -9999 -9999 -9999 -9999 -9999 -9999 -9999 -9999 0.095 -9999 -9999 -9999 -9999 -9999 -9999 -9999 -9999 -9999 -9999 -9999 -9999
-9999 0.55 0.345 0.44 0.416 0.395 0.179 0.202 -9999 -9999 0.241 0.311 0.523 0.385 0.399 0.331 0.495 0.512 0.371 -9999 -9999 -9999 -9999 -9999 -9999 -9999 -9999 -9999 0.26 0.434 0.346 0.423 0.352 0.298 0.249 0.227 -9999 -9999 -9999 -9999 -9999 0.168 0.326 0.279 0.288 0.197 0.239 -9999 -9999 -9999 -9999 -9999 -9999 -9999 -9999 -9999 -9999 -9999 -9999 -9999 -9999 -9999 -9999 -9999 -9999 -9999 -9999 -9999 -9999 -9999 -9999 -9999 -9999 -9999 -9999 -9999 -9999
