disasters/re_slide.asc
ncols         768
nrows         589
xllcorner     124.299398925
yllcorner     32.893460211367
cellsize      0.010567299164062
NODATA_value  -9999
[rows 340 to 373 of 589, columns 231 to 307 of 768]
0.05 0.054 0.056 0.064 0.052 0.06 0.052 0.064 0.06 0.064 0.084 0.078 0.081 0.107 0.075 0.074 0.09 0.095 0.094 0.105 0.133 0.11 0.13 0.065 0.089 0.092 0.085 0.08 0.09 0.062 0.062 0.059 0.15 0.071 0.058 0.08 0.063 0.057 0.103 0.079 0.065 0.063 0.072 0.14 0.073 0.074 0.074 0.079 0.078 0.083 0.105 0.108 0.104 0.083 0.098 0.094 0.095 0.114 0.165 0.123 0.122 0.135 0.087 0.093 0.102 0.088 0.092 0.072 0.069 0.064 0.103 0.072 0.062 0.065 0.061 0.06 0.111
0.072 0.05 0.074 0.095 0.062 0.054 0.058 0.064 0.07 0.075 0.084 0.094 0.071 0.075 0.094 0.093 0.086 0.073 0.064 0.069 0.142 0.074 0.132 0.096 0.089 0.075 0.068 0.069 0.081 0.06 0.06 0.065 0.061 0.094 0.113 0.07 0.059 0.064 0.078 0.073 0.063 0.063 0.064 0.075 0.064 0.066 0.085 0.133 0.095 0.14 0.118 0.121 0.095 0.123 0.096 0.104 0.093 0.111 0.137 0.15 0.149 0.103 0.095 0.085 0.069 0.147 0.102 0.064 0.067 0.069 0.067 0.061 0.067 0.067 0.061 0.075 0.076
0.066 0.128 0.078 0.07 0.058 0.062 0.083 0.105 0.087 0.083 0.07 0.071 0.07 0.093 0.064 0.064 0.099 0.072 0.061 0.095 0.065 0.08 0.067 0.057 0.088 0.066 0.076 0.149 0.059 0.068 0.068 0.057 0.075 0.064 0.102 0.08 0.062 0.063 0.076 0.073 0.07 0.069 0.075 0.067 0.091 0.092 0.105 0.085 0.108 0.128 0.138 0.121 0.101 0.128 0.094 0.121 0.135 0.117 0.124 0.12 0.117 0.1 0.104 0.102 0.113 0.061 0.076 0.082 0.061 0.069 0.065 0.066 0.094 0.092 0.094 0.093 0.064
0.067 0.1 0.11 0.163 0.06 0.084 0.148 0.069 0.06 0.07 0.066 0.069 0.069 0.149 0.066 0.065 0.068 0.075 0.079 0.082 0.055 0.074 0.074 0.067 0.07 0.067 0.065 0.107 0.096 0.061 0.061 0.062 0.066 0.068 0.124 0.079 0.075 0.07 0.071 0.077 0.065 0.075 0.077 0.09 0.091 0.092 0.088 0.122 0.124 0.122 0.104 0.098 0.084 0.078 0.079 0.087 0.12 0.105 0.153 0.127 0.125 0.108 0.118 0.071 0.072 0.068 0.07 0.103 0.076 0.116 0.147 0.1 0.078 0.067 0.065 0.085 0.138
0.084 0.127 0.136 0.063 0.11 0.079 0.122 0.062 0.059 0.066 0.12 0.071 0.06 0.101 0.073 0.06 0.06 0.067 0.068 0.066 0.068 0.059 0.129 0.061 0.061 0.069 0.068 0.06 0.06 0.064 0.065 0.063 0.078 0.078 0.056 0.079 0.063 0.063 0.08 0.071 0.097 0.104 0.095 0.081 0.096 0.094 0.096 0.158 0.142 0.121 0.165 0.133 0.069 0.072 0.082 0.098 0.104 0.103 0.087 0.079 0.078 0.08 0.075 0.075 0.074 0.079 0.074 0.103 0.076 0.07 0.117 0.111 0.107 0.088 0.088 0.115 0.165
0.076 0.118 0.059 0.057 0.065 0.066 0.061 0.065 0.063 0.07 0.059 0.096 0.069 0.053 0.059 0.059 0.077 0.068 0.054 0.073 0.072 0.06 0.068 0.06 0.081 0.057 0.062 0.062 0.063 0.065 0.065 0.094 0.075 0.065 0.07 0.069 0.09 0.069 0.088 0.077 0.089 0.088 0.118 0.124 0.111 0.112 0.109 0.132 0.129 0.132 0.113 0.09 0.072 0.111 0.075 0.103 0.122 0.094 0.08 0.081 0.08 0.077 0.073 0.068 0.073 0.086 0.083 0.071 0.066 0.09 0.14 0.133 0.084 0.09 0.074 0.079 0.081
0.133 0.114 0.061 0.068 0.064 0.063 0.068 0.062 0.076 0.075 0.064 0.064 0.066 0.062 0.066 0.065 0.068 0.086 0.11 0.054 0.053 0.095 0.066 0.071 0.075 0.065 0.06 0.066 0.058 0.061 0.062 0.077 0.07 0.078 0.087 0.079 0.081 0.092 0.071 0.077 0.063 0.091 0.102 0.085 0.093 0.103 0.112 0.131 0.118 0.108 0.155 0.09 0.086 0.082 0.1 0.123 0.113 0.085 0.092 0.092 0.089 0.084 0.093 0.084 0.084 0.093 0.086 0.077 0.066 0.067 0.087 0.086 0.142 0.126 0.082 0.081 0.082
0.091 0.062 0.066 0.067 0.078 0.08 0.088 0.118 0.075 0.068 0.055 0.068 0.06 0.06 0.072 0.071 0.096 0.067 0.054 0.09 0.076 0.059 0.064 0.071 0.068 0.058 0.059 0.068 0.061 0.072 0.072 0.065 0.074 0.084 0.104 0.094 0.086 0.103 0.081 0.086 0.076 0.136 0.118 0.092 0.11 0.116 0.136 0.099 0.101 0.112 0.096 0.085 0.088 0.101 0.134 0.101 0.104 0.098 0.105 0.106 0.092 0.085 0.08 0.095 0.109 0.097 0.078 0.089 0.069 0.065 0.071 0.144 0.083 0.09 0.079 0.079 0.097
0.097 0.074 0.062 0.076 0.08 0.093 0.082 0.086 0.059 0.06 0.127 0.064 0.071 0.077 0.073 0.073 0.08 0.07 0.062 0.069 0.074 0.066 0.112 0.063 0.054 0.06 0.062 0.073 0.077 0.075 0.075 0.08 0.091 0.086 0.088 0.092 0.154 0.08 0.116 0.112 0.095 0.085 0.115 0.103 0.131 0.132 0.126 0.115 0.092 0.101 0.076 0.068 0.075 0.133 0.109 0.11 0.088 0.127 0.099 0.084 0.092 0.092 0.084 0.101 0.078 0.076 0.071 0.082 0.08 0.071 0.083 0.099 0.099 0.099 0.098 0.098 0.162
0.07 0.122 0.089 0.079 0.077 0.069 0.079 0.107 0.056 0.065 0.065 0.062 0.061 0.06 0.065 0.065 0.058 0.067 0.066 0.061 0.057 0.12 0.063 0.052 0.056 0.062 0.082 0.077 0.067 0.062 0.07 0.097 0.08 0.087 0.073 0.075 0.084 0.122 0.084 0.094 0.08 0.065 0.078 0.134 0.128 0.101 0.093 0.081 0.076 0.106 0.083 0.079 0.096 0.136 0.111 0.097 0.099 0.087 0.122 0.119 0.115 0.07 0.075 0.081 0.085 0.088 0.091 0.087 0.076 0.112 0.08 0.174 0.145 0.114 0.162 0.162 0.145
0.095 0.065 0.065 0.105 0.072 0.064 0.069 0.068 0.066 0.065 0.064 0.069 0.068 0.073 0.067 0.067 0.058 0.075 0.073 0.061 0.098 0.062 0.061 0.074 0.063 0.06 0.061 0.066 0.073 0.077 0.078 0.091 0.11 0.128 0.102 0.081 0.1 0.096 0.107 0.112 0.097 0.115 0.077 0.08 0.067 0.068 0.078 0.087 0.097 0.098 0.106 0.099 0.12 0.094 0.111 0.097 0.107 0.1 0.087 0.078 0.076 0.086 0.101 0.079 0.083 0.07 0.089 0.094 0.154 0.092 0.174 0.158 0.138 0.169 0.141 0.166 0.166
0.067 0.075 0.071 0.102 0.096 0.067 0.074 0.098 0.072 0.056 0.067 0.063 0.068 0.064 0.059 0.059 0.073 0.066 0.061 0.077 0.074 0.143 0.106 0.067 0.085 0.08 0.085 0.07 0.076 0.083 0.083 0.087 0.141 0.087 0.101 0.073 0.066 0.079 0.076 0.065 0.085 0.059 0.06 0.059 0.073 0.082 0.069 0.075 0.075 0.09 0.088 0.097 0.108 0.117 0.099 0.098 0.101 0.092 0.082 0.092 0.09 0.07 0.075 0.081 0.096 0.103 0.114 0.096 0.085 0.145 0.132 0.169 0.131 0.158 0.174 0.09 0.09
0.061 0.074 0.074 0.091 0.104 0.057 0.077 0.086 0.075 0.074 0.064 0.06 0.081 0.065 0.061 0.061 0.058 0.061 0.056 0.062 0.06 0.063 0.1 0.064 0.083 0.084 0.067 0.068 0.076 0.078 0.079 0.103 0.074 0.075 0.075 0.064 0.065 0.076 0.073 0.063 0.071 0.063 0.079 0.062 0.068 0.069 0.066 0.074 0.087 0.085 0.085 0.129 0.099 0.133 0.141 0.106 0.086 0.096 0.084 0.087 0.086 0.077 0.114 0.122 0.146 0.1 0.116 0.15 0.08 0.098 0.159 0.165 0.141 0.066 0.085 0.071 0.071
0.065 0.069 0.098 0.11 0.091 0.065 0.076 0.061 0.069 0.064 0.071 0.062 0.06 0.063 0.058 0.058 0.062 0.069 0.076 0.063 0.063 0.072 0.055 0.065 0.08 0.101 0.066 0.098 0.061 0.063 0.064 0.088 0.063 0.061 0.072 0.067 0.056 0.063 0.065 0.082 0.061 0.062 0.067 0.061 0.071 0.074 0.074 0.08 0.079 0.09 0.106 0.08 0.103 0.129 0.086 0.093 0.118 0.102 0.099 0.087 0.088 0.114 0.132 0.136 0.125 0.167 0.103 0.101 0.176 0.139 0.179 0.184 0.077 0.065 0.095 0.069 0.069
0.078 0.096 0.089 0.076 0.074 0.058 0.077 0.075 0.075 0.069 0.061 0.065 0.071 0.069 0.066 0.065 0.07 0.07 0.065 0.089 0.073 0.064 0.07 0.085 0.095 0.089 0.068 0.06 0.08 0.06 0.058 -9999 0.065 0.063 0.069 0.073 0.078 0.064 0.071 0.087 0.066 0.081 0.068 0.064 0.065 0.064 0.073 0.071 0.065 0.089 0.083 0.095 0.095 0.101 0.088 0.098 0.098 0.099 0.128 0.113 0.106 0.105 0.115 0.128 0.096 0.096 0.103 0.172 0.17 0.079 0.063 0.107 0.09 0.072 0.074 0.071 0.072
0.079 0.071 0.068 0.065 0.092 0.069 0.075 0.059 0.075 0.068 0.074 0.085 0.083 0.059 0.056 0.056 0.062 0.065 0.063 0.077 0.058 0.094 0.098 0.103 0.094 0.058 0.068 0.066 0.076 0.056 0.056 0.067 0.071 0.064 0.058 0.062 0.068 0.071 0.065 0.063 0.055 0.055 0.065 0.065 0.055 0.055 0.063 0.057 0.075 0.091 0.075 0.076 0.085 0.079 0.091 0.111 0.11 0.163 0.14 0.111 0.124 0.123 0.124 0.136 0.081 0.108 0.144 0.137 0.124 0.065 0.062 0.076 0.063 0.083 0.08 0.098 0.098
0.085 0.067 0.058 0.079 0.07 0.07 0.069 0.102 0.07 0.069 0.089 0.07 0.064 0.101 0.071 0.07 0.061 0.063 0.066 0.061 0.075 0.072 0.073 0.106 0.059 0.06 0.06 0.055 0.059 0.067 0.067 0.082 0.067 0.06 0.073 0.068 0.077 0.071 0.079 0.068 0.061 0.052 0.066 0.063 0.054 0.054 0.068 0.077 0.068 0.078 0.093 0.101 0.092 0.124 0.142 0.148 0.132 0.155 0.14 0.108 0.131 0.131 0.107 0.097 0.118 0.098 0.094 0.1 0.151 0.061 0.098 0.066 0.086 0.073 0.087 0.166 0.165
0.106 0.092 0.064 0.072 0.082 0.074 0.096 0.075 0.096 0.075 0.075 0.066 0.13 0.077 0.133 0.133 0.066 0.074 0.07 0.08 0.071 0.061 0.062 0.072 0.099 0.056 0.058 0.086 0.07 0.074 0.075 0.088 0.066 0.07 0.071 0.07 0.062 0.057 0.074 0.07 0.075 0.062 0.064 0.057 0.055 0.055 0.057 0.078 0.067 0.087 0.131 0.091 0.088 0.099 0.117 0.091 0.135 0.129 0.113 0.124 0.123 0.121 0.121 0.155 0.097 0.13 0.101 0.076 0.109 0.147 0.156 0.072 0.073 0.083 0.101 0.184 0.182
0.085 0.087 0.097 0.075 0.084 0.088 0.101 0.107 0.1 0.076 0.097 0.075 0.073 0.079 0.075 0.075 0.066 0.077 0.071 0.071 0.075 0.062 0.068 0.064 0.057 0.057 0.062 0.078 0.081 0.079 0.079 0.083 0.091 0.072 0.102 0.068 0.065 0.075 0.088 0.08 0.059 0.062 0.067 0.068 0.067 0.067 0.075 0.103 0.104 0.101 0.113 0.088 0.09 0.091 0.08 0.079 0.086 0.09 0.116 0.116 0.115 0.115 0.136 0.183 0.096 0.111 0.121 0.095 0.124 0.114 0.147 0.079 0.076 0.088 0.066 0.078 0.078
0.093 0.084 0.095 0.073 0.062 0.084 0.087 0.089 0.106 0.119 0.096 0.082 0.075 0.104 0.213 0.214 0.083 0.073 0.068 0.068 0.062 0.065 0.064 0.085 0.06 0.076 0.07 0.072 0.071 0.08 0.079 0.065 0.075 0.079 0.096 0.065 0.072 0.08 0.128 0.067 0.084 0.062 0.058 0.061 0.077 0.085 0.113 0.088 0.08 0.123 0.085 0.068 0.076 0.075 0.079 0.092 0.096 0.176 0.109 0.101 0.101 0.102 0.114 0.098 0.106 0.12 0.137 0.152 0.096 0.097 0.121 0.1 0.095 0.081 0.099 0.084 0.084
0.077 0.061 0.064 0.068 0.065 0.087 0.074 0.097 0.093 0.094 0.069 0.075 0.068 0.084 0.102 0.108 0.098 0.075 0.066 0.071 0.061 0.065 0.066 0.071 0.07 0.08 0.079 0.073 0.064 0.072 0.072 0.072 0.072 0.078 0.063 0.069 0.096 0.078 0.064 0.08 0.074 0.061 0.059 0.068 0.094 0.093 0.093 0.09 0.117 0.109 0.089 0.097 0.073 0.07 0.071 0.095 0.085 0.183 0.1 0.132 0.12 0.124 0.106 0.101 0.137 0.15 0.107 0.101 0.09 0.112 0.073 0.096 0.09 0.102 0.096 0.096 0.094
0.072 0.055 0.06 0.062 0.099 0.071 0.109 0.077 0.081 0.101 0.071 0.097 0.078 0.096 0.071 0.071 0.077 0.075 0.064 0.064 0.051 0.054 0.057 0.058 0.056 0.069 0.057 0.074 0.063 0.067 0.067 0.075 0.074 0.069 0.071 0.074 0.07 0.065 0.071 0.074 0.066 0.08 0.069 0.084 0.087 0.165 0.166 0.088 0.082 0.101 0.106 0.087 0.075 0.066 0.066 0.074 0.075 0.092 0.095 0.079 0.102 0.106 0.13 0.137 0.153 0.144 0.097 0.171 0.166 0.109 0.082 0.062 0.08 0.062 0.09 0.132 0.116
0.055 0.057 0.062 0.087 0.066 0.078 0.078 0.079 0.068 0.093 0.073 0.091 0.084 0.075 0.07 0.07 0.07 0.053 0.055 0.059 0.058 0.059 0.065 0.07 0.061 0.075 0.061 0.062 0.069 0.059 0.059 0.103 0.076 0.075 0.071 0.106 0.083 0.073 0.072 0.075 0.069 0.101 0.107 0.111 0.105 0.066 0.067 0.145 0.082 0.101 0.121 0.106 0.075 0.064 0.067 0.076 0.092 0.107 0.094 0.162 0.097 0.104 0.133 0.186 0.143 0.125 0.123 0.143 0.141 0.113 0.151 0.085 0.091 0.098 0.103 0.116 0.131
0.055 0.058 0.093 0.084 0.066 0.079 0.101 0.082 0.101 0.094 0.07 0.094 0.074 0.071 0.058 0.058 0.063 0.059 0.056 0.06 0.078 0.075 0.074 0.07 0.084 0.079 0.08 0.092 0.068 0.119 0.118 0.083 0.107 0.084 0.082 0.085 0.089 0.072 0.084 0.094 0.09 0.104 0.112 0.102 0.092 0.089 0.09 0.134 0.106 0.091 0.099 0.081 0.087 0.068 0.063 0.092 0.084 0.122 0.09 0.189 0.13 0.132 0.126 0.15 0.137 0.128 0.158 0.136 0.116 0.242 0.195 0.139 0.153 0.119 0.141 0.121 0.158
0.052 0.083 0.104 0.073 0.066 0.058 0.062 0.059 0.06 0.066 0.061 0.062 0.063 0.058 0.067 0.06 0.057 0.057 0.068 0.057 0.058 0.072 0.062 0.068 0.101 0.08 0.081 0.075 0.07 0.086 0.085 0.078 0.104 0.08 0.085 0.077 0.078 0.101 0.147 0.085 0.098 0.101 0.097 0.118 0.095 0.083 0.084 0.105 0.089 0.123 0.101 0.149 0.105 0.144 0.099 0.088 0.103 0.17 0.094 0.108 0.168 0.174 0.15 0.152 0.107 0.096 0.118 0.149 0.169 0.159 0.157 0.134 0.204 0.165 0.247 0.111 0.125
0.055 0.076 0.081 0.06 0.057 0.054 0.053 0.057 0.058 0.06 0.058 0.064 0.06 0.063 0.061 0.061 0.056 0.057 0.066 0.067 0.064 0.069 0.061 0.072 0.066 0.084 0.075 0.09 0.088 0.079 0.078 0.072 0.084 0.098 0.086 0.079 0.078 0.073 0.088 0.111 0.134 0.109 0.1 0.109 0.084 0.08 0.081 0.084 0.12 0.11 0.104 0.118 0.156 0.085 0.126 0.12 0.111 0.084 0.155 0.123 0.125 0.135 0.147 0.129 0.101 0.09 0.092 0.126 0.165 0.234 0.279 0.254 0.15 0.211 0.274 0.199 0.145
0.087 0.095 0.083 0.061 0.057 0.06 0.055 0.065 0.062 0.056 0.061 0.069 0.062 0.067 0.074 0.074 0.061 0.071 0.102 0.075 0.056 0.059 0.062 0.065 0.069 0.072 0.104 0.078 0.072 0.073 0.073 0.082 0.082 0.072 0.082 0.081 0.091 0.07 0.073 0.105 0.132 0.095 0.101 0.123 0.112 0.093 0.094 0.107 0.119 0.103 0.117 0.149 0.099 0.108 0.087 0.084 0.117 0.123 0.122 0.131 0.092 0.098 0.182 0.133 0.152 0.2 0.109 0.128 0.152 0.29 0.29 0.243 0.317 0.317 0.316 0.142 0.133
0.084 0.099 0.097 0.079 0.06 0.059 0.064 0.059 -9999 0.06 0.061 0.083 0.068 0.077 0.071 0.072 0.09 0.078 0.094 0.078 0.058 0.057 0.059 0.064 0.069 0.068 0.08 0.09 0.075 0.071 0.071 0.071 0.101 0.076 0.068 0.086 0.063 0.07 0.08 0.07 0.099 0.082 0.079 0.108 0.088 0.082 0.101 0.118 0.135 0.12 0.106 0.146 0.089 0.108 0.151 0.102 0.087 0.122 0.102 0.122 0.169 0.158 0.164 0.173 0.203 0.297 0.193 0.19 0.263 0.21 0.385 0.449 0.299 0.369 0.232 0.18 0.158
0.063 0.081 0.109 0.063 0.075 0.065 0.059 0.062 0.062 0.064 0.069 0.075 0.072 0.178 0.149 0.094 0.095 0.103 0.11 0.07 0.074 0.056 0.066 0.075 0.071 0.068 0.081 0.08 0.086 0.074 0.074 0.08 0.082 0.081 0.079 0.129 0.067 0.075 0.083 0.073 0.115 0.099 0.072 0.084 0.083 0.092 0.093 0.09 0.094 0.085 0.094 0.074 0.102 0.134 0.09 0.096 0.092 0.106 0.101 0.205 0.122 0.179 0.185 0.177 0.284 0.246 0.341 0.162 0.209 0.2 0.231 0.463 0.261 0.335 0.32 0.287 0.415
0.076 0.069 0.079 0.067 0.075 0.086 0.067 0.074 0.079 0.064 0.062 0.07 0.091 0.134 0.135 0.09 0.11 0.103 0.088 0.065 0.114 0.074 0.068 0.074 0.083 0.105 0.079 0.074 0.121 0.069 0.069 0.069 0.084 0.067 0.067 0.069 0.069 0.071 0.072 0.071 0.083 0.109 0.074 0.071 0.072 0.082 0.083 0.1 0.104 0.107 0.081 0.115 0.079 0.072 0.083 0.09 0.121 0.087 0.106 0.13 0.138 0.19 0.202 0.279 0.334 0.38 0.27 0.237 0.218 0.176 0.188 0.246 0.394 0.384 0.425 0.383 0.471
0.066 0.068 0.069 0.075 0.078 0.077 0.067 0.071 0.077 0.07 0.061 0.069 0.075 0.08 0.08 0.102 0.074 0.098 0.082 0.088 0.078 0.11 0.074 0.089 0.117 0.104 0.073 0.102 0.063 0.076 0.076 0.073 0.065 0.076 0.064 0.08 0.081 0.064 0.074 0.069 0.065 0.105 0.097 0.073 0.079 0.085 0.086 0.091 0.132 0.106 0.078 0.075 0.083 0.077 0.087 0.084 0.092 0.085 0.099 0.102 0.108 0.109 0.128 0.287 0.278 0.403 0.361 0.278 0.172 0.152 0.155 0.22 0.284 0.302 0.341 0.44 0.639
0.058 0.082 0.085 0.077 0.064 0.074 0.062 0.067 0.075 0.06 0.071 0.081 0.085 0.087 0.087 0.068 0.089 0.079 0.092 0.129 0.12 0.095 0.09 -9999 0.087 0.101 0.087 0.094 0.109 0.079 0.079 0.069 0.068 0.084 0.072 0.096 0.071 0.087 0.081 0.078 0.091 0.107 0.099 0.082 0.078 0.08 0.08 0.078 0.088 0.086 0.071 0.103 0.074 0.074 0.119 0.078 0.091 0.131 0.093 0.125 0.1 0.138 0.154 0.249 0.251 0.199 0.39 0.242 0.153 0.156 0.194 0.227 0.242 0.265 0.281 0.377 0.306
0.057 0.096 0.114 0.134 0.078 0.072 0.075 0.068 0.062 0.059 0.078 0.078 0.068 0.07 0.07 0.069 0.07 0.083 0.1 0.089 0.098 0.122 0.142 0.114 0.107 0.084 0.085 0.123 0.094 0.087 0.077 0.078 0.084 0.081 0.078 0.091 0.083 0.075 0.094 0.147 0.073 0.077 0.075 0.074 0.082 0.08 0.08 0.086 0.093 0.108 0.076 0.087 0.083 0.107 0.088 0.087 0.086 0.08 0.113 0.1 0.162 0.165 0.172 0.171 0.284 0.214 0.375 0.285 0.211 0.328 0.36 0.368 0.474 0.492 0.581 0.494 0.736
0.093 0.089 0.091 0.08 0.088 0.075 0.07 0.067 0.061 0.059 0.069 0.065 0.074 0.064 0.064 0.08 0.066 0.075 0.104 0.072 0.14 0.102 0.105 0.186 0.09 0.082 0.139 0.068 0.074 0.131 0.099 0.069 0.078 0.07 0.068 0.075 0.098 0.085 0.091 0.102 0.074 0.078 0.072 0.08 0.08 0.075 0.076 0.093 0.083 0.098 0.077 0.075 0.093 0.086 0.111 0.096 0.091 0.143 0.134 0.135 0.112 0.174 0.184 0.152 0.231 0.312 0.231 0.246 0.437 0.323 0.386 0.358 0.348 0.458 0.642 0.494 0.743
