disasters/re_slide.asc
ncols         768
nrows         589
xllcorner     124.299398925
yllcorner     32.893460211367
cellsize      0.010567299164062
NODATA_value  -9999
[rows 102 to 135 of 589, columns 231 to 307 of 768]
-9999 -9999 -9999 -9999 -9999 -9999 -9999 -9999 -9999 -9999 -9999 -9999 -9999 -9999 -9999 -9999 -9999 -9999 -9999 -9999 -9999 -9999 -9999 -9999 -9999 -9999 -9999 -9999 -9999 -9999 -9999 -9999 0.105 0.152 0.117 0.166 0.119 0.172 0.176 0.138 0.134 0.126 0.148 0.177 0.106 0.131 0.149 0.128 0.126 0.121 0.162 0.125 0.121 0.157 0.156 0.174 0.14 0.144 0.186 0.216 0.279 0.245 0.244 0.232 0.193 0.295 0.326 0.311 0.473 0.388 0.408 0.529 0.407 0.523 0.745 0.706 0.369
-9999 -9999 -9999 -9999 -9999 -9999 -9999 -9999 -9999 -9999 -9999 -9999 -9999 -9999 -9999 -9999 -9999 -9999 -9999 -9999 -9999 -9999 -9999 -9999 -9999 -9999 -9999 -9999 -9999 0.082 0.084 0.099 -9999 0.141 0.128 0.168 0.147 0.12 0.089 0.09 0.095 0.115 0.107 0.14 0.121 0.122 -9999 0.148 0.164 0.179 0.15 0.171 0.133 0.135 0.141 0.19 0.193 0.152 0.205 0.236 0.257 0.254 0.193 0.166 0.213 0.317 0.205 0.23 0.269 0.348 0.367 0.264 0.242 0.486 0.468 0.155 0.184
-9999 -9999 -9999 -9999 -9999 -9999 -9999 -9999 -9999 -9999 -9999 -9999 -9999 -9999 -9999 -9999 -9999 -9999 -9999 -9999 -9999 -9999 -9999 -9999 -9999 -9999 -9999 -9999 -9999 0.09 -9999 0.087 0.102 0.144 0.123 0.121 0.135 0.12 0.118 0.118 0.137 0.125 0.101 0.139 0.104 0.108 0.113 0.2 0.176 0.177 0.111 0.13 0.145 0.192 0.168 0.188 0.204 0.209 0.21 0.265 0.337 0.246 0.206 0.141 0.243 0.35 0.414 0.214 0.199 0.269 0.253 0.229 0.215 0.341 0.326 0.137 0.188
-9999 -9999 -9999 -9999 -9999 -9999 -9999 -9999 -9999 -9999 -9999 -9999 -9999 -9999 -9999 -9999 -9999 -9999 -9999 -9999 -9999 -9999 -9999 -9999 -9999 -9999 -9999 -9999 -9999 0.117 0.124 0.111 0.132 0.152 0.121 0.153 0.104 0.109 0.123 0.12 0.118 0.128 0.121 0.137 0.146 0.112 0.115 0.152 0.167 0.166 0.139 0.162 0.156 0.124 0.174 0.19 0.212 0.161 0.148 0.207 0.426 0.316 0.182 0.169 0.312 0.314 0.331 0.25 0.246 0.292 0.255 0.209 0.211 0.276 0.14 0.127 0.135
-9999 -9999 -9999 -9999 -9999 -9999 -9999 -9999 -9999 -9999 -9999 -9999 -9999 -9999 -9999 -9999 -9999 -9999 -9999 -9999 -9999 -9999 -9999 -9999 -9999 -9999 -9999 -9999 0.125 0.169 0.145 0.08 0.112 0.172 0.163 0.155 0.104 0.118 0.146 0.145 0.15 0.124 0.139 0.111 0.154 0.146 0.135 0.168 0.164 0.163 0.162 0.162 0.161 0.163 0.166 0.165 0.178 0.142 0.24 0.333 0.3 0.407 0.125 0.295 0.365 0.359 0.323 0.421 0.516 0.309 0.267 0.188 0.213 0.325 0.296 0.138 0.147
-9999 -9999 -9999 -9999 -9999 -9999 -9999 -9999 -9999 -9999 -9999 -9999 -9999 -9999 -9999 -9999 -9999 -9999 -9999 -9999 -9999 -9999 -9999 -9999 -9999 -9999 -9999 0.147 0.149 0.13 0.145 0.174 0.132 0.119 0.215 0.172 0.11 0.122 0.172 0.178 0.161 0.112 0.15 0.147 0.18 0.151 0.133 0.148 0.225 0.227 0.186 0.182 0.169 0.186 0.18 0.186 0.198 0.24 0.201 0.271 0.66 0.356 0.258 0.321 0.374 0.35 0.368 0.436 0.429 0.331 0.322 0.245 0.342 0.554 0.236 0.102 0.126
-9999 -9999 -9999 -9999 -9999 -9999 -9999 -9999 -9999 -9999 -9999 -9999 -9999 -9999 -9999 -9999 -9999 -9999 -9999 -9999 -9999 -9999 -9999 -9999 -9999 0.195 0.168 0.249 0.247 0.159 0.123 0.174 0.118 0.159 0.144 0.122 0.169 0.175 0.216 0.214 0.167 0.138 0.148 0.145 0.164 0.182 0.173 0.147 0.18 0.183 0.196 0.206 0.171 0.178 0.182 0.207 0.204 0.224 0.284 0.283 0.376 0.383 0.388 0.38 0.508 0.361 0.348 0.405 0.625 0.324 0.471 0.243 0.586 0.652 0.324 0.119 0.134
-9999 -9999 -9999 -9999 -9999 -9999 -9999 -9999 -9999 -9999 -9999 -9999 -9999 -9999 -9999 -9999 -9999 -9999 -9999 -9999 -9999 -9999 -9999 -9999 -9999 0.213 0.214 0.213 0.208 0.173 0.159 0.179 0.205 0.237 0.285 0.359 0.301 0.291 0.273 0.28 0.241 0.228 0.207 0.199 0.256 0.206 0.15 0.247 0.218 0.219 0.301 0.16 0.181 0.164 0.211 0.199 0.228 0.184 0.226 0.296 0.373 0.376 0.445 0.449 0.4 0.273 0.31 0.383 0.398 0.616 0.698 0.326 0.412 0.469 0.228 0.134 0.136
-9999 -9999 -9999 -9999 -9999 -9999 -9999 -9999 -9999 -9999 -9999 -9999 -9999 -9999 -9999 -9999 -9999 -9999 -9999 -9999 -9999 -9999 -9999 -9999 -9999 0.288 0.188 0.314 0.316 0.294 0.263 0.272 0.212 0.397 0.447 0.376 0.278 0.236 0.221 0.216 0.256 0.266 0.26 0.232 0.213 0.206 0.249 0.289 0.269 0.273 0.245 0.31 0.243 0.273 0.306 0.182 0.267 0.322 0.274 0.187 0.225 0.278 0.45 0.739 0.26 0.311 0.347 0.434 0.631 0.482 0.435 0.593 0.42 0.343 0.283 0.2 0.214
-9999 -9999 -9999 -9999 -9999 -9999 -9999 -9999 -9999 -9999 -9999 -9999 -9999 -9999 -9999 -9999 -9999 -9999 -9999 -9999 -9999 -9999 -9999 0.333 0.265 0.224 0.252 0.508 0.504 0.352 0.318 0.35 0.271 0.424 0.434 0.508 0.357 0.317 0.373 0.361 0.255 0.191 0.238 0.231 0.267 0.198 0.209 0.213 0.225 0.233 0.248 0.253 0.223 0.267 0.291 0.243 0.314 0.272 0.33 0.273 0.29 0.245 0.464 0.206 0.187 0.356 0.555 0.516 0.574 0.554 0.612 0.237 0.356 0.38 0.327 0.372 0.273
-9999 -9999 -9999 -9999 -9999 -9999 -9999 -9999 -9999 -9999 -9999 -9999 -9999 -9999 -9999 -9999 -9999 -9999 -9999 -9999 -9999 -9999 0.314 0.406 0.539 0.292 0.423 0.356 0.348 0.281 0.316 0.243 0.373 0.506 0.393 0.384 0.419 0.377 0.464 0.471 0.386 0.397 0.311 0.192 0.165 0.26 0.218 0.182 0.207 0.2 0.26 0.219 0.236 0.322 0.305 0.298 0.215 0.281 0.296 0.329 0.345 0.432 0.563 0.217 0.196 0.302 0.204 0.238 0.427 0.43 0.406 0.351 0.35 0.306 0.269 0.324 0.249
-9999 -9999 -9999 -9999 -9999 -9999 -9999 -9999 -9999 -9999 -9999 -9999 -9999 -9999 -9999 -9999 -9999 -9999 -9999 -9999 0.22 0.245 0.301 0.291 0.472 0.366 0.385 0.438 0.422 0.238 0.376 0.294 0.273 0.268 0.262 0.334 0.455 0.368 0.447 0.452 0.526 0.526 0.356 0.354 0.278 0.297 0.269 0.193 0.26 0.238 0.3 0.336 0.28 0.28 0.329 0.277 0.305 0.38 0.373 0.366 0.374 0.37 0.36 0.217 0.319 0.341 0.393 0.372 0.377 0.344 0.339 0.481 0.379 0.297 0.298 0.303 0.258
-9999 -9999 -9999 -9999 -9999 -9999 -9999 -9999 -9999 -9999 -9999 -9999 -9999 -9999 -9999 -9999 -9999 -9999 -9999 -9999 0.232 0.336 0.333 0.285 0.263 0.283 0.242 0.242 0.243 0.249 0.218 0.392 0.373 0.353 0.402 0.388 0.435 0.676 0.572 0.566 0.599 0.563 0.578 0.439 0.442 0.353 0.239 0.316 0.342 0.299 0.311 0.337 0.349 0.256 0.33 0.268 0.366 0.326 0.378 0.451 0.449 0.478 0.42 0.267 0.241 0.396 0.346 0.462 0.402 0.47 0.505 0.412 0.319 0.35 0.391 0.348 0.427
-9999 -9999 -9999 -9999 -9999 -9999 -9999 -9999 -9999 -9999 -9999 -9999 -9999 -9999 -9999 -9999 -9999 -9999 0.209 0.201 0.235 0.299 0.36 0.321 0.379 0.278 0.156 0.205 0.21 0.271 0.322 0.463 0.464 0.451 0.487 0.452 0.542 0.77 0.41 0.419 0.562 0.608 0.596 0.438 0.644 0.36 0.503 0.545 0.497 0.491 0.353 0.373 0.348 0.349 0.3 0.387 0.383 0.445 0.303 0.414 0.398 0.404 0.202 0.16 0.373 0.408 0.514 0.45 0.368 0.302 0.335 0.389 0.445 0.495 0.366 0.347 0.388
-9999 -9999 -9999 -9999 -9999 -9999 -9999 -9999 -9999 -9999 -9999 -9999 -9999 -9999 -9999 -9999 -9999 -9999 0.293 0.338 0.363 0.297 0.35 0.211 0.275 0.238 0.246 0.283 0.298 0.25 0.488 0.518 0.401 0.402 0.444 0.444 0.641 0.556 0.544 0.558 0.61 0.489 0.497 0.446 0.541 0.554 0.445 0.543 0.475 0.473 0.557 0.613 0.409 0.451 0.415 0.331 0.352 0.354 0.361 0.291 0.302 0.384 0.201 0.235 0.325 0.435 0.471 0.224 0.27 0.303 0.31 0.383 0.27 0.272 0.357 0.354 0.343
-9999 -9999 -9999 -9999 -9999 -9999 -9999 -9999 -9999 -9999 -9999 -9999 -9999 -9999 -9999 -9999 -9999 0.295 0.302 0.287 0.309 0.229 0.279 0.218 0.239 0.183 0.36 0.33 0.324 0.282 0.513 0.437 0.361 0.416 0.46 0.515 0.568 0.54 0.589 0.591 0.576 0.552 0.53 0.585 0.548 0.645 0.641 0.714 0.579 0.586 0.61 0.433 0.478 0.348 0.161 0.384 0.519 0.489 0.309 0.27 0.312 0.341 0.454 0.396 0.355 0.371 0.307 0.39 0.329 0.282 0.29 0.271 0.305 0.381 0.337 0.37 0.414
-9999 -9999 -9999 -9999 -9999 -9999 -9999 -9999 -9999 -9999 -9999 -9999 -9999 -9999 -9999 0.171 0.226 0.312 0.313 0.351 0.391 0.271 0.261 0.23 0.248 0.177 0.265 0.324 0.333 0.338 0.398 0.368 0.414 0.477 0.531 0.547 0.612 0.633 0.659 0.664 0.587 0.593 0.55 0.593 0.615 0.633 0.699 0.664 0.642 0.641 0.61 0.626 0.634 0.431 0.341 0.343 0.524 0.473 0.549 0.272 0.357 0.36 0.448 0.265 0.346 0.339 0.203 0.369 0.394 0.368 0.286 0.293 0.315 0.395 0.405 0.336 0.343
-9999 -9999 -9999 -9999 -9999 -9999 -9999 -9999 -9999 -9999 -9999 -9999 -9999 -9999 -9999 0.225 0.207 0.274 0.279 0.234 0.294 0.336 0.28 0.262 0.322 0.287 0.259 0.288 0.326 0.308 0.297 0.376 0.433 0.473 0.518 0.505 0.727 0.634 0.615 0.613 0.564 0.638 0.579 0.664 0.704 0.688 0.594 0.641 0.575 0.578 0.57 0.65 0.72 0.416 0.367 0.394 0.515 0.544 0.444 0.298 0.399 0.377 0.338 0.293 0.324 0.401 0.323 0.419 0.373 0.316 0.502 0.51 0.374 0.383 0.294 0.347 0.382
-9999 -9999 -9999 -9999 -9999 -9999 -9999 -9999 -9999 -9999 0.133 0.156 0.158 0.212 0.189 0.235 0.236 0.243 0.247 0.267 0.3 0.236 0.257 0.232 0.377 0.38 0.34 0.362 0.366 0.334 0.324 0.447 0.335 0.39 0.566 0.492 0.629 0.583 0.561 0.566 0.59 0.593 0.627 0.597 0.737 0.715 0.665 0.439 0.649 0.633 0.603 0.735 0.506 0.552 0.423 0.549 0.539 0.547 0.474 0.36 0.367 0.401 0.4 0.212 0.355 0.335 0.426 0.343 0.432 0.492 0.357 0.354 0.294 0.405 0.307 -9999 0.357
-9999 -9999 -9999 -9999 -9999 -9999 -9999 -9999 -9999 -9999 0.14 0.208 0.15 0.262 0.337 0.302 0.282 0.278 0.28 0.325 0.393 0.411 0.322 0.283 0.422 0.327 0.394 0.408 0.402 0.333 0.346 0.402 0.379 0.397 0.504 0.446 0.429 0.506 0.499 0.56 0.559 0.595 0.721 0.696 0.674 0.693 0.631 0.52 0.625 0.578 0.514 0.427 0.521 0.495 0.428 0.533 0.557 0.348 0.535 0.425 0.428 0.454 0.452 0.35 0.308 0.449 0.534 0.483 0.509 0.485 0.448 0.442 0.364 0.406 0.386 0.436 0.413
-9999 -9999 -9999 -9999 -9999 -9999 -9999 -9999 0.172 0.204 0.271 0.189 0.182 0.243 0.248 0.215 0.315 0.239 0.242 0.318 0.292 0.329 0.286 0.281 0.357 0.348 0.526 0.458 0.45 0.393 0.375 0.477 0.39 0.343 0.374 0.397 0.422 0.456 0.471 0.479 0.561 0.507 0.553 0.564 0.577 0.636 0.532 0.449 0.561 0.57 0.553 0.535 0.557 0.553 0.589 0.546 0.531 0.536 0.548 0.559 0.599 0.586 0.417 0.422 0.428 0.498 0.568 0.587 0.528 0.566 0.478 0.48 0.462 0.315 0.486 0.364 0.389
-9999 -9999 -9999 -9999 -9999 -9999 -9999 -9999 0.182 0.228 0.138 0.201 0.24 0.145 0.237 0.284 0.206 0.29 0.295 0.313 0.332 0.326 0.24 0.33 0.399 0.369 0.449 0.431 0.412 0.393 0.504 0.385 0.351 0.356 0.388 0.501 0.419 0.543 0.516 0.524 0.512 0.532 0.589 0.544 0.525 0.427 0.456 0.462 0.504 0.49 0.481 0.526 0.426 0.429 0.563 0.648 0.538 0.548 0.644 0.622 0.617 0.486 0.465 0.372 0.474 0.636 0.7 0.642 0.591 0.665 0.527 0.529 0.456 0.314 0.367 -9999 0.356
-9999 -9999 -9999 -9999 -9999 -9999 -9999 -9999 0.158 0.161 0.177 0.148 0.146 0.201 0.185 0.182 0.278 0.336 0.356 0.306 0.282 0.333 0.44 0.239 0.363 0.328 0.355 0.335 0.33 0.359 0.347 0.217 0.334 0.38 0.458 0.451 0.581 0.605 0.517 0.519 0.472 0.423 0.387 0.444 0.537 0.544 0.551 0.591 0.453 0.379 0.384 0.446 0.516 0.59 0.487 0.609 0.607 0.651 0.651 0.665 0.664 0.68 0.6 0.59 0.671 0.704 0.424 0.582 0.595 0.567 0.454 0.46 0.388 0.437 -9999 0.391 0.427
-9999 -9999 -9999 -9999 -9999 -9999 -9999 -9999 0.208 0.163 0.196 0.142 0.236 0.234 0.172 0.285 0.301 0.298 0.303 0.319 0.403 0.357 0.466 0.381 0.344 0.278 0.388 0.452 0.45 0.418 0.344 0.377 0.469 0.547 0.456 0.51 0.624 0.559 0.437 0.441 0.455 0.539 0.388 0.547 0.443 0.549 0.601 0.508 0.404 0.456 0.462 0.543 0.606 0.548 0.599 0.707 0.699 0.675 0.609 0.622 0.618 0.521 0.484 0.628 0.595 0.617 0.621 0.688 0.748 0.533 0.509 0.453 0.47 0.671 0.45 0.493 0.481
-9999 -9999 -9999 -9999 -9999 -9999 -9999 -9999 0.181 0.16 0.197 0.22 0.153 0.291 0.169 0.369 0.344 0.262 0.263 0.482 0.449 0.366 0.374 0.45 0.311 0.223 0.26 0.451 0.459 0.441 0.453 0.408 0.527 0.501 0.478 0.572 0.581 0.621 0.501 0.505 0.581 0.471 0.468 0.501 0.651 0.538 0.591 0.588 0.452 0.509 0.521 0.541 0.57 0.48 0.526 0.538 0.465 0.647 0.671 0.593 0.592 0.666 0.601 0.542 0.601 0.685 0.591 0.558 0.685 0.499 0.539 0.519 0.628 0.558 0.451 0.478 0.481
-9999 -9999 -9999 -9999 -9999 -9999 0.202 0.201 0.196 0.223 0.142 0.224 0.244 0.327 0.273 0.432 0.401 0.383 0.407 0.294 0.285 0.374 0.342 0.347 0.342 0.411 0.4 0.389 0.398 0.361 0.575 0.595 0.465 0.496 0.657 0.503 0.613 0.61 0.591 0.592 0.581 0.47 0.483 0.637 0.501 0.476 0.674 0.484 0.415 0.503 0.515 0.519 0.481 0.319 0.463 0.514 0.543 0.656 0.701 0.686 0.688 0.698 0.697 0.619 0.583 0.634 0.573 0.746 0.697 0.602 0.5 0.499 0.648 0.593 0.503 0.39 -9999
-9999 -9999 -9999 -9999 -9999 -9999 0.179 0.157 0.185 0.202 0.243 0.226 0.3 0.458 0.448 0.621 0.379 0.34 0.335 0.426 0.481 0.479 0.446 0.47 0.432 0.341 0.375 0.336 0.434 0.647 0.53 0.501 0.482 0.705 0.505 0.69 0.56 0.677 0.623 0.594 0.495 0.641 0.461 0.516 0.623 0.591 0.549 0.476 0.454 0.557 0.563 0.52 0.504 0.457 0.53 0.503 0.515 0.559 0.68 0.645 0.66 0.761 0.621 0.783 0.799 0.572 0.788 0.62 0.482 0.669 0.619 0.625 0.574 0.633 0.495 0.35 -9999
-9999 -9999 -9999 -9999 -9999 -9999 0.17 0.138 0.214 0.195 0.335 0.189 0.482 0.388 0.558 0.547 0.481 0.484 0.488 0.544 0.473 0.446 0.576 0.527 0.437 0.516 0.427 0.323 0.322 0.321 0.351 0.556 0.484 0.487 0.497 0.644 0.516 0.591 0.521 0.517 0.526 0.607 0.504 0.541 0.482 0.581 0.664 0.579 0.506 0.561 0.565 0.56 0.512 0.563 0.506 0.52 0.5 0.562 0.725 0.636 0.488 0.463 0.569 0.758 0.608 0.567 0.588 0.524 0.544 0.596 0.61 0.615 0.589 0.548 0.458 -9999 0.371
-9999 -9999 -9999 -9999 0.233 0.205 0.209 0.184 0.177 0.171 0.384 0.395 0.37 0.484 0.6 0.583 0.5 0.454 0.453 0.651 0.515 0.48 0.43 0.553 0.515 0.414 0.486 0.387 0.386 0.326 0.437 0.427 0.319 0.496 0.521 0.639 0.591 0.568 0.515 0.515 0.577 0.707 0.518 0.575 0.544 0.6 0.691 0.569 0.473 0.607 0.607 0.672 0.708 0.569 0.567 0.461 0.49 0.641 0.6 0.523 0.496 0.523 0.6 0.613 0.666 0.629 0.613 0.495 0.63 0.508 0.678 0.671 0.593 0.467 -9999 0.459 0.47
-9999 -9999 -9999 -9999 0.308 0.21 0.187 0.17 0.125 0.151 0.223 0.424 0.463 0.664 0.544 0.662 0.599 0.619 0.625 0.589 0.656 0.609 0.562 0.508 0.464 0.416 0.623 0.334 0.33 0.421 0.695 0.59 0.536 0.409 0.503 0.563 0.501 0.6 0.545 0.546 0.539 0.486 0.57 0.65 0.722 0.554 0.499 0.472 0.472 0.674 0.676 0.632 0.559 0.571 0.703 0.748 0.536 0.486 0.491 0.598 0.699 0.726 0.499 0.484 0.591 0.613 0.498 0.506 0.617 0.624 0.683 0.679 0.434 -9999 0.498 0.425 0.449
-9999 0.159 0.227 0.162 0.215 0.168 0.171 0.151 0.186 0.149 0.309 0.244 0.426 0.645 0.412 0.6 0.6 0.48 0.49 0.59 0.644 0.755 0.728 0.584 0.474 0.474 0.601 0.407 0.402 0.547 0.559 0.521 0.587 0.483 0.617 0.641 0.61 0.574 0.491 0.49 0.538 0.491 0.627 0.475 0.62 0.52 0.533 0.504 0.506 0.529 0.52 0.617 0.702 0.706 0.607 0.729 0.684 0.607 0.576 0.576 0.561 0.564 0.557 0.703 0.437 0.522 0.567 0.588 0.625 0.511 0.696 0.691 0.462 0.404 0.518 0.375 0.472
-9999 0.155 0.265 0.187 0.193 0.182 0.148 0.149 0.266 0.227 0.331 0.324 0.288 0.657 0.322 0.674 0.499 0.483 0.492 0.593 0.797 0.692 0.667 0.549 0.612 0.437 0.638 0.557 0.548 0.422 0.726 0.522 0.513 0.548 0.577 0.5 0.701 0.659 0.443 0.447 0.401 0.487 0.444 0.684 0.58 0.53 0.5 0.544 0.528 0.639 0.642 0.607 0.718 0.717 0.64 0.622 0.792 0.641 0.675 0.708 0.477 0.467 -9999 0.438 0.492 0.539 0.549 0.633 0.662 0.454 -9999 -9999 -9999 0.424 -9999 0.453 0.461
-9999 0.136 0.17 0.241 0.158 0.257 0.165 0.165 0.288 0.164 0.229 0.459 0.291 0.478 0.339 0.447 0.468 0.635 0.643 0.638 0.725 0.683 0.753 0.654 0.551 0.552 0.562 0.369 0.356 0.338 0.661 0.51 0.533 0.539 0.515 0.44 0.519 0.581 0.472 0.477 0.394 0.597 0.6 0.554 0.619 0.675 0.668 0.624 0.601 0.444 0.447 0.527 0.57 0.681 0.61 0.631 0.751 0.586 0.549 0.646 0.515 0.506 0.624 0.64 0.521 0.607 0.708 0.692 0.589 0.375 0.6 0.556 0.528 0.344 -9999 0.415 0.396
-9999 0.127 0.149 0.247 0.216 0.195 0.159 0.159 0.277 0.23 0.191 0.305 0.324 0.379 0.475 0.412 0.477 0.732 0.739 0.569 0.56 0.816 0.611 0.574 0.503 0.593 0.53 0.379 0.375 0.389 0.561 0.448 0.499 0.515 0.465 0.518 0.435 0.664 0.401 0.403 0.403 0.552 0.482 0.685 0.558 0.53 0.617 0.719 0.505 0.526 0.527 0.498 0.608 0.623 0.735 0.601 0.736 0.673 0.609 0.404 0.647 0.644 0.65 0.558 0.506 0.503 0.45 0.629 0.635 0.505 0.605 0.592 0.59 0.473 0.575 0.514 0.405
