disasters/re_slide.asc
ncols         768
nrows         589
xllcorner     124.299398925
yllcorner     32.893460211367
cellsize      0.010567299164062
NODATA_value  -9999
[rows 102 to 135 of 589, columns 308 to 384 of 768]
0.25 0.219 0.209 0.217 0.242 0.241 0.27 0.184 0.214 0.218 -9999 0.087 0.108 0.107 0.13 0.108 0.194 0.093 0.091 0.131 0.103 0.113 0.141 0.14 0.144 0.154 0.14 0.146 0.099 0.151 0.109 0.115 0.114 0.109 0.11 0.12 0.143 0.111 0.141 0.111 0.091 0.122 0.085 0.096 0.097 0.104 0.124 0.081 0.104 0.106 0.108 0.083 0.104 0.109 0.112 0.112 0.075 0.069 0.07 0.117 0.077 0.07 0.077 0.171 0.096 0.096 0.063 0.082 0.085 0.065 0.072 0.071 0.068 0.095 0.129 0.124 0.086
0.168 0.13 0.154 0.16 0.217 0.169 0.221 0.245 0.206 0.167 0.165 0.151 0.127 0.128 0.112 0.105 0.101 0.115 0.149 0.122 0.107 0.132 0.131 0.128 0.128 0.15 0.126 0.165 0.17 0.145 0.148 0.143 0.152 0.112 0.113 0.118 0.14 0.129 0.1 0.119 0.118 0.12 0.099 0.095 0.098 0.083 0.12 0.135 0.123 0.102 0.09 0.11 0.08 0.101 0.074 0.07 0.092 0.069 0.082 0.139 0.159 0.067 0.071 0.103 0.094 0.094 0.119 0.111 0.076 0.084 0.087 0.157 0.087 0.109 0.078 0.075 0.066
0.252 0.192 0.168 0.182 0.171 0.166 0.18 0.174 0.146 0.153 0.171 0.128 0.142 0.15 0.136 0.123 0.122 0.128 0.152 0.125 0.149 0.2 0.204 0.11 0.108 0.141 0.156 0.142 0.23 0.127 0.185 0.191 0.119 0.094 0.094 0.157 0.148 0.083 0.112 0.085 0.096 0.077 0.085 0.119 0.116 0.125 0.12 0.165 0.125 0.131 0.146 0.094 0.133 0.081 0.08 0.076 0.07 0.087 0.099 0.126 0.086 0.079 0.104 0.069 0.102 0.102 0.075 0.062 0.07 0.078 0.108 0.063 0.066 0.067 0.163 0.164 0.1
0.168 0.194 0.207 0.219 0.199 0.183 0.177 0.124 0.135 0.15 0.165 0.185 0.146 0.152 0.156 0.181 0.163 0.17 0.155 0.138 0.123 0.156 0.171 0.146 0.112 0.106 0.116 0.177 0.211 0.216 0.222 0.108 0.091 0.113 0.111 0.167 0.136 0.08 0.096 0.133 0.094 0.11 0.085 0.114 0.112 0.104 0.121 0.088 0.08 0.085 0.114 0.106 0.103 0.075 0.093 0.094 0.082 0.071 0.068 0.153 0.078 0.072 0.08 0.088 0.083 0.081 0.09 0.066 0.061 0.069 0.132 0.071 0.101 0.082 0.082 0.082 0.129
0.136 0.208 0.222 0.206 0.185 0.199 0.201 0.12 0.128 0.133 0.129 0.117 0.164 0.187 0.167 0.158 0.144 0.177 0.151 0.119 0.178 0.235 0.154 0.161 0.164 0.159 0.249 0.27 0.297 0.223 0.285 0.281 0.106 0.144 0.131 0.147 0.095 0.072 0.1 0.078 0.145 0.115 0.075 0.079 0.081 0.083 0.129 0.136 0.098 0.086 0.099 0.09 0.064 0.102 0.071 0.123 0.096 0.113 0.072 0.073 0.116 0.109 0.127 0.082 0.077 0.076 0.083 0.117 0.101 0.082 0.128 0.144 0.117 0.093 0.154 0.096 0.096
0.158 0.17 0.205 0.19 0.158 0.21 0.154 0.152 0.136 0.202 0.144 0.154 0.123 0.139 0.143 0.132 0.125 0.17 0.133 0.144 0.181 0.146 0.131 0.212 0.289 0.167 0.222 0.287 0.231 0.158 0.157 0.159 0.124 0.118 0.127 0.127 0.137 0.163 0.141 0.144 0.111 0.092 0.1 0.083 0.088 0.087 0.108 0.076 0.066 0.079 0.08 0.112 0.066 0.072 0.089 0.075 0.078 0.074 0.177 0.074 0.077 0.077 0.07 0.162 0.084 0.082 0.068 0.061 0.102 0.079 0.064 0.104 0.066 0.068 0.087 0.084 0.084
0.215 0.208 0.209 0.185 0.159 0.139 0.122 0.162 0.133 0.105 0.133 0.123 0.129 0.112 0.111 0.141 0.123 0.171 0.155 0.177 0.133 0.121 0.151 0.189 0.188 0.196 0.191 0.173 0.141 0.17 0.135 0.124 0.187 0.153 0.154 0.142 0.105 0.105 0.115 0.084 0.078 0.075 0.106 0.15 0.084 0.084 0.075 0.077 0.075 0.126 0.135 0.132 0.127 0.09 0.157 0.158 0.092 0.155 0.093 0.141 0.119 0.067 0.081 0.088 0.101 0.107 0.107 0.123 0.08 0.09 0.085 0.069 0.067 0.075 0.076 0.096 0.096
0.177 0.175 0.155 0.142 0.217 0.168 0.18 0.136 0.104 0.124 0.109 0.135 0.106 0.115 0.115 0.167 0.218 0.247 0.204 0.184 0.207 0.15 0.122 0.177 0.155 0.222 0.096 0.12 0.131 0.127 0.104 0.114 0.149 0.153 0.104 0.099 0.102 0.12 0.149 0.117 0.08 0.074 0.127 0.081 0.071 0.071 0.105 0.108 0.111 0.128 0.075 0.155 0.09 0.111 0.071 0.07 0.095 0.143 0.106 0.179 0.08 0.074 0.069 0.059 0.156 0.077 0.076 0.092 0.081 0.093 0.149 0.085 0.064 0.088 0.084 0.068 0.068
0.2 0.193 0.193 0.223 0.15 0.207 0.154 0.218 0.151 0.149 0.148 0.158 0.187 0.183 0.18 0.18 0.177 0.154 0.188 0.167 0.164 0.163 0.131 0.132 0.132 0.12 0.092 0.139 0.137 0.127 0.148 0.101 0.125 0.153 0.099 0.097 0.158 0.081 0.086 0.077 0.087 0.073 0.085 0.089 0.106 0.106 0.094 0.082 0.129 0.143 0.136 0.067 0.138 0.094 0.09 0.081 0.08 0.185 0.112 0.171 0.143 0.179 0.098 0.094 0.127 0.099 0.099 0.17 0.107 0.078 0.06 0.069 0.098 0.115 0.091 0.087 0.087
0.302 0.256 0.179 0.182 0.185 0.228 0.172 0.176 0.19 0.192 0.182 0.223 0.189 0.157 0.151 0.161 0.173 0.153 0.126 0.157 0.16 0.154 0.173 0.136 0.171 0.136 0.153 0.152 0.14 0.145 0.124 0.133 0.111 0.089 0.11 0.111 0.107 0.143 0.077 0.078 0.133 0.147 0.157 0.08 0.116 0.117 0.068 0.083 0.092 0.075 0.113 0.137 0.087 0.089 0.127 0.079 0.078 0.074 0.142 0.085 0.076 0.082 0.07 0.059 0.066 0.09 0.089 0.102 0.107 0.065 0.097 0.129 0.104 0.079 0.067 0.066 0.105
0.216 0.215 0.244 0.201 0.201 0.152 0.153 0.216 0.208 0.163 0.189 0.224 0.236 0.198 0.194 0.154 0.149 0.14 0.141 0.162 0.119 0.197 0.176 0.143 0.143 0.108 0.108 0.084 0.116 0.106 0.124 0.123 0.125 0.094 0.088 0.088 0.105 0.108 0.137 0.157 0.103 0.087 0.08 0.133 0.08 0.08 0.085 0.112 0.176 0.121 0.165 0.066 0.079 0.136 0.151 0.085 0.085 0.076 0.102 0.064 0.075 0.07 0.064 0.062 0.066 0.066 0.066 0.078 0.07 0.073 0.154 0.075 0.06 0.052 0.094 0.059 0.064
0.283 0.212 0.214 0.294 0.296 0.197 0.211 0.19 0.17 0.192 0.269 0.275 0.233 0.19 0.184 0.186 0.159 0.141 0.137 0.168 0.157 0.194 0.149 0.129 0.109 0.11 0.119 0.154 0.136 0.14 0.12 0.124 0.126 0.128 0.154 0.15 0.152 0.151 0.088 0.148 0.116 0.083 0.131 0.092 0.075 0.074 0.092 0.091 0.19 0.082 0.079 0.139 0.131 0.198 0.165 0.122 0.117 0.068 0.07 0.182 0.081 0.07 0.084 0.06 0.061 0.071 0.071 0.106 0.076 0.067 0.143 0.107 0.059 0.05 0.052 0.051 0.055
0.297 0.256 0.27 0.219 0.222 0.28 0.227 0.26 0.28 0.288 0.287 0.263 0.251 0.18 0.176 0.158 0.152 0.134 0.175 0.189 0.179 0.178 0.148 0.145 0.184 0.216 0.159 0.119 0.172 0.18 0.143 0.13 0.122 0.132 0.162 0.158 0.095 0.136 0.127 0.148 0.089 0.118 0.099 0.101 0.086 0.129 0.129 0.17 0.078 0.069 0.083 0.06 0.068 0.064 0.068 0.079 0.079 0.073 0.068 0.072 0.128 0.118 0.148 0.158 0.083 0.093 0.134 0.133 0.079 0.08 0.137 0.063 0.056 0.059 0.056 0.053 0.066
0.378 0.415 0.291 0.204 0.199 0.248 0.238 0.346 0.304 0.242 0.276 0.232 0.21 0.185 0.178 0.156 0.155 0.137 0.152 0.186 0.161 0.194 0.17 0.159 0.168 0.17 0.177 0.175 0.139 0.088 0.154 0.1 0.085 0.096 0.093 0.091 0.095 0.091 0.159 0.131 0.159 0.093 0.081 0.085 0.112 0.121 0.117 0.12 0.122 0.153 0.112 0.079 0.073 0.07 0.059 0.063 0.065 0.062 0.064 0.072 0.081 0.177 0.117 0.101 0.129 0.158 0.077 0.077 0.098 0.161 0.084 0.066 0.065 0.064 0.063 0.06 0.062
0.327 0.342 0.26 0.327 0.328 0.28 0.337 0.245 0.232 0.356 0.319 0.22 0.176 0.169 0.163 0.174 0.21 0.147 0.135 0.212 0.218 0.248 0.153 0.195 0.115 0.119 0.162 0.186 0.137 0.109 0.157 0.108 0.11 0.09 0.127 0.127 0.154 0.105 0.154 0.15 0.111 0.11 0.082 0.104 0.114 0.103 0.1 0.154 0.125 0.155 0.068 0.135 0.194 0.096 0.144 0.12 0.146 0.071 0.073 0.059 0.144 0.153 0.087 0.133 0.131 0.109 0.145 0.145 0.121 0.08 0.082 0.07 0.08 0.064 0.056 0.056 0.06
0.467 0.338 0.451 0.376 0.371 0.321 0.382 0.325 0.308 0.314 0.245 0.184 0.202 0.183 0.171 0.164 0.174 0.204 0.206 0.199 0.224 0.198 0.199 0.128 0.189 0.209 0.204 0.151 0.098 0.117 0.173 0.1 0.088 0.09 0.141 0.137 0.138 0.19 0.077 0.082 0.082 0.103 0.113 0.094 0.118 0.097 0.096 0.12 0.084 0.069 0.061 0.094 0.088 0.105 0.077 0.125 0.062 0.061 0.062 0.084 0.087 0.103 0.082 0.162 0.137 0.08 0.099 0.1 0.119 0.061 0.075 0.072 0.08 0.071 0.074 0.064 0.072
0.371 0.378 0.356 0.36 0.365 0.435 0.352 0.365 0.344 0.316 0.341 0.215 0.282 0.211 0.174 0.183 0.207 0.181 0.247 0.238 0.217 0.219 0.18 0.203 0.224 0.231 0.272 0.151 0.13 0.136 0.14 0.124 0.099 0.087 0.134 0.115 0.117 0.081 0.145 0.104 0.137 0.132 0.102 0.129 0.112 0.087 0.086 0.087 0.087 0.111 0.106 0.11 0.162 0.181 0.071 0.073 0.08 0.08 0.069 0.086 0.142 0.183 0.143 0.124 0.15 0.083 0.133 0.133 0.133 0.077 0.176 0.066 0.081 0.135 0.093 0.119 0.06
0.372 0.388 0.435 0.39 0.392 0.422 0.427 0.347 0.353 0.327 0.23 0.225 0.238 0.25 0.273 0.27 0.225 0.221 0.194 0.219 0.233 0.255 0.161 0.146 0.141 0.146 0.137 0.113 0.093 0.178 0.148 0.161 0.074 0.176 0.157 0.138 0.139 0.092 0.112 0.111 0.108 0.096 0.112 0.131 0.087 0.091 0.09 0.072 0.083 0.106 0.177 0.084 0.133 0.109 0.15 0.109 0.07 0.07 0.083 0.149 0.121 0.169 0.15 0.149 0.092 0.131 0.111 0.111 0.075 0.093 0.072 0.083 0.082 0.066 0.067 0.071 0.062
0.412 0.586 0.38 0.304 0.303 0.367 0.361 0.384 0.424 0.248 0.336 0.347 0.232 0.237 0.285 0.241 0.217 0.237 0.215 0.177 0.25 0.218 0.221 0.153 0.169 0.182 0.224 0.163 0.105 0.159 0.118 0.181 0.205 0.212 0.139 0.089 0.088 0.18 0.094 0.145 0.127 0.103 0.112 0.116 0.084 0.073 0.073 0.085 0.09 0.099 0.079 0.088 0.091 0.173 0.079 0.181 0.066 0.066 0.075 0.099 0.09 0.11 0.199 0.148 0.084 0.128 0.126 0.107 0.107 0.089 0.068 0.063 0.056 0.067 0.073 0.162 0.098
0.314 0.461 0.3 -9999 -9999 -9999 0.363 0.312 0.283 0.268 0.359 0.497 0.24 0.281 0.348 0.304 0.272 0.274 0.231 0.222 0.241 0.166 0.148 0.13 0.157 0.176 0.237 0.149 0.221 0.139 0.137 0.112 0.19 0.215 0.132 0.119 0.116 0.117 0.097 0.083 0.102 0.102 0.161 0.144 0.082 0.079 0.074 0.073 0.092 0.076 0.117 0.092 0.189 0.083 0.109 0.099 0.188 0.189 0.192 0.091 0.209 0.224 0.197 0.14 0.07 0.124 0.15 0.084 0.084 0.053 0.057 0.064 0.058 0.067 0.081 0.065 0.079
0.375 0.325 0.321 0.312 0.308 0.278 0.288 -9999 0.282 -9999 0.428 0.353 0.368 0.281 0.382 0.375 0.295 0.231 0.235 0.266 0.19 0.149 0.197 0.155 0.229 0.329 0.315 0.128 0.187 0.204 0.158 0.158 0.139 0.203 0.121 0.151 0.147 0.132 0.11 0.105 0.094 0.125 0.117 0.104 0.077 0.089 0.097 0.097 0.124 0.097 0.093 0.117 0.09 0.09 0.102 0.15 0.156 0.156 0.166 0.185 0.187 0.191 0.109 0.102 0.176 0.151 0.087 0.095 0.095 0.066 0.076 0.066 0.093 0.077 0.132 0.11 0.091
0.362 0.356 0.36 0.324 0.32 0.285 0.277 0.231 0.394 0.287 0.415 0.356 0.317 0.231 0.334 0.316 0.22 0.179 0.179 0.181 0.143 0.174 0.109 0.161 0.25 0.224 0.218 0.171 0.166 0.222 0.116 0.188 0.119 0.21 0.175 0.129 0.125 0.134 0.112 0.1 0.122 0.147 0.143 0.082 0.084 0.091 0.109 0.111 0.098 0.092 0.106 0.088 0.101 0.122 0.129 0.115 0.149 0.148 0.17 0.181 0.131 0.109 0.134 0.179 0.065 0.08 0.094 0.151 0.151 0.145 0.076 0.074 0.076 0.128 0.147 0.094 0.06
0.48 0.419 0.276 0.337 0.325 0.326 0.31 0.348 0.312 0.197 0.356 0.396 0.347 0.233 0.244 0.222 0.162 0.178 0.139 0.276 0.231 0.198 0.181 0.198 0.217 0.155 0.154 0.158 0.139 0.167 0.131 0.226 0.116 0.096 0.123 0.128 0.132 0.121 0.133 0.121 0.16 0.138 0.11 0.127 0.186 0.125 0.119 0.117 0.106 0.112 0.092 0.083 0.092 0.094 0.115 0.105 0.109 0.091 0.092 0.134 0.136 0.111 0.124 0.172 0.086 0.083 0.112 0.093 0.093 0.141 0.067 0.081 0.072 0.079 0.123 0.163 0.063
0.479 0.429 0.326 0.415 0.36 0.366 0.401 0.447 0.398 0.304 0.251 0.268 0.267 0.183 0.22 0.219 0.185 0.224 0.257 0.308 0.294 0.19 0.227 0.17 0.207 0.19 0.176 0.187 0.21 0.159 0.123 0.131 0.146 0.164 0.132 0.143 0.148 0.151 0.164 0.14 0.175 0.187 0.147 0.11 0.09 0.089 0.086 0.085 0.079 0.093 0.082 0.079 0.141 0.099 0.104 0.082 0.103 0.103 0.104 0.126 0.121 0.221 0.119 0.075 0.07 0.163 0.106 0.103 0.103 0.07 0.075 0.063 0.06 0.066 0.082 0.15 0.06
0.399 0.433 0.39 0.438 0.329 0.331 0.399 0.518 0.432 0.213 0.242 0.222 0.241 0.24 0.229 0.257 0.198 0.207 0.205 0.218 0.201 0.165 0.194 0.202 0.235 0.206 0.211 0.19 0.167 0.16 0.113 0.127 0.153 0.101 0.122 0.104 0.1 0.095 0.09 0.107 0.168 0.116 0.091 0.092 0.089 0.093 0.086 0.084 0.095 0.134 0.129 0.122 0.14 0.128 0.102 0.113 0.121 0.097 0.097 0.098 0.116 0.205 0.185 0.15 0.123 0.07 0.075 0.1 0.192 0.192 0.066 0.073 0.106 0.076 0.066 0.068 0.077
0.41 0.532 0.439 0.345 0.284 0.284 0.368 0.418 0.268 0.176 0.205 0.161 0.173 0.228 0.166 0.189 0.226 0.198 0.195 0.195 0.224 0.24 0.211 0.249 0.204 0.21 0.211 0.215 0.178 0.132 0.126 0.148 0.112 0.104 0.106 0.156 0.11 0.111 0.125 0.133 0.117 0.086 0.083 0.091 0.081 0.095 0.122 0.121 0.119 0.111 0.102 0.154 0.207 0.097 0.137 0.099 0.105 0.113 0.112 0.118 0.164 0.149 0.07 0.084 0.082 0.157 0.083 0.079 0.076 0.075 0.102 0.102 0.071 0.074 0.074 0.07 0.142
0.395 0.52 0.385 0.328 0.289 0.316 0.376 0.428 0.214 0.198 0.238 0.217 0.199 0.226 0.292 0.301 0.214 0.251 0.23 0.167 0.199 0.165 0.163 0.168 0.172 0.164 0.167 0.215 0.261 0.159 0.13 0.115 0.092 0.144 0.132 0.181 0.157 0.152 0.118 0.11 0.121 0.113 0.127 0.095 0.085 0.108 0.093 0.107 0.117 0.164 0.176 0.148 0.149 0.132 0.103 0.084 0.104 0.102 0.103 0.08 0.085 0.177 0.074 0.107 0.072 0.073 0.077 0.082 0.097 0.097 0.076 0.088 0.064 0.068 0.064 0.069 0.129
0.45 0.494 0.341 0.245 0.287 0.313 0.471 0.312 0.228 0.297 0.191 0.25 0.202 0.224 0.225 0.246 0.236 0.212 0.165 0.161 0.154 0.142 0.15 0.16 0.172 0.175 0.174 0.138 0.129 0.108 0.149 0.102 0.102 0.165 0.149 0.135 0.167 0.136 0.145 0.1 0.094 0.144 0.097 0.086 0.086 0.109 0.084 0.119 0.118 0.155 0.123 0.11 0.142 0.106 0.108 0.112 0.105 0.198 0.198 0.1 0.125 0.076 0.103 0.117 0.09 0.082 0.103 0.071 0.068 0.069 0.101 0.104 0.18 0.102 0.089 0.093 0.173
0.426 0.418 0.34 0.234 0.398 0.408 0.317 0.293 0.242 0.19 0.183 0.211 0.194 0.172 0.208 0.204 0.197 0.18 0.135 0.172 0.223 0.168 0.147 0.191 0.237 0.186 0.184 0.211 0.162 0.178 0.136 0.138 0.119 0.109 0.126 0.147 0.152 0.15 0.144 0.098 0.087 0.109 0.123 0.085 0.108 0.128 0.148 0.152 0.151 0.121 0.136 0.149 0.145 0.207 0.114 0.108 0.083 0.114 0.114 0.15 0.156 0.112 0.083 0.103 0.103 0.112 0.117 0.062 0.082 0.081 0.092 0.073 0.106 0.086 0.106 0.171 0.086
0.369 -9999 -9999 0.279 0.269 0.264 0.276 0.177 0.147 0.206 0.159 0.199 0.206 0.221 0.148 0.164 0.164 0.144 0.143 0.19 0.175 0.147 0.212 0.15 0.123 0.15 0.155 0.119 0.14 0.147 0.134 0.117 0.139 0.137 0.121 0.136 0.15 0.146 0.144 0.111 0.086 0.111 0.118 0.108 0.08 0.137 0.117 0.119 0.119 0.148 0.126 0.123 0.206 0.125 0.101 0.127 0.105 0.159 0.118 0.118 0.167 0.103 0.163 0.095 0.158 0.14 0.115 0.075 0.099 0.099 0.124 0.097 0.075 0.079 0.09 0.119 0.065
0.407 0.342 0.22 0.261 0.202 0.216 0.13 0.183 0.199 0.212 0.267 0.189 0.261 0.265 0.157 0.155 0.159 0.147 0.144 0.16 0.145 0.15 0.137 0.133 0.118 0.133 0.186 0.182 0.141 0.188 0.119 0.132 0.147 0.151 0.156 0.155 0.13 0.126 0.102 0.114 0.103 0.117 0.205 0.114 0.158 0.129 0.132 0.161 0.162 0.152 0.136 0.111 0.139 0.115 0.15 0.124 0.123 0.156 0.134 0.133 0.129 0.116 0.107 0.11 0.11 0.215 0.092 0.14 0.192 0.076 0.082 0.081 0.081 0.101 0.175 0.099 0.086
0.354 0.371 0.333 0.232 0.212 0.229 0.243 0.284 0.288 0.239 0.253 0.24 0.143 0.214 0.128 0.139 0.141 0.166 0.161 0.17 0.203 0.24 0.188 0.15 0.137 0.153 0.155 0.151 0.167 0.179 0.175 0.137 0.146 0.148 0.159 0.149 0.14 0.101 0.089 0.118 0.14 0.13 0.112 0.173 0.129 0.16 0.127 0.126 0.126 0.106 0.069 0.116 0.109 0.16 0.114 0.11 0.19 0.131 0.115 0.115 0.135 0.101 0.131 0.103 0.111 0.088 0.107 0.192 0.176 0.095 0.094 0.083 0.075 0.064 0.098 0.065 0.072
0.375 0.49 0.305 0.247 0.226 0.209 0.162 0.254 0.248 0.185 0.166 0.134 0.135 0.124 0.126 0.12 0.123 0.203 0.133 0.164 0.216 0.202 0.135 0.141 0.142 0.169 0.188 0.183 0.164 0.172 0.146 0.143 0.15 0.141 0.146 0.15 0.2 0.178 0.2 0.168 0.237 0.149 0.187 0.198 0.158 0.199 0.13 0.186 0.185 0.184 0.127 0.202 0.195 0.111 0.099 0.131 0.121 0.12 0.227 0.226 0.138 0.105 0.12 0.094 0.143 0.124 0.151 0.154 0.151 0.084 0.084 0.071 0.076 0.064 0.066 0.067 0.095
0.472 0.443 0.292 0.316 0.2 0.186 0.154 0.231 0.157 0.18 0.151 0.129 0.1 0.155 0.157 0.109 0.108 0.228 0.137 0.24 0.26 0.154 0.13 0.174 0.132 0.18 0.207 0.197 0.152 0.142 0.15 0.148 0.123 0.113 0.148 0.184 0.134 0.152 0.149 0.136 0.15 0.132 0.14 0.138 0.166 0.133 0.188 0.152 0.151 0.147 0.236 0.093 0.152 0.148 0.08 0.111 0.107 0.146 0.136 0.135 0.112 0.133 0.181 0.095 0.179 0.095 0.18 0.105 0.096 0.077 0.077 0.072 0.072 0.073 0.064 0.087 0.072
