features/re_bio7.asc
ncols         768
nrows         589
xllcorner     124.299398925
yllcorner     32.893460211367
cellsize      0.010567299164062
NODATA_value  -9999
[rows 256 to 287 of 589, columns 360 to 431 of 768]
38.31613 38.37465 37.84977 37.49459 37.28617 37.16117 37.07661 37.20553 37.57661 37.65968 37.79378 38.01843 38.34389 38.77443 39.13906 39.46233 39.72051 39.68399 39.47154 39.82592 39.92511 39.94297 40.06417 40.47005 40.60495 40.60668 40.51302 40.90346 41.18157 41.19804 41.1553 41.15484 41.17419 41.03548 40.84839 40.71613 40.19032 39.76451 39.48387 39.08065 38.73549 39.44194 39.39355 39.29032 39.75484 40.04516 39.56774 39.80645 39.34516 39.64839 40.31936 40.66129 40.5871 40.45161 40.56129 40.72258 40.82258 40.68387 40.60323 40.58065 40.62258 40.70968 40.73871 40.78064 40.78064 40.7 40.60645 40.58387 40.65484 40.72903 40.67097 40.50323
38.37304 38.53226 38.05587 37.63594 37.4076 37.26751 37.20392 37.33191 37.60576 37.60818 37.52581 37.75864 37.97627 38.33652 38.79217 39.23675 39.61267 39.60069 39.28491 39.39943 40.01094 40.10737 40.16164 40.03917 40.12938 40.43168 40.50449 40.5932 40.77903 41.11337 41.40968 41.47419 41.46774 41.18387 41.1129 41.03548 40.75161 40.20645 39.40645 39.45161 39.10323 40.04193 40.16129 39.92581 40.12258 40.28064 40.01936 40.13871 39.60645 40.04839 40.29678 40.47097 40.48709 40.38065 40.38387 40.73226 40.73871 40.70322 40.59355 40.43548 40.54516 40.90322 40.75484 40.7871 40.90968 41.00323 40.75806 40.59032 40.69032 40.80645 40.76774 40.70968
38.4553 38.65899 38.22845 37.90564 37.6235 37.478 37.64424 37.84804 37.85035 37.74413 37.59159 37.8985 38.37362 38.56958 38.97269 39.40357 39.52005 39.36463 39.04193 39.30392 39.81244 40.08376 39.95034 39.75887 39.68986 40.06878 40.67684 40.9674 41.17799 41.37915 41.57742 41.70645 41.65807 41.59032 41.29355 40.99677 40.74194 40.54516 39.96774 39.33548 39.07097 39.80968 39.95807 39.76451 40.07097 40.43871 40.3129 40.05161 39.92258 40.32903 40.2871 40.39355 40.52903 40.67097 40.77419 40.81936 40.89355 40.81936 40.75806 40.69355 40.52903 40.49355 40.77097 40.73871 40.74839 40.80323 40.68064 40.6 40.57097 40.56129 40.6129 40.83548
38.52385 38.58433 38.45392 38.11751 37.99689 37.93249 38.05288 38.22984 38.23779 37.99355 38.06993 38.39182 38.41855 38.7712 39.04597 39.31313 39.4114 39.14539 39.15242 39.73928 39.8773 40.06198 39.99735 39.93203 39.9159 39.99792 40.31452 40.59908 41.07051 41.44205 41.62258 41.74516 41.79355 41.76774 41.57742 41.14839 40.33226 40.37097 40.06129 39.42903 39.84193 39.3871 40.00968 40.16452 40.27742 40.51613 40.51613 40.25484 40.64194 40.47742 40.5871 40.75484 40.70322 40.64516 40.74516 41.07419 40.99677 40.92903 40.75806 40.64194 40.40322 40.33548 40.73549 40.81936 40.7 40.65484 40.60323 40.52581 40.51291 40.53871 40.53226 40.56129
38.80184 38.93318 38.41106 38.3659 38.34078 38.48157 38.1659 37.9477 37.98975 37.96394 38.0932 38.3758 38.74735 39.0182 39.24182 39.18214 38.93007 38.91279 39.46751 39.9038 39.97557 40.09459 40.21959 40.36164 40.30599 40.10276 40.35081 40.55138 40.78756 41.22281 41.51728 41.6258 41.68387 41.69677 41.50968 41.29678 41.06774 41.06452 40.50645 40.43226 40.37742 39.6129 40.42258 40.46774 40.19355 40.38387 40.63226 40.52903 40.74839 40.62258 40.64516 40.89355 40.85806 40.66774 40.68387 41.1129 41.16774 41.08065 40.81936 40.76129 40.74516 40.70645 40.75806 40.82581 40.77742 40.67419 40.63226 40.6129 40.55806 40.48387 40.47742 40.53226
38.93203 39.00104 38.97754 38.69666 38.9174 38.8091 38.31659 37.59735 37.16325 37.35553 37.88491 38.02984 38.53191 39.18272 39.17396 38.62777 38.39458 38.89724 39.33514 39.7394 40.07016 40.02765 40.09447 40.15322 40.03111 39.72604 40.19309 40.32085 40.54908 40.84021 41.04631 41.18583 41.28814 41.23226 41.04516 41.1129 40.98064 40.7 40.61613 40.63871 40.39032 39.60645 40.33871 40.06774 40.1871 40.51613 40.67419 40.59355 40.51936 40.41935 40.70968 40.77742 40.82258 40.73549 40.80645 41.3129 41.40645 41.25806 41.05484 40.92903 40.79032 40.74839 40.82258 40.84516 40.83226 40.74516 40.59678 40.53548 40.45161 40.36452 40.38065 40.39032
38.86129 38.98191 39.12062 39.0811 39.06832 38.79113 38.25875 37.6447 36.88836 36.61325 37.55023 37.98042 38.95876 39.37846 39.20357 38.74228 38.6227 39.10207 39.6833 39.76544 40.06382 40.06014 40.03871 39.95634 39.62062 39.17615 39.80242 40.07673 40.26763 40.56866 40.73088 40.82442 40.9106 40.88663 40.72845 40.61728 40.7129 40.66452 40.7 40.45161 40.4 40.39355 40.53871 40.43871 40.31613 40.3129 40.5 40.65484 40.5871 40.64516 40.80968 40.77097 40.76774 40.76774 41 41.35161 41.36774 41.31936 41.07097 40.90645 40.80968 40.73226 40.77097 40.8742 40.78387 40.74194 40.44516 40.50323 40.40968 40.32258 40.37097 40.40322
38.62638 38.68894 38.86532 39.30899 39.08283 38.52005 38.08376 37.37719 37.11935 37.64585 38.2015 38.9682 39.43399 38.87097 38.55484 39.01187 39.56094 39.74274 39.78848 39.83652 40.15472 40.08836 40.0985 39.93249 39.70449 39.72903 39.98088 40.0515 40.17143 40.23583 40.43837 40.56175 40.59481 40.64297 40.5439 40.41855 40.51025 40.53871 40.63871 40.56452 40.58065 40.55806 40.20968 40.42903 40.41613 40.48387 40.60968 40.59355 40.43548 40.52258 40.69677 40.71936 40.82581 40.84839 41.06774 41.26774 41.2 41.30645 41.06452 40.90968 40.82581 40.72581 40.7 40.83226 40.7129 40.70645 40.5 40.50323 40.3871 40.3 40.30968 40.30968
38.43353 38.59171 39.19574 39.2318 38.78456 38.49205 38.27903 37.81221 37.64885 38.06901 38.64839 39.20461 39.10449 37.71383 38.19505 38.69539 39.14735 39.55542 39.73272 40.03975 40.12189 40.17431 40.17569 40.02869 39.96463 40.18698 40.13249 39.65553 39.80472 39.84205 40.08422 40.29159 40.39205 40.47892 40.38641 40.42811 40.41855 40.49355 40.72903 40.62903 40.51613 40.50968 40.45161 40.64194 40.46774 40.34193 40.5 40.66129 40.52903 40.44194 40.47419 40.42903 40.95484 40.91935 40.92258 41.04516 41.10323 41.16452 41.10323 40.99677 40.86774 40.66452 40.56774 40.67097 40.61935 40.59032 40.73871 40.57742 40.47419 40.40645 40.30968 40.21613
38.33825 38.74574 39.29816 39.26936 38.96498 38.94666 38.96383 38.46936 38.31175 38.69712 38.99435 39.00945 39.0227 37.76406 38.06025 37.92235 38.33641 39.22189 39.71279 40.02846 -9999 40.12339 40.03387 40.09896 40.25023 40.21371 40.01936 39.81417 39.8197 39.95968 40.01958 40.17178 40.32316 40.37489 40.41405 40.65311 40.65472 40.67765 40.59678 40.53226 40.54193 40.51613 40.61613 40.90322 40.82258 40.65484 40.66774 40.72581 40.52581 40.10323 40.56774 40.92258 40.90322 40.92258 40.89677 40.94839 40.8871 40.86774 40.97097 40.75806 40.70322 40.69032 40.6 40.48709 40.43871 40.59678 40.61613 40.61613 40.60968 40.44516 40.29355 40.26774
38.85345 39.05069 39.20645 38.95968 38.54781 38.20979 38.37028 38.07615 37.91475 38.10876 38.47247 38.7076 38.91982 37.95196 37.90818 37.92638 38.47304 39.31774 39.84366 39.92074 40.12903 40.2667 40.35588 40.27753 40.13479 40.05841 40.11428 40.22857 40.13882 40.19078 40.0962 40.21809 40.52938 40.70898 40.70334 40.86797 40.77604 40.76279 40.76774 40.66774 40.60968 40.5871 40.67742 40.80645 40.66452 40.71613 40.89677 40.91935 40.83226 40.86129 40.88065 40.78064 40.66774 40.6871 40.73871 40.99677 40.84193 40.62258 40.69032 40.20968 40.36774 40.57742 40.50968 40.32258 40.32581 40.52581 40.51936 40.6258 40.38387 40.32903 40.4 40.37742
39.21693 39.28525 39.25887 38.94712 38.72178 37.49839 37.4659 37.49827 37.77143 38.04412 38.20853 38.48249 38.7462 38.50115 38.16095 37.83664 38.26544 39.21405 39.92143 40.08894 40.17131 39.98894 -9999 40.22684 40.10104 40.02005 40.28975 40.42511 41.0432 40.65841 40.26451 40.21624 40.453 40.69919 40.81002 40.95484 41.04919 40.9864 40.9 40.83871 40.80645 40.8129 40.75806 40.79032 40.65484 40.69032 40.89677 40.96129 40.89355 40.84839 40.82258 40.98064 40.8871 41.00968 41.02258 40.87097 40.84516 40.63226 40.60968 40.5 40.40968 40.46774 40.42903 40.33226 40.3742 40.51613 40.46774 40.47097 40.30645 40.36774 40.32581 40.16774
39.41959 39.49389 39.29182 38.97281 38.54136 37.44539 37.4644 37.65242 38.01567 38.25945 38.29067 38.39804 38.89781 39.15461 38.79182 38.63145 39.08076 39.60276 39.8682 40.03525 39.64781 39.81267 39.98421 40.21071 40.27638 40.30691 40.37938 40.39689 40.38733 40.87028 40.52477 40.4091 40.56141 40.7492 40.93064 41.16129 41.28122 41.14194 40.99355 41.02258 41.01936 40.96129 40.90645 40.95161 40.70322 40.53226 40.64839 40.77097 40.83548 40.86774 40.96129 41.2871 40.99677 40.81936 40.7129 40.4129 40.35484 40.09032 40.3 40.46129 40.32581 40.28064 40.19032 40.15484 40.35806 40.56774 40.53548 40.34839 40.25161 40.14194 39.95161 40.00323
39.45933 39.11797 38.98502 38.90956 38.93237 39.25645 39.26958 39.44366 39.38698 39.49147 39.34608 38.86106 38.96843 39.6356 39.50634 39.99528 39.73744 39.0432 38.73813 39.03836 39.02177 39.88894 40.14124 40.3212 40.31187 40.29666 40.53825 41.0091 40.6182 40.40184 40.52972 41.05265 41.26187 41.2394 41.28779 41.41912 41.39182 41.39032 41.15484 41.06129 40.97742 40.93226 40.98064 41.05161 40.96774 40.97742 40.82258 40.50968 40.45161 40.51936 40.45484 40.64194 40.88387 40.90645 40.57419 40.6258 40.54193 40.50968 40.32258 40.18064 40.11935 40.1258 39.90968 39.91613 40.13548 40.28064 40.22581 40.32903 40.30323 40.06452 40.19677 40.37742
39.22961 39.04297 37.99597 38.33883 38.26141 38.87039 38.8227 39.46601 39.73859 39.78779 39.76083 39.72857 39.83191 40.13594 39.34343 40.1644 39.8015 38.93871 38.76141 39.31141 39.81118 39.83191 40.18364 40.41693 40.41244 40.3159 40.37028 40.74873 41.25818 40.65852 41.05772 41.50968 41.36544 41.24435 41.40069 41.44608 41.37189 41.27419 41.07419 41.11935 41.07097 40.97742 40.96774 40.93226 40.68064 40.96774 40.42258 40.03871 39.9129 39.93226 40.06774 40.49355 40.63226 40.59355 40.46129 40.59355 40.48387 40.31613 40.03226 39.9129 39.69355 39.78387 39.68387 39.92581 40.15807 40.09678 40.02581 40.1258 39.96129 39.80323 40.20322 40.47419
38.9629 39.06866 37.92005 37.92488 38.41728 39.0106 39.34551 39.19274 38.88951 39.10691 39.57339 39.93571 40.08629 40.14447 40.13882 40.24551 40.33721 40.02281 39.72258 39.86175 40.48825 39.91221 40.25714 40.49597 40.51705 40.41693 40.32224 40.28053 40.59977 40.6985 41.03721 41.37201 41.51867 41.47638 41.35818 41.28687 41.26429 41.09585 40.87097 40.73226 40.75484 40.80968 40.84516 40.72903 40.92903 41.09355 40.25161 39.90322 40.03226 40.19032 40.32258 40.49032 39.98709 40.26451 40.04193 40.43871 40.49677 40.38065 40.20322 40.13548 39.95484 40.01613 39.92581 39.99355 40 39.79355 39.73549 39.86452 39.98709 39.80968 40.22581 40.51936
39.02719 38.60864 38.59631 38.40576 37.92327 38.96659 39.54009 39.23456 38.48525 38.74562 39.38894 39.65645 39.65196 39.96244 40.44078 40.53191 40.54171 40.58779 40.53986 40.56014 40.71843 40.34908 40.36694 40.55461 40.56866 40.49297 40.40576 40.3977 40.60864 40.72385 40.97776 41.41567 41.47926 41.37857 41.2523 41.17581 41.16475 40.88963 40.66452 40.50645 40.49032 40.6871 40.97742 41.02903 40.99355 41.31936 41.03226 40.77742 40.49677 40.46774 40.48709 40.12903 40.0871 40.4129 40.30323 40.24194 40.47097 40.53226 40.43548 40.23549 40.22903 40.23226 40.19355 40.2129 40.16129 39.95807 39.76129 39.95807 39.65807 40.02258 40.4 40.33871
38.96037 39.00415 38.96682 38.96394 38.72823 38.84113 39.02512 39.76613 39.19965 39.23986 39.71981 39.55853 38.91947 39.51843 40.63917 39.76325 40.28111 40.57419 40.71486 40.81958 40.83525 40.70115 40.58975 40.61647 -9999 40.56048 40.51083 40.47454 40.51083 40.74539 41.11071 41.42546 41.2659 41.11613 40.93076 40.7273 40.7765 40.71025 40.87097 40.9 40.37742 40.20645 40.63548 41.03226 41.13548 41.28387 40.99032 41.03226 41.02581 40.63226 40.2129 40.00645 39.80323 40.3 40.21613 40.03226 40.23549 40.19355 40.16452 40.28387 40.43871 40.36129 40.29678 40.13871 39.95807 39.74194 39.61613 39.74194 39.81613 40.05806 40.28387 40.3871
39.27846 39.27938 38.80392 38.97108 38.87201 39.0894 39.45092 39.61394 39.69954 39.64205 39.85334 39.74194 39.34493 39.66832 40.28617 39.50553 40.21256 40.51901 40.7432 40.90334 40.65922 40.65242 40.56094 40.62961 40.45588 40.48687 40.53341 40.52534 40.58007 40.83686 41.15138 41.11187 40.94677 40.59481 40.375 40.4318 40.72581 40.97247 40.47097 40.75806 40.52258 40.23226 40.33548 40.7871 41.17742 41.2129 40.30645 40.07742 40.44194 40.27742 39.75484 39.48387 39.51936 40.00968 39.52581 40.2129 40.25484 39.94516 39.8 40.24516 40.57097 40.40645 40.2129 40.04516 39.61613 39.21613 39.12258 39.34839 39.95807 40.16129 40.30968 40.38387
39.21048 39.31048 38.89447 38.92511 39.00933 38.96106 39.23053 39.46267 39.85507 40.04113 40.23744 40.33168 40.32684 40.33848 40.47293 40.71244 40.48871 40.54032 40.73883 40.80542 40.54666 40.37442 40.41578 40.36578 40.4538 40.52339 40.49032 40.35484 40.40576 40.91993 41.19125 40.96244 40.84666 40.32028 40.21175 40.48687 40.71371 40.73894 40.69677 40.50645 40.52258 40.45484 40.39032 40.57097 40.89677 40.97419 40.60323 39.81613 39.81613 39.84193 39.86129 40.00645 39.85484 39.82581 39.64839 40.32581 40.23549 40.00968 39.98387 40.3871 40.60323 40.28064 40.14194 40.14839 39.68064 39.32903 39.37742 39.52258 39.55161 39.40968 39.37742 40.14516
39.22419 39.31429 38.95115 38.95115 39.16555 39.38087 39.54412 39.68375 39.62615 39.79505 39.98456 40.02661 40.06636 40.28364 40.38226 40.65034 40.80115 40.72062 40.80495 40.85081 40.60369 40.51221 40.52546 40.23928 40.17419 40.43203 40.68433 40.57903 40.40495 40.87454 40.87489 40.92247 40.8727 40.52684 40.35311 40.43813 40.51705 40.43963 40.39677 40.13226 40.12903 40.09678 40.07419 40.15161 40.48064 41.00645 40.23226 40.14516 39.94194 40.02258 39.94839 39.72258 39.73226 39.74194 40.01936 40.5 40.34193 40.31936 40.36129 40.36452 40.4 40.10323 39.85484 39.77097 38.95161 38.10968 38.1 38.76774 39.01291 38.6 37.91935 38.93548
38.87938 39.22247 39.20403 39.20553 39.46751 39.62258 39.84032 39.76763 39.48133 39.52915 39.59297 39.87477 40.22131 40.25922 40.21993 40.52961 40.68249 40.48007 40.62223 40.6841 40.3379 40.64251 40.35184 40.07016 40.03836 40.4235 -9999 40.42408 40.77684 40.82995 40.77673 40.5909 40.71302 40.6712 40.49182 40.472 40.55899 40.49701 40.17419 39.93871 40.12823 40.03871 39.94516 40.02903 40.25161 40.55806 40.03871 40.01613 40.29355 40.38387 40.03226 39.7129 39.82581 40.04839 40.33226 40.31936 40.43226 40.57419 40.63226 40.59032 40.45807 40.46774 40.36774 40.02903 39.37097 38.40322 37.88065 37.89355 37.87097 38.74839 38.2129 38.44194
39.03145 39.34021 39.41751 39.39908 39.52097 39.62339 39.81832 39.69021 39.18606 39.70207 39.94113 40.11014 40.31394 40.42258 40.31071 40.52039 40.66993 40.57051 40.40058 40.36809 39.87892 40.48191 40.54032 40.06705 40.03491 40.44067 40.2576 40.28929 40.72477 40.83641 40.83606 40.69942 40.48629 40.78352 40.72535 40.54747 40.44712 40.3341 40.08514 39.94493 39.88756 40.15807 40.34516 40.08387 39.80968 40.03226 40.59678 40.23871 40.31613 40.30645 40.28387 40.36774 40.41613 40.22258 39.94516 40.66129 40.84516 40.90322 40.71936 40.52581 40.60645 40.56129 40.79355 40.36774 39.93871 39.48709 38.88387 38.17097 37.83871 38.63226 38.46452 38.80323
39.42627 39.59436 39.51325 39.56625 39.59954 39.5659 39.7129 39.79931 39.45288 39.81118 39.96786 40.07753 40.23767 40.38122 40.4379 40.61071 40.46832 40.14931 40.08214 39.72592 39.41809 39.98928 40.87719 39.96279 39.96394 40.00208 39.92235 40.17419 40.6197 40.87915 40.89136 40.59044 40.48883 40.78295 40.87753 40.81429 40.49931 40.25426 39.7659 39.98352 40.10507 40.3871 40.33871 39.89677 39.5871 40.00968 40.54839 40.12258 39.82581 39.6871 39.70968 39.9129 40.06129 39.87097 39.87097 40.3871 40.6871 40.94516 41.08387 41.1258 41.11613 41.03871 40.53871 40.29032 40.13226 39.8 39.28064 38.70322 38.34839 38.60645 39.09355 39.33548
39.65265 39.4985 39.64482 39.51048 39.47166 39.57892 39.72845 39.86843 39.86233 39.98399 40.02903 40.01072 40.07489 40.19389 40.34666 40.48618 40.16463 39.92754 39.85749 39.77546 39.34182 39.52155 39.92558 39.66843 39.61279 39.84643 -9999 40.41429 40.62454 40.65207 40.88791 40.59044 40.4288 40.55599 40.66498 40.71267 40.68145 40.56521 39.99447 40.4879 40.49355 40.40322 39.90968 39.53871 39.67097 40.06452 40.43226 39.85806 39.19677 39.30968 39.44194 39.59032 39.86452 40.16452 39.99355 40.21613 40.56129 40.64516 40.70322 40.76451 40.82903 40.82258 40.8129 40.35806 40.08065 39.82903 39.25484 38.68064 38.50323 38.69677 39.10645 38.63871
39.76993 39.61129 39.85714 39.83168 39.85069 39.86417 39.8303 39.97776 40.05 40.08871 39.84977 39.68272 39.83203 40.04804 40.07419 39.93537 40.04988 39.86083 39.6909 39.60542 39.51406 39.56002 39.45472 39.28687 39.2197 39.65968 40.21878 40.51187 40.61164 40.60184 40.5106 40.68687 40.40161 40.2136 40.48099 40.44551 40.19309 40.00253 40.07339 40.49355 40.00645 39.93548 39.8871 39.82258 39.65161 39.49032 39.80323 39.4 39.00968 38.96129 38.96774 39.24839 39.64516 39.80968 39.8742 40.12903 40.36129 40.32581 40.38065 40.46774 40.43871 40.47742 40.6129 39.71613 39.38065 38.78387 38.83548 39.00645 38.85484 38.6871 38.1871 38.71613
39.89677 39.74862 39.86982 39.97592 40.01014 39.99908 40.00288 40.0364 40.07293 39.96959 39.3424 39.55564 39.93986 39.94378 39.52995 39.15945 39.89574 39.86071 39.62972 39.5462 39.20115 39.23007 39.27811 39.24459 39.09193 39.5947 40.15657 40.44885 40.5235 40.58721 40.80599 40.85991 40.59942 40.39228 40.59493 40.53767 40.43064 40.41233 40.12523 40.46129 39.81936 39.94839 39.70645 39.26129 38.85806 38.82258 39.26774 39.48709 39.63871 39.00645 38.7129 39.10645 39.42258 39.43226 39.59355 39.64839 39.89355 39.99355 40.1129 40.19355 40.19355 40.20322 40.34839 39.5871 39.48064 39.3129 39.0871 39.21936 39.30645 38.99032 38.82903 37.92581
40.03548 40.01936 40.04171 40.02846 40.04136 40.0303 40.00853 40.06025 40.0879 39.77155 39.65887 39.83629 40.09067 39.82604 39.203 38.96463 39.74447 39.84585 39.76094 39.59309 39.19113 38.93894 38.9477 39.08468 39.04424 39.65 39.86843 40.30276 40.54343 40.56175 40.60737 40.69136 40.4303 40.36959 40.4265 40.38583 40.33145 40.2023 39.60207 39.79159 39.70645 39.72581 39.3742 38.99032 38.92258 39.0871 39.2871 39.51936 38.95484 39.1258 38.83548 38.97742 39.20322 39.31613 39.40968 39.61613 39.6129 39.65484 39.75484 39.85806 39.7871 39.69355 39.87742 39.46774 39.5 39.15484 38.79032 39.10323 39.40322 39.23226 39.2871 38.70322
39.99677 40.02258 40.01175 40.03491 40.04839 40.01936 40.02155 40.05173 40.09793 40.04551 40.10035 39.62615 39.48952 39.61901 39.50657 39.14919 39.16717 39.83583 40.01451 39.88272 39.56279 39.14286 39.04954 39.11774 39.30875 39.6432 39.7712 40.1924 40.42362 40.51659 40.60645 40.41647 40.24701 40.24677 40.03733 39.8515 39.76233 39.61832 39.33871 39.07477 39.38951 39.42189 39.59678 39.24516 38.97742 39.19032 39.41613 38.95807 38.64194 38.65161 38.92581 39.21936 39.32258 39.21613 39.01936 39.23226 39.53548 39.46774 39.48387 39.40645 39.08387 38.81936 39.26774 39.44516 39.43226 39.33871 39.15484 39.29032 39.23226 38.94839 39.04516 38.48709
39.63906 39.93387 39.96164 40.0909 40.03848 39.97466 39.99182 40.00599 39.93975 40.06382 39.49758 39.38641 39.24378 39.49205 39.8106 39.57949 39.00784 39.59608 40.22604 41.26256 39.98249 39.34067 39.32673 39.30634 39.54182 39.61187 39.79055 40.0197 40.29078 40.54735 40.6909 40.51786 40.32154 39.98549 39.66048 39.52512 39.36763 39.33606 39.56118 39.29597 39.03237 39.09735 39.06452 39.03226 38.88387 38.96774 39.09032 38.57097 38.32258 38.60323 38.63226 38.76451 38.94839 38.92581 38.7129 38.73871 39.26774 39.59355 39.26774 39.05806 38.81613 38.6 38.80968 39.05806 38.57742 38.81613 39.1129 39.28064 39.34193 39.22258 38.60323 37.57097
39.52581 39.85311 39.96693 40.02696 39.86267 39.85265 39.95219 39.92857 39.91567 40.07131 39.8962 39.82051 39.68422 39.38306 39.23122 39.43491 39.63329 39.34793 39.95853 41.92546 40.84539 39.38641 39.5568 39.60553 39.64724 39.59839 39.75726 39.98283 40.15438 40.44447 40.55783 40.18756 40.13111 39.87719 39.74677 39.5409 39.26267 39.25979 39.15541 39.29217 39.0924 39.21417 39.24194 39.15807 38.83226 38.80323 38.85806 38.23549 38.00323 38.20968 38.55806 38.56129 38.79678 38.90968 38.76451 38.85161 38.94839 39.05161 39.21936 39.06774 38.71613 38.56452 38.65484 38.34839 37.08065 37.54516 38.14516 38.45807 38.47097 38.48064 38.37742 37.9129
40.13548 39.99355 40.18387 40.18064 40.00265 39.91348 39.90046 39.94067 40.00541 40.05922 39.91774 39.72235 39.74251 39.87938 39.87489 39.64251 39.32154 39.28721 39.38767 42.39309 38.60553 39.19147 39.32926 39.52731 39.89274 39.84816 39.89908 -9999 40.31198 40.14896 39.95012 39.88295 39.59332 39.22212 39.16935 38.68042 38.63318 38.45945 38.27108 38.23295 38.40737 38.67419 39.32258 38.95807 38.35484 38.33226 38.54193 38.53548 38.47097 38.14516 38.04516 37.93871 37.9 38.11935 38.54516 38.6871 38.85161 38.60323 38.47419 38.55806 38.6871 38.50968 38.16129 37.99677 37.77419 37.22581 37.32903 37.20322 37.33871 37.69355 38.00968 38.15484
