features/re_bio2.asc
ncols         768
nrows         589
xllcorner     124.299398925
yllcorner     32.893460211367
cellsize      0.010567299164062
NODATA_value  -9999
[rows 224 to 255 of 589, columns 288 to 359 of 768]
11.18532 11.40987 11.48059 11.45187 11.3952 11.36306 11.2805 11.15058 11.27997 11.73365 11.38931 11.31152 11.32924 11.30822 11.24001 11.18505 11.00926 11.14915 11.17437 11.33359 11.46016 11.42604 11.47123 11.75029 11.81755 11.69286 11.56799 11.45613 11.4374 11.51288 11.48243 12.08257 12.18287 12.172 12.1801 12.21479 12.18279 12.08053 12.12566 12.11651 12.21345 12.06776 12.08346 12.26804 12.01465 11.79636 12.17131 12.12699 12.25797 12.6672 13.15105 13.4524 13.28746 12.66367 12.43908 12.76806 12.69085 12.97889 12.77941 12.29766 12.13299 11.99905 11.84966 11.71225 11.83481 12.11934 12.14474 11.96212 12.11703 12.0077 11.60674 11.27963
10.97881 11.18773 11.22356 11.27117 11.25427 11.2652 11.15744 10.9711 11.14479 11.43768 11.4808 11.40377 11.25555 11.116 11.01252 10.9108 11.00342 11.25448 11.30247 11.32952 11.21444 11.14076 11.34727 11.44812 11.71098 11.84277 11.62075 11.45615 11.55476 11.79779 11.95567 12.13619 12.20843 12.20143 12.08952 12.0755 12.09307 11.98672 11.97128 11.9775 11.95378 11.90051 12.03498 12.19151 -9999 11.72811 12.37333 12.16964 12.14625 12.65676 13.22387 13.35137 13.19044 12.73143 12.27797 12.65742 12.92114 13.23243 13.13523 12.77504 12.67251 12.33838 11.99838 12.05519 12.07782 11.87272 11.93596 12.93276 12.29564 11.94633 11.49602 11.09754
10.94654 11.13299 11.18772 11.11055 11.07672 11.19495 11.23326 11.04361 11.00683 11.19309 11.10832 11.21748 11.23382 10.94061 10.71492 10.88445 10.70902 10.88066 11.18378 11.25615 11.12983 11.05949 11.34984 11.59229 11.33594 11.38576 11.45571 11.56469 11.82249 12.13092 12.23301 12.50604 12.41433 12.17175 12.18119 12.16123 12.02366 11.8925 11.9181 12.02779 11.96737 11.92191 11.86819 11.79679 11.75897 11.72358 12.16724 12.14661 12.19211 12.32997 12.49186 12.62756 12.8173 13.17612 12.46343 12.6886 12.8423 12.86444 13.03555 13.28472 12.61693 -9999 -9999 12.86034 13.1415 12.78793 12.24478 11.98529 12.99368 12.37816 12.16941 11.7436
11.27124 11.30397 11.10034 10.87069 11.03522 11.10229 11.12288 11.14837 11.2055 11.03975 11.0012 11.01747 11.11401 11.01332 10.84322 10.91496 11.03253 11.17974 11.29718 11.25539 11.18849 11.10114 10.98298 11.073 11.16309 11.24567 11.65876 11.91482 11.85898 11.77167 11.98923 12.4547 12.40546 12.33696 12.21939 12.03356 11.86 11.89287 12.18623 12.11866 12.31415 12.31788 12.07206 11.80756 11.76056 11.78657 11.88701 12.20789 12.52585 12.71972 12.70793 12.76825 13.18514 13.41601 12.67698 12.71626 12.75399 13.07584 13.22544 12.98809 12.54048 12.61332 12.72206 13.34979 13.38276 12.96288 12.66347 12.20317 12.17565 12.93394 12.89225 12.31118
11.49116 11.30967 11.14559 10.78356 10.9903 11.06198 11.04408 11.02293 10.98172 10.90038 10.9394 11.08428 11.08702 10.93634 10.84868 10.94247 11.01641 11.28593 11.23871 11.23348 11.27422 11.29399 11.23888 11.30092 11.41014 11.50651 11.91126 11.91077 11.89047 11.9653 11.87291 12.54845 12.42664 12.24726 12.23615 12.19458 12.11472 12.00335 11.85107 12.01075 12.54463 12.43525 12.26858 12.15396 11.91462 11.86148 12.14208 12.43529 12.42984 12.47808 12.60664 12.84225 13.1434 13.0487 12.46827 12.68582 12.91532 13.25607 13.35535 12.78432 12.41597 12.2627 12.52315 13.02095 12.79697 12.58515 12.96675 12.96758 12.60239 12.75314 13.14366 12.5178
11.29293 11.24054 11.18899 10.91753 11.05812 11.05734 10.96963 10.86766 10.80878 10.74767 10.7628 10.88734 10.84175 10.77027 10.80034 10.90157 10.97024 11.21486 11.06194 11.26465 11.30581 11.3235 11.32971 11.48799 11.88054 11.89713 12.25993 12.26271 12.17541 12.2409 12.31833 12.33002 12.16687 12.12983 12.05417 12.15846 12.21599 12.10161 11.97626 12.21839 12.14191 12.12602 12.03444 11.93063 11.86785 11.87638 12.36102 12.48463 12.06644 12.08229 12.40695 12.52833 12.30619 12.176 12.11384 12.20415 12.54523 12.86716 12.79354 12.3821 11.93601 11.43462 11.49677 11.44125 11.47345 11.72546 12.27166 12.88059 12.49969 12.41303 12.24309 12.1392
11.14584 11.00599 10.7899 10.97289 10.95105 10.92632 10.83935 10.71393 10.62108 10.60564 10.52833 10.4357 10.57433 10.6985 10.71536 10.72732 10.90516 11.07315 11.04966 11.24188 11.37561 11.40716 11.58833 11.90744 12.1884 12.19632 12.1635 12.1431 12.09002 12.07637 12.13336 12.05968 12.08875 11.7711 11.85057 11.94342 11.99989 11.99307 11.92505 12.04272 12.05314 12.09529 11.96131 11.79746 11.80115 11.90514 11.93811 12.34047 12.0391 11.88771 11.94556 11.8041 11.61839 12.20011 12.22113 12.32377 12.33618 12.31056 12.03519 11.59502 11.3331 11.60017 11.48009 11.28461 11.40294 11.86907 12.56611 12.90532 11.54203 11.34516 11.27378 11.60835
11.18263 11.04685 10.74143 10.63824 10.89363 10.80781 10.70468 10.61681 10.56132 10.55407 10.48224 10.32558 10.49449 10.66142 10.68972 10.72837 10.92947 11.1183 11.14171 11.33896 11.6342 11.69403 12.01364 12.30856 12.20948 12.22127 12.22513 12.12284 12.01448 11.93576 11.92998 12.05795 11.88527 11.94784 12.01275 11.9662 12.0004 12.17125 12.32216 11.9177 11.68597 11.91883 11.90691 11.76303 11.73031 11.71811 11.77454 11.95744 11.34791 11.23469 11.44834 11.70381 11.89604 12.15693 12.46052 12.85456 12.69348 12.08146 11.69171 11.23106 11.20424 11.28521 11.5446 11.53723 11.54943 11.91085 12.26394 12.03081 11.19349 11.08721 11.31635 11.23995
10.94169 11.18012 11.18114 10.57316 10.78935 10.67588 10.57495 10.50561 10.45234 10.43645 10.54079 10.49619 10.50068 10.6424 10.796 10.89546 10.99162 11.19448 11.3832 11.79391 12.03312 12.07534 12.19477 12.1566 12.13477 12.16551 12.17137 12.08974 12.02185 11.9196 11.86388 12.13755 11.98657 12.07088 11.96528 11.8556 11.87406 12.0101 12.14896 11.92317 11.83029 11.98064 11.89256 11.79869 11.80664 11.86279 12.10473 11.34985 11.41893 11.43927 11.56527 11.73324 11.85661 11.92782 12.02028 12.46363 12.83699 12.12837 11.7398 11.55563 11.48958 11.39499 11.66585 11.52076 11.46072 11.72685 11.84578 11.49758 11.21284 11.1327 11.13162 11.21364
11.0238 11.15815 11.03192 10.90962 10.93064 10.66917 10.46808 10.37094 10.26889 10.15933 10.27558 10.28809 10.38899 10.59231 10.78647 10.92038 11.02896 11.15945 11.51522 11.84059 11.99261 12.13094 11.93193 11.9617 11.99031 11.92438 12.02931 11.98499 11.88306 11.78487 11.82565 12.01097 11.8928 11.85068 11.92182 11.99459 11.92744 11.77831 11.6847 11.79573 11.44048 11.51494 11.66138 12.07208 12.30567 11.98264 11.84339 11.71931 11.97053 11.99425 11.76068 11.75347 11.94023 11.96897 11.97001 12.16617 12.32395 12.37123 12.09587 12.14118 12.05499 11.76926 11.8664 11.58382 11.75737 11.63131 11.37484 11.31843 11.28707 11.01317 11.11177 11.13572
11.17229 11.18273 11.27087 11.05431 10.83148 10.62728 10.47643 10.35031 10.15723 9.857262 9.614486 9.688179 10.17594 10.52226 10.71688 10.92932 11.13875 11.07835 11.31393 11.7767 11.86046 12.00868 11.9872 11.82324 11.85496 11.74526 11.93363 11.88571 11.89829 11.82585 11.68127 11.65112 11.76836 11.98519 12.02643 11.88325 11.82838 11.80073 11.71925 11.35858 11.54829 11.74737 11.84434 12.05895 12.14406 12.05467 12.24424 12.47855 11.78738 11.7881 11.69432 11.55379 11.48187 11.55849 11.78978 11.99304 12.22037 11.81799 11.54584 12.02344 11.82975 11.11811 11.557 11.96147 11.80787 11.51436 11.27326 11.22463 11.27689 11.14082 11.3988 11.16874
11.06238 10.99653 10.92339 10.98635 10.76626 10.55388 10.3587 10.23294 10.10763 9.866522 9.735625 9.719918 10.09037 10.48806 10.68771 10.70581 10.72481 10.85837 10.85116 11.62563 11.56858 12.09989 12.06149 11.79241 11.77221 11.85899 11.76656 11.8571 11.823 11.74381 11.67329 11.654 11.81252 12.11065 11.98767 11.74262 11.52564 11.62558 11.6998 11.42489 11.67534 11.73705 11.85835 11.73779 11.60024 11.70614 11.92315 11.82871 11.94076 12.16521 11.93127 11.72943 11.60291 11.62261 12.02128 12.1416 12.59496 11.49299 11.27598 11.48549 11.50022 11.38168 11.44253 11.49519 11.48209 11.23588 11.14066 11.27626 11.42512 11.47152 11.8161 11.40167
11.16041 10.9635 10.79913 10.91369 10.80299 10.4183 10.25425 10.17231 10.09414 10.10674 9.946136 9.984324 10.25062 10.60832 10.72597 10.77013 10.89559 10.95759 10.86397 11.03689 11.08092 11.50586 11.91666 12.01416 11.82243 11.85358 11.66715 11.67056 11.6753 11.66513 11.64205 11.67998 11.88634 11.98596 11.89418 11.60043 11.46314 11.48586 11.47843 11.37051 11.76812 12.10372 12.36698 12.06546 11.75566 11.77692 11.92248 12.04933 12.50772 12.58426 12.37835 12.1604 11.87444 11.76353 12.1543 12.26152 12.3342 11.12857 11.30019 11.53293 11.44146 11.088 11.18105 11.38573 11.23791 11.21655 11.22669 11.33368 11.61899 11.92007 12.06836 11.71098
11.12535 11.1192 11.05964 10.94196 10.78152 10.84299 10.63149 10.29609 10.15539 10.26746 10.25298 10.31006 10.44696 10.51479 10.56392 10.48228 10.5441 11.0257 11.1206 11.10625 11.36626 11.4991 11.59165 11.93616 12.0333 11.76447 11.89434 11.77706 11.86818 12.00837 12.03365 11.92195 11.80453 11.6828 11.69737 11.68875 11.64367 11.6702 11.65527 11.48521 11.72157 12.39269 12.47225 12.11682 11.70981 11.51272 11.5752 11.97506 12.3922 12.54049 12.46738 11.97736 11.67949 11.84979 12.30333 12.74227 12.70503 11.64773 11.50525 11.45882 11.37269 11.36099 11.35692 11.55224 11.32674 11.28743 11.39815 11.65756 11.95886 12.07567 12.21585 11.97808
11.21946 11.23092 11.13483 10.96725 10.71964 10.79608 10.79053 10.69677 10.68308 10.73639 10.56025 10.61751 10.77097 10.84926 10.95603 10.7501 10.56132 10.91891 11.14853 11.22642 11.80676 11.67262 11.47837 11.56719 11.83121 11.6721 11.63268 11.74401 12.01353 12.1112 12.14311 12.15876 11.92635 11.486 11.65638 11.90554 11.96849 11.97232 11.91803 11.86469 12.10224 12.20025 12.08038 11.90662 11.65797 11.46158 11.55029 11.93249 11.89555 12.01722 11.99828 11.57358 11.42298 11.64241 11.93478 12.48692 12.10258 11.52397 11.55596 11.57519 11.56861 11.54451 11.40428 11.38954 11.33546 11.37431 11.6113 11.79913 11.84209 11.91327 11.87903 11.10161
11.20426 11.17998 11.14144 11.0418 10.89549 10.81908 10.8021 10.72708 10.75878 10.90706 10.75181 10.6281 10.85006 10.96066 11.03499 11.03672 10.97532 10.95353 11.08364 11.16623 11.70392 11.33604 11.242 11.47954 11.64511 11.7627 11.55381 11.96206 12.19963 12.16234 11.92913 11.66072 11.50624 11.52672 11.90698 11.9695 11.72198 11.66205 11.71776 12.06039 12.56431 12.04365 11.77393 12.01051 12.02652 11.90335 11.93398 12.01522 11.95053 12.01474 12.08602 12.08036 11.92505 11.64353 11.54794 11.9141 11.73402 11.39386 11.23409 11.0303 10.97846 11.27775 11.35094 11.37588 11.40255 11.39652 11.54678 11.8033 11.91389 11.6442 11.04577 11.04229
11.07641 11.05197 11.01572 11.04608 10.81648 10.72349 10.8038 10.69241 10.66263 10.81998 10.67446 10.56166 10.88229 10.91877 10.9814 11.05818 11.04595 11.00885 11.14002 11.20123 11.66892 11.34958 11.02143 11.13512 11.25683 11.39601 11.80531 12.162 12.01974 11.87693 11.75478 11.6455 11.63792 11.71099 11.47538 11.61139 11.70181 11.49466 11.4438 11.79341 12.17561 11.44585 11.8588 12.06689 12.30007 12.52852 12.62198 12.54059 12.36262 12.47073 12.40544 12.27943 11.94292 11.57403 11.4399 11.59 11.52983 11.92066 11.17525 10.78345 10.93446 11.13254 11.30345 11.38059 11.53709 11.5073 11.52477 11.57096 11.40571 11.06637 11.02805 11.03063
10.90628 10.87833 10.8844 10.91207 10.69678 10.7599 10.84929 10.82167 10.73346 10.68742 10.68135 10.80253 10.93044 10.89629 10.92935 11.01664 11.05342 11.02093 10.9922 11.00874 11.35101 11.01305 11.13497 11.40588 11.5597 11.50916 12.14761 12.01148 11.83137 11.75829 11.63397 11.58261 11.7934 11.91016 11.5149 11.71135 11.86928 11.84995 11.88519 11.40866 11.63519 11.85749 12.22014 12.4255 12.38493 12.53917 12.79688 12.79901 12.977 13.22389 13.17158 12.63073 12.04269 11.65964 11.50862 11.54733 11.981 11.90789 11.27677 10.97429 11.11342 11.28462 11.38767 11.53506 11.63332 11.66525 11.38507 11.32302 11.38928 11.27982 11.03798 10.95228
11.03293 10.96888 10.91413 10.92505 10.92675 10.93686 10.84184 10.76083 10.76092 10.78307 10.79628 10.87036 10.83127 10.80782 10.82026 10.88592 10.94874 11.0166 11.07893 10.93252 11.01589 10.96689 11.35409 11.65305 11.82984 11.8182 12.13911 11.99305 11.84856 11.82906 11.80065 11.80051 11.83219 11.69846 11.56731 11.8399 11.85237 11.84714 11.85339 11.72878 12.05008 12.08048 12.16531 12.24781 12.29618 12.50764 12.55163 12.23078 12.31328 12.7335 13.18334 12.98252 12.43523 12.16347 12.01658 11.73526 12.10192 12.03732 11.60174 11.39819 11.48011 11.54228 11.46902 11.83854 11.85292 11.63609 11.3345 11.20452 11.24402 11.29821 11.22942 10.97411
11.08973 11.12605 11.13693 11.0124 10.79737 10.78039 10.67203 10.57028 10.65776 10.79941 10.73034 10.65312 10.74528 10.81331 10.75135 10.86297 10.92697 10.88082 10.93227 11.00597 11.16283 11.18706 11.66184 11.96901 12.01673 12.07782 11.9022 11.7795 11.79804 11.59439 11.68128 11.88163 11.77347 11.40158 11.66317 11.8801 11.53879 11.40974 11.53008 11.9202 12.19856 12.23065 12.01806 12.21948 12.22908 12.47925 12.48167 12.03232 12.29193 12.63864 13.07247 12.53274 12.0402 11.79216 11.60281 11.27077 11.16718 10.60533 10.69851 11.23843 11.75812 11.81549 11.48528 11.9698 11.97715 11.35444 11.19102 11.13037 11.19021 11.31908 11.30365 10.9714
11.14743 11.20162 11.16481 11.02755 10.35847 10.39612 10.43725 10.36021 10.53047 10.85253 10.86154 10.47364 10.67192 10.82706 10.74303 10.77811 10.89485 10.91792 10.89522 10.99842 11.14303 11.15024 11.9169 12.00696 11.89088 11.97787 11.56898 11.83498 11.89354 11.39593 11.44297 11.63512 11.50772 11.37394 11.28894 11.54348 11.50229 11.63118 11.81178 11.98085 12.11939 11.81404 11.85936 12.20647 12.38859 12.45971 12.38518 12.31655 12.62531 12.59007 13.10888 12.07798 11.33725 10.96605 10.97487 11.15215 11.08228 10.42605 10.81544 11.48675 11.91322 11.62622 10.99323 11.49392 11.9362 11.25079 11.19127 11.13542 11.0826 11.10841 11.15 11.08893
10.99135 11.07625 11.14417 11.06017 10.67763 10.64734 10.53632 10.63616 10.73595 10.70245 10.61257 10.59716 10.73232 10.9964 10.75652 10.73204 10.86394 10.94639 10.9481 10.96997 11.00952 11.2481 11.84818 11.83579 11.77959 11.54968 11.49433 12.00543 11.62579 11.50264 11.53784 11.65407 11.66567 11.47834 11.36975 11.44364 11.39973 11.64836 11.87785 11.90695 12.03256 12.40622 12.10571 12.38425 12.69698 12.49153 12.30785 12.52018 12.82332 12.77551 12.3381 12.17772 11.46473 10.94549 10.92551 11.22585 11.53719 10.41216 10.96485 11.65198 11.93926 11.49646 10.87932 11.33765 11.95851 11.58292 11.53134 11.30783 11.08436 11.02841 11.13709 11.22062
10.86202 10.67412 10.76198 11.07829 10.90686 10.82608 10.75299 10.89287 11.06177 11.10262 10.9766 10.7402 10.88423 11.02075 10.72264 10.74493 10.81502 10.82022 10.89877 11.08846 11.12626 11.39601 11.74605 11.55514 11.41036 11.43504 11.47686 12.03603 11.37486 11.54508 11.38552 11.32349 11.45021 11.3678 11.26101 11.36308 11.35648 11.39781 11.63876 11.69212 12.01329 12.56766 12.34717 12.22834 12.52467 12.43927 12.38066 12.55927 12.59067 12.49341 12.13319 12.17661 11.45885 11.63684 11.84851 11.6318 11.80403 11.6637 11.50175 11.48923 11.67432 11.47255 11.01159 11.28375 11.94263 11.74765 11.37376 11.08591 11.02832 11.02824 11.07766 11.22635
11.11847 -9999 11.03426 11.14406 10.84422 10.66743 10.69773 10.80107 10.87787 10.94245 10.8683 10.51473 10.74953 10.7058 10.40674 10.60352 10.86456 10.92662 10.90273 10.96462 11.07491 11.19205 11.55164 11.48987 11.19433 11.15668 11.57258 12.00238 11.5317 11.55664 11.34517 11.19569 11.24473 11.29044 11.29138 11.30876 11.38979 11.45739 11.61071 11.63603 11.95607 12.46861 12.41774 12.40199 12.35954 12.37342 12.46949 12.48888 12.33368 12.1955 12.37666 12.02236 11.50031 11.88303 12.07315 11.65299 11.53662 11.19743 10.64338 10.99244 11.00268 10.3045 9.740874 10.2682 11.04868 10.98608 10.71766 10.07908 10.33801 10.83029 10.99879 11.10214
10.94586 10.88772 10.98314 11.06995 10.98999 10.91587 10.97707 10.91147 10.94029 10.93327 10.75728 10.58055 10.78889 10.80161 10.70918 10.75057 10.83407 10.88958 10.94468 11.0288 11.13288 11.4596 11.22927 11.42625 11.19666 10.99734 11.43015 11.53798 11.75898 11.30808 11.1352 11.31335 11.43218 11.3548 11.38766 11.37787 11.41798 11.49849 11.57647 11.62628 11.83454 12.20038 12.12587 12.44017 12.37676 12.39145 12.56262 12.54034 12.20375 12.10358 12.44141 11.59789 11.92365 11.98463 11.45688 10.57971 10.19165 9.888644 9.544707 10.23024 10.27641 10.14753 10.2746 10.55596 10.92678 10.90948 10.95031 10.83769 10.77021 10.97105 11.21206 11.16422
10.8404 10.79149 10.91242 11.03199 11.10679 11.14428 11.11894 11.05285 11.10798 11.12449 10.97962 10.79222 10.81997 10.38052 10.59313 10.76139 10.81657 10.82208 10.85515 10.99658 11.07436 11.3538 11.4471 11.43214 11.03227 10.8962 11.0013 10.99083 11.34713 11.36164 11.29093 11.4029 11.45727 11.35106 11.388 11.38762 11.45118 11.49747 11.56748 11.65358 11.71091 11.82806 11.95613 12.33393 12.07523 12.12546 12.27844 12.24038 12.08874 12.11941 12.08882 11.87445 12.09979 12.00997 11.49549 10.57308 10.04431 9.602957 9.963379 10.5735 10.28936 10.00245 10.22853 10.55166 10.47069 11.03161 10.87881 10.93392 10.93022 10.95598 11.12645 11.19797
10.78668 10.67711 10.70415 10.81412 10.83015 11.05002 11.21892 11.17546 11.14251 11.09576 10.98276 10.81292 10.6418 10.53078 10.52875 10.71426 10.67583 10.65044 10.75157 10.87105 11.15304 10.97628 10.65292 11.26423 11.31302 11.0335 11.08937 11.20879 11.44899 11.75172 11.36696 11.31523 11.32867 11.21799 11.32502 11.43859 11.49214 11.54359 11.56523 11.71826 11.58485 11.61989 11.81643 12.04791 11.78903 11.94251 12.18992 12.30506 12.29113 12.21481 12.1408 11.89359 11.7878 11.68727 11.28271 10.63111 10.26409 9.996671 10.07391 10.42405 10.32112 10.13893 10.25689 10.58239 10.74735 10.95166 10.7776 10.85118 10.81939 10.96379 11.20191 11.20916
11.00196 11.04974 11.02027 10.91174 10.8165 10.84808 11.08061 10.99426 10.94055 10.89308 10.84158 10.84879 10.9168 10.87053 10.72905 10.63517 10.71111 10.79987 10.92023 11.03477 10.88818 10.47861 10.77026 10.78653 10.99065 11.38371 11.63721 11.42285 11.60233 11.44994 11.22813 11.4244 11.58072 11.43505 11.30189 11.59169 11.32306 11.47981 11.54779 11.5456 11.49884 11.53066 11.55703 11.51662 11.58642 11.67884 11.84247 11.80968 11.61581 11.52245 11.44591 10.69197 10.32444 10.23196 10.18752 10.14353 10.12637 9.228065 9.819502 9.666185 10.26079 10.46004 10.38269 10.34216 10.37487 10.57007 10.67823 10.96546 11.01489 11.15106 11.30667 11.21563
10.72227 10.76955 10.85624 10.83608 10.77016 10.80998 10.96198 11.06097 11.08303 11.05988 11.0509 11.05643 11.04531 10.98238 10.89408 10.82355 10.87457 11.00964 10.95565 10.75924 10.79143 10.80346 10.82393 10.98046 11.22123 11.59476 11.88919 11.6056 11.43836 11.40544 11.20066 11.52803 11.51551 11.25771 11.3254 11.54752 11.37486 11.48347 11.51807 11.58793 11.60655 11.6716 11.60134 11.54342 11.62812 11.658 11.56593 11.45293 11.45205 11.47929 11.2801 11.33975 11.10875 10.80579 10.86453 10.65194 10.31428 9.623793 10.0225 9.93735 10.15454 10.4839 10.67219 10.47965 10.20923 10.70356 11.0036 10.99035 11.07685 11.09485 11.24516 11.35081
10.37855 10.48578 10.55734 10.53292 10.84556 10.95842 11.04499 11.09819 11.16421 11.17719 11.18774 11.1415 10.96838 11.04757 11.03143 10.8476 10.8582 10.92831 10.88462 10.80364 10.90226 10.95279 10.89706 11.00831 11.33074 11.65203 11.75755 11.57639 10.99689 11.20662 11.13638 11.3444 11.42034 11.30729 11.30826 11.52585 11.34902 11.53632 11.48588 11.50162 11.61367 11.67837 11.52076 11.42248 11.48784 11.52902 11.59908 11.57954 11.58343 11.58468 11.39501 11.34411 11.36331 10.97608 10.38912 10.35936 10.57251 10.16252 10.18125 10.09688 9.992532 10.31525 10.41252 10.38428 10.63564 11.11529 11.27265 10.9021 11.05375 10.96433 11.08004 11.39186
10.28084 9.910441 10.0465 10.33268 10.87171 11.03341 11.0989 11.00803 11.1445 11.19827 11.20853 11.11405 10.84987 10.99228 10.90076 10.86195 10.82447 10.83995 10.90159 10.96441 10.98133 11.05502 10.97324 11.15915 11.46069 11.70802 11.79634 11.70455 11.06454 11.09501 11.14576 11.25432 11.5423 11.56719 11.37352 11.46344 11.44832 11.77712 11.76959 11.66574 11.61638 11.62035 11.52113 11.46227 11.61646 11.76052 11.77148 11.73646 11.74509 11.69073 11.43202 11.48125 11.34163 10.56401 10.08548 10.21308 10.51641 10.44749 10.33181 9.981136 10.02297 10.16495 10.12696 10.28471 10.76829 11.07764 11.14336 10.82337 10.97533 11.06007 11.18841 11.28961
10.09204 10.37865 10.45932 10.53888 10.78269 10.97177 11.06265 11.14768 11.19201 11.08711 11.07307 11.08902 10.98893 11.16833 11.01508 11.08579 11.03842 11.05396 11.11376 11.16471 11.16639 11.04109 11.00408 11.1382 11.51456 11.71613 11.63872 11.45084 11.14192 10.952 11.27626 11.30269 11.54398 11.77304 11.78179 11.73695 11.65183 11.66479 11.78065 11.66847 11.59823 11.66913 11.68507 11.66678 11.65771 11.79344 11.7507 11.68761 11.66921 11.67751 11.59286 11.17677 10.81929 10.36821 9.826092 10.06446 10.56506 10.5604 10.39304 9.581792 10.06361 10.18586 10.42746 10.67819 10.85287 11.03913 11.07107 11.08424 10.93286 11.11404 11.20673 11.11147
