features/re_bio3.asc
ncols         768
nrows         589
xllcorner     124.299398925
yllcorner     32.893460211367
cellsize      0.010567299164062
NODATA_value  -9999
[rows 192 to 223 of 589, columns 432 to 503 of 768]
25.39692 25.2251 25.89991 26.40141 26.20263 25.73501 25.39676 24.79666 25.49609 24.93039 25.18362 25.5803 26.22506 27.22749 28.23598 28.45324 29.24184 29.19124 29.0252 27.98429 27.06946 26.73471 29.03448 29.57552 30.17591 30.28928 30.1854 30.22326 30.37614 30.14788 30.09733 30.23552 29.87517 29.3517 28.90026 28.73226 29.83091 29.91773 29.90507 29.87557 29.89229 29.96091 29.79207 28.57594 28.68428 28.60197 28.18166 27.86099 27.75309 -9999 -9999 -9999 -9999 -9999 -9999 -9999 -9999 -9999 -9999 -9999 -9999 -9999 -9999 -9999 -9999 -9999 -9999 -9999 -9999 -9999 -9999 -9999
24.65465 25.21783 26.45782 26.83383 26.36063 25.50054 24.85105 24.76649 25.67488 25.81761 25.85121 26.57898 27.3098 27.66226 27.84286 28.24749 28.5168 28.57184 29.25381 28.29805 27.33457 28.00904 29.62395 29.22723 28.8514 29.47291 30.1779 30.4498 30.57724 30.45846 30.23462 30.42486 30.30256 30.11759 29.53241 28.7443 29.56546 29.67758 29.30628 29.41556 29.7485 29.90986 29.82827 29.30692 28.95713 28.83543 28.56158 28.35455 28.18107 27.83258 -9999 -9999 -9999 -9999 -9999 -9999 -9999 -9999 -9999 -9999 -9999 -9999 -9999 -9999 -9999 -9999 -9999 -9999 -9999 -9999 -9999 -9999
25.61261 26.28499 26.95691 26.54334 26.17184 25.37078 24.82918 25.59267 26.56549 27.38257 27.37125 27.37284 27.85158 27.87815 27.62609 28.45281 28.43296 27.75674 28.76185 28.91691 28.43375 29.59351 29.45997 28.2969 29.06394 28.98531 29.0307 29.7063 30.3559 30.32542 31.03322 30.42605 30.34749 30.26985 29.8021 28.93481 29.57876 29.24638 29.39762 29.77929 29.89141 29.71384 29.68414 29.87556 29.32227 29.68126 29.3353 28.86423 28.43039 27.87204 27.14761 26.79938 -9999 -9999 -9999 -9999 -9999 -9999 -9999 -9999 -9999 -9999 -9999 -9999 -9999 -9999 -9999 -9999 -9999 -9999 -9999 -9999
24.87408 26.21342 26.27475 26.69846 25.92411 25.17691 25.03894 25.50453 26.47392 27.43432 27.41846 27.66173 28.06331 28.20554 28.19016 28.80163 29.22045 28.86292 29.61339 29.71773 29.59262 29.84385 28.86815 29.6804 29.68836 29.56095 29.34857 29.24211 29.34492 29.57759 30.66644 30.32742 30.3573 30.16891 29.68182 29.26473 29.46495 29.50442 29.46822 29.68779 29.99451 30.06706 30.05019 30.47915 30.15907 30.16094 29.59576 29.30765 29.04237 28.44688 27.58717 -9999 -9999 -9999 -9999 -9999 -9999 -9999 -9999 -9999 -9999 -9999 -9999 -9999 -9999 -9999 -9999 -9999 -9999 -9999 -9999 -9999
24.94176 25.66395 24.80013 24.94722 25.73674 26.13532 26.29312 26.52905 26.57167 26.23113 26.733 27.38408 27.78443 28.32058 28.85481 29.01187 28.85305 28.71884 29.50284 30.44811 30.39857 30.0776 29.64496 30.05099 29.51156 29.19192 29.82786 30.02427 29.46302 29.06757 28.85089 30.93895 30.61736 30.11668 29.98849 29.80921 29.3707 29.41063 29.57152 29.5702 29.58303 29.75837 30.14488 30.57405 30.59525 30.4556 29.85753 29.82496 29.76321 28.99967 27.72569 -9999 -9999 -9999 -9999 -9999 -9999 -9999 -9999 -9999 -9999 -9999 -9999 -9999 -9999 -9999 -9999 -9999 -9999 -9999 -9999 -9999
26.34251 25.77984 25.83244 25.68852 25.70989 25.92014 27.06974 27.79687 26.65261 26.84085 25.92148 26.5945 27.49401 28.31365 28.41987 27.78784 27.71601 28.77436 29.45324 30.41863 30.02927 29.51941 29.55561 29.41965 29.36185 29.21743 30.16087 30.61407 30.11387 29.46908 29.66088 30.19094 30.48589 30.13838 29.62819 29.17997 29.28461 28.9422 29.01163 29.25995 29.34027 29.73671 30.24943 30.42038 30.57483 30.65287 30.30901 29.83299 29.64551 29.01319 27.91999 -9999 -9999 -9999 -9999 -9999 -9999 -9999 -9999 -9999 -9999 -9999 -9999 -9999 -9999 -9999 -9999 -9999 -9999 -9999 -9999 -9999
27.35421 27.54005 28.51365 27.16339 26.09904 26.90808 27.23966 27.7393 28.77552 28.16183 26.75921 26.72986 27.58643 27.3864 27.35509 28.03653 28.67033 28.79395 29.40203 30.13803 30.39149 30.23824 29.45735 28.39451 28.9693 28.81601 30.1184 29.88112 29.25555 29.76204 30.72924 29.99848 29.46943 29.21908 29.2876 28.91279 28.64582 28.45338 28.90379 29.16084 29.15074 29.42654 29.96202 30.43769 30.55048 30.39188 30.12342 29.52449 29.04139 28.60357 28.28808 -9999 -9999 -9999 -9999 -9999 -9999 -9999 -9999 -9999 -9999 -9999 -9999 -9999 -9999 -9999 -9999 -9999 -9999 -9999 -9999 -9999
28.38078 28.91561 29.28851 27.43787 26.28606 27.07688 28.32135 29.22164 29.04088 27.58678 27.65818 27.61997 27.80908 27.69828 27.30655 27.53643 28.51263 28.98814 28.5463 29.52197 30.15004 30.363 29.68339 28.93747 29.36996 29.93514 29.82096 28.95365 28.63541 29.55047 30.78343 30.08749 29.47426 29.24199 29.21378 29.13701 29.47692 29.40472 29.02796 29.24307 29.20399 29.42937 29.75455 30.02316 30.11066 30.03019 29.80915 29.20026 28.78072 28.39355 28.14972 -9999 -9999 -9999 -9999 -9999 -9999 -9999 -9999 -9999 -9999 -9999 -9999 -9999 -9999 -9999 -9999 -9999 -9999 -9999 -9999 -9999
29.38515 29.60768 29.54795 27.60743 26.80298 26.82923 27.33296 28.11827 29.03997 29.58628 28.87542 28.22013 28.06943 28.65313 28.42107 28.12414 28.47989 28.53849 27.34129 29.48152 29.87367 30.17193 30.00203 29.42191 29.37278 29.63043 29.09287 28.76538 28.88549 29.77698 30.6001 30.0746 29.42802 29.36943 29.25158 29.07562 29.16227 29.11722 29.34468 29.16878 29.28818 29.56565 29.76541 29.84915 29.82514 29.70221 29.28027 28.90989 28.63509 28.46613 28.21686 -9999 -9999 -9999 -9999 -9999 -9999 -9999 -9999 -9999 -9999 -9999 -9999 -9999 -9999 -9999 -9999 -9999 -9999 -9999 -9999 -9999
30.09403 30.21211 29.98441 28.70099 28.34505 28.04799 27.63443 28.08935 29.09026 29.71122 29.27918 29.70263 29.06222 29.07957 28.76612 28.73438 29.22063 29.16963 27.64449 29.21212 29.6334 30.18004 30.34725 29.73324 29.00084 29.11547 28.82495 28.67908 29.28145 29.83045 30.00492 29.77425 29.1685 29.25764 29.14846 28.6519 28.10437 28.2893 28.57306 28.94558 29.26743 29.16447 28.84864 28.68683 28.80082 28.93485 29.21215 29.03871 28.83319 28.50327 28.14302 -9999 -9999 -9999 -9999 -9999 -9999 -9999 -9999 -9999 -9999 -9999 -9999 -9999 -9999 -9999 -9999 -9999 -9999 -9999 -9999 -9999
29.46751 30.58506 30.65299 30.53474 30.37931 29.6182 28.38613 28.37191 28.55498 28.54945 29.44283 30.16425 28.57208 29.20587 29.8468 29.89604 29.28963 28.46687 28.76146 28.84232 29.15674 29.4999 29.89052 29.90699 29.58417 29.74697 28.86728 28.2325 29.62477 30.23751 29.94566 29.84201 29.29874 29.03843 28.79108 28.6528 28.32791 28.46453 28.13463 28.05951 27.78693 27.93754 28.27429 28.61186 28.98873 29.49792 29.41336 28.80563 28.70457 28.5895 28.24475 -9999 -9999 -9999 -9999 -9999 -9999 -9999 -9999 -9999 -9999 -9999 -9999 -9999 -9999 -9999 -9999 -9999 -9999 -9999 -9999 -9999
28.42696 29.46768 29.93675 30.92466 31.28818 31.0386 30.10588 29.8901 29.2955 28.51064 29.05726 30.40963 29.78453 29.89144 30.64526 30.02496 28.8026 28.67628 29.50309 28.25131 28.77725 29.32471 29.92531 29.84892 29.01283 29.95774 29.33867 28.56344 29.45253 29.96377 29.89379 29.74386 29.28048 29.00996 28.80277 28.93179 28.93172 28.53652 28.09513 27.88411 27.94457 27.94184 28.21183 28.52937 28.6077 28.70172 29.15981 28.37313 28.15798 28.57032 28.52365 -9999 -9999 -9999 -9999 -9999 -9999 -9999 -9999 -9999 -9999 -9999 -9999 -9999 -9999 -9999 -9999 -9999 -9999 -9999 -9999 -9999
27.87581 28.689 29.68154 30.81361 31.51856 31.90692 31.35112 30.53204 30.1624 29.7984 29.30946 29.61429 30.2989 30.47952 30.61916 30.14089 29.78265 29.82244 29.66191 29.41834 29.55044 30.25002 30.46337 29.96102 29.14492 28.55738 28.79499 28.72826 29.47625 29.78959 29.75834 29.57208 29.23535 29.12435 29.02847 29.00842 28.74802 28.27856 27.76885 27.74274 27.80132 27.88994 28.11906 28.33022 28.6065 28.80424 28.60855 28.22384 28.21824 28.33991 28.21044 -9999 -9999 -9999 -9999 -9999 -9999 -9999 -9999 -9999 -9999 -9999 -9999 -9999 -9999 -9999 -9999 -9999 -9999 -9999 -9999 -9999
29.12116 30.14718 30.37535 31.11693 31.94696 32.1262 32.13803 31.41999 30.99597 30.26456 29.33539 29.71234 30.29757 30.47837 31.01515 30.59179 30.49131 30.50986 29.96988 30.35818 30.50116 30.53474 30.07659 29.73401 29.73476 29.37416 28.52928 28.04621 29.32106 29.7077 29.60712 29.38562 29.12432 29.16364 28.94774 28.59506 28.24585 28.19274 27.72801 27.78702 27.99658 27.90935 28.1944 28.58005 28.81712 28.73109 28.4043 28.07987 28.11651 28.61541 28.41317 -9999 -9999 -9999 -9999 -9999 -9999 -9999 -9999 -9999 -9999 -9999 -9999 -9999 -9999 -9999 -9999 -9999 -9999 -9999 -9999 -9999
29.09054 30.18602 30.42929 30.91697 31.97964 32.27329 32.21491 31.70438 31.47972 30.75104 29.73164 29.50556 29.31632 29.7044 30.99091 31.00607 30.7775 30.64746 30.36571 30.63914 30.2588 30.14944 30.25135 30.36371 30.16737 29.56126 28.86003 28.39448 29.39644 29.64921 30.11476 30.12062 29.26526 29.07206 28.80064 28.29939 27.93617 27.84266 27.71762 27.74038 27.98633 28.39268 28.43881 28.66148 28.81998 28.72184 28.47721 28.38506 28.06817 28.26231 28.06957 28.32929 -9999 -9999 -9999 -9999 -9999 -9999 -9999 -9999 -9999 -9999 -9999 -9999 -9999 -9999 -9999 -9999 -9999 -9999 -9999 -9999
29.90499 30.90071 30.99761 31.13712 31.19789 31.5479 32.25101 32.15239 31.84479 31.44699 30.46066 29.10783 28.93734 29.81374 30.58437 30.86964 30.7803 30.65953 30.62084 30.42824 30.20133 29.78299 29.25393 29.53533 30.04937 29.89635 29.39996 29.49148 29.56564 30.26887 30.418 30.21147 29.92623 29.52861 29.48942 28.65919 27.94819 27.85929 28.02204 28.41079 28.36481 29.04255 28.94336 28.75848 28.60988 28.46587 28.21561 28.00066 28.09087 28.51641 27.90683 27.92463 -9999 -9999 -9999 -9999 -9999 -9999 -9999 -9999 -9999 -9999 -9999 -9999 -9999 -9999 -9999 -9999 -9999 -9999 -9999 -9999
30.14189 30.98177 30.97954 31.43708 31.83784 31.96957 31.72324 31.70243 31.59469 31.31207 30.81647 30.25348 29.92605 29.24207 30.14367 30.40248 30.46188 29.98722 29.68585 30.58662 29.95897 29.27955 28.54191 28.98628 29.87005 30.24687 30.36934 30.65725 30.73977 30.91442 30.93982 30.88459 30.49138 29.78384 30.11864 29.50336 28.38756 28.38639 28.66841 28.71554 28.15943 28.08265 28.47241 28.44656 28.33407 28.04687 27.86068 28.04121 28.46415 28.4022 27.77269 -9999 -9999 -9999 -9999 -9999 -9999 -9999 -9999 -9999 -9999 -9999 -9999 -9999 -9999 -9999 -9999 -9999 -9999 -9999 -9999 -9999
30.63129 31.19144 31.32829 31.13201 31.09164 31.03943 31.07838 31.16385 30.89414 30.56205 30.51783 30.60196 30.38906 29.79592 30.19561 30.87707 30.6711 29.83604 28.91358 29.54796 30.17087 30.03593 29.62979 29.89542 30.65738 31.18857 31.0884 30.99498 30.47264 30.78329 31.04067 31.00887 30.50694 29.91818 29.96178 29.24087 29.14272 28.89518 28.49631 28.29888 28.12888 27.81997 28.59842 28.17074 27.95979 28.14182 28.46269 28.64724 28.39201 27.97551 27.59841 27.8551 -9999 -9999 -9999 -9999 -9999 -9999 -9999 -9999 -9999 -9999 -9999 -9999 -9999 -9999 -9999 -9999 -9999 -9999 -9999 -9999
30.88156 30.7282 31.07762 31.29005 31.14358 31.10638 31.52012 31.46895 31.06724 30.08531 29.7096 30.13811 30.43303 30.71975 30.84133 31.07779 30.57307 30.2813 30.09784 30.61387 30.79504 30.78874 30.64993 30.71682 31.08056 31.35444 31.21148 30.90804 30.4782 30.45687 30.50563 30.55566 30.60076 30.31624 29.67051 29.22499 28.89052 28.22914 27.90605 28.07211 28.16589 27.85176 28.03367 27.5288 28.05464 28.81863 28.77914 28.16564 27.87803 27.55068 27.50718 -9999 -9999 -9999 -9999 -9999 -9999 -9999 -9999 -9999 -9999 -9999 -9999 -9999 -9999 -9999 -9999 -9999 -9999 -9999 -9999 -9999
31.02527 30.87165 30.77912 30.77083 30.9348 31.12218 30.99488 31.26844 30.38987 30.51733 30.39085 30.40521 31.07223 31.18812 31.17421 30.85898 30.77258 30.65675 30.66441 30.56949 30.90336 30.84354 30.52563 30.25335 30.70829 31.27436 31.3147 31.0106 30.68242 30.29402 30.42308 30.29466 30.35684 30.25547 29.50603 29.26828 28.67895 28.27336 27.97865 27.86871 27.82818 27.63517 27.92145 28.48001 28.93743 28.78037 28.31907 27.85144 27.57289 27.46136 27.64828 -9999 -9999 -9999 -9999 -9999 -9999 -9999 -9999 -9999 -9999 -9999 -9999 -9999 -9999 -9999 -9999 -9999 -9999 -9999 -9999 -9999
30.64764 30.95267 30.84348 30.83169 31.00451 31.27874 30.70504 30.34769 30.6342 30.84585 30.88044 31.06985 31.30059 30.94743 30.8075 30.55912 30.41483 30.39521 30.4701 30.5814 30.69141 30.37229 30.37124 30.21027 30.57617 31.27058 31.61895 31.28898 30.8926 30.21931 30.22947 30.26544 30.25158 30.04684 29.6804 29.53839 29.0836 28.42978 28.00326 28.09259 28.45997 28.62945 28.64141 28.89572 28.70821 28.40873 28.06002 27.68508 27.45588 27.6534 27.98326 -9999 -9999 -9999 -9999 -9999 -9999 -9999 -9999 -9999 -9999 -9999 -9999 -9999 -9999 -9999 -9999 -9999 -9999 -9999 -9999 -9999
30.96696 31.06439 31.13651 31.18848 31.0773 30.92626 30.64046 30.28496 30.99534 30.91913 30.78812 30.76095 30.63847 30.58634 30.68273 30.45748 30.29864 30.70351 30.31197 30.33228 30.50068 30.49994 30.5281 30.41217 30.55746 31.00218 31.17775 30.87062 30.97251 30.6069 30.37356 30.35299 30.09882 29.85517 29.75516 29.6045 29.03295 28.70726 28.69923 28.65277 28.75718 29.13126 29.40178 29.25656 28.8536 28.20093 27.68003 27.61121 27.88038 28.22197 28.27236 28.2418 -9999 -9999 -9999 -9999 -9999 -9999 -9999 -9999 -9999 -9999 -9999 -9999 -9999 -9999 -9999 -9999 -9999 -9999 -9999 -9999
30.705 30.94476 31.08972 31.15047 31.03427 30.82343 30.71518 30.83173 30.6142 30.53931 30.51756 30.49356 30.37705 30.22322 30.37646 30.60908 30.51853 30.31859 30.2268 29.47323 29.33521 30.37822 30.47536 30.7591 30.81634 30.8962 30.97322 30.92543 30.9004 30.85766 30.64207 30.37753 29.9401 29.7135 29.71714 29.57287 29.32419 29.428 29.39062 29.02737 28.86502 29.19114 29.44271 29.06872 28.81755 28.49479 28.03345 27.83956 28.0805 28.45567 28.38177 28.37768 -9999 -9999 -9999 -9999 -9999 -9999 -9999 -9999 -9999 -9999 -9999 -9999 -9999 -9999 -9999 -9999 -9999 -9999 -9999 -9999
30.50953 30.87324 30.98647 30.98526 30.56219 30.13262 30.13002 30.19405 30.04202 30.93279 30.73848 30.47795 30.22481 29.97255 30.22964 30.4156 30.49905 30.43426 30.16516 29.46704 29.5019 29.01065 30.79593 31.08337 31.01987 30.31864 29.70382 29.94087 30.83925 30.79634 30.60947 30.48395 30.28118 30.0105 29.72706 29.57319 29.21143 29.3949 29.11437 28.69407 28.86298 29.44979 29.54626 28.58785 28.26791 28.43324 27.98225 27.74305 27.95555 28.26208 28.16215 28.11926 28.19488 -9999 -9999 -9999 -9999 -9999 -9999 -9999 -9999 -9999 -9999 -9999 -9999 -9999 -9999 -9999 -9999 -9999 -9999 -9999
31.42546 31.39831 30.96987 30.69902 30.37456 30.176 30.25982 30.41554 30.44159 30.63323 30.89553 30.76837 30.24748 29.76242 29.81998 30.32954 30.25376 30.12583 30.03868 29.49347 29.21538 29.29853 31.15813 31.01546 30.09208 29.28196 29.83561 30.32145 29.82577 29.93754 30.4371 30.42141 30.1027 29.92767 29.94466 29.81278 29.09319 28.73096 28.99546 29.19795 29.39429 29.24257 28.82007 28.67252 28.66961 28.41375 27.84032 28.27915 28.4007 28.24729 28.35159 28.27961 28.23217 28.03544 -9999 -9999 -9999 -9999 -9999 -9999 -9999 -9999 -9999 -9999 -9999 -9999 -9999 -9999 -9999 -9999 -9999 -9999
31.79156 31.46412 31.12905 30.8546 30.06876 29.76087 30.04172 30.18249 30.21943 30.50089 30.6022 30.49811 30.05944 29.89155 30.22326 30.43518 30.33043 30.37516 30.06305 28.81468 28.92024 29.53385 30.30812 30.41256 30.56512 30.11896 29.85298 29.81853 29.79994 29.77364 30.34158 29.93929 29.89226 29.82767 29.95405 29.8936 29.45244 29.21755 29.2079 29.36551 29.40922 29.10635 28.64064 28.49484 28.64028 28.41778 28.14942 28.37224 28.35703 28.18065 28.10411 27.95569 27.94528 28.05429 -9999 -9999 -9999 -9999 -9999 -9999 -9999 -9999 -9999 -9999 -9999 -9999 -9999 -9999 -9999 -9999 -9999 -9999
32.62235 31.47165 30.83083 30.46601 30.34402 30.09946 29.89674 30.08109 30.47433 30.43928 30.54965 30.18616 30.17982 30.30327 30.38031 30.43673 30.4766 30.28776 29.99407 28.9832 28.7178 28.71352 28.96977 29.76177 29.77591 30.16434 30.20616 29.72268 29.36795 29.60785 29.81775 30.14932 29.8911 29.90513 29.7455 29.65453 29.36453 29.08848 29.29994 29.4096 29.43697 29.18111 28.82601 28.59438 28.56397 28.69465 28.22229 28.40154 28.5491 28.40062 28.07698 27.82302 27.78485 27.9061 27.61016 -9999 -9999 -9999 -9999 -9999 -9999 -9999 -9999 -9999 -9999 -9999 -9999 -9999 -9999 -9999 -9999 -9999
32.29907 32.51847 30.93606 30.82479 30.68614 30.4304 30.15171 30.04188 30.34972 30.35645 30.51402 30.40478 30.50672 30.58798 30.53553 30.4416 30.47034 30.21849 29.86606 29.46034 29.07385 28.6572 28.63867 29.12719 29.61741 29.83215 30.14407 30.22746 30.11335 29.83298 29.4248 30.03919 29.76691 29.71335 29.75495 29.54809 29.18357 29.30819 29.49523 29.48438 29.4578 29.28238 29.03215 28.81203 28.61585 28.57335 28.17698 28.42245 28.39006 28.27637 28.15473 28.1002 28.13192 28.03393 27.93451 -9999 -9999 -9999 -9999 -9999 -9999 -9999 -9999 -9999 -9999 -9999 -9999 -9999 -9999 -9999 -9999 -9999
31.59625 32.59181 31.07925 30.82814 30.05803 29.68216 29.875 30.48393 31.07172 30.59575 30.76312 30.33223 30.31893 30.4306 30.35846 30.20031 30.29209 30.15304 29.63535 29.74806 29.7704 29.51434 29.47031 29.33719 29.71218 30.00361 30.198 30.40471 30.26299 29.92985 29.93221 29.90035 29.64308 29.64876 29.59816 29.45056 29.48584 29.39359 29.43043 29.37395 29.2988 29.29532 29.23603 29.05163 28.81023 28.69087 28.57417 28.65333 28.39963 28.3351 28.34621 28.23376 28.06624 28.08679 28.42541 -9999 -9999 -9999 -9999 -9999 -9999 -9999 -9999 -9999 -9999 -9999 -9999 -9999 -9999 -9999 -9999 -9999
31.09669 31.39876 31.29788 30.88959 30.41291 30.38665 30.19169 30.33273 31.02257 30.44624 30.6978 30.34346 30.17068 30.13453 30.06327 30.08123 30.45875 30.67542 30.27705 30.26606 30.25506 30.00021 29.90742 29.70497 29.50973 30.11977 30.01289 30.12857 29.98851 29.80512 30.03834 29.89631 29.55715 29.59328 29.51694 29.57597 29.65864 29.68953 29.48585 29.37056 29.35521 29.44556 29.45411 29.32239 29.08869 28.80308 28.77248 28.61571 28.44976 28.49121 28.6413 28.62711 28.33685 28.25556 28.35859 28.40886 -9999 -9999 -9999 -9999 -9999 -9999 -9999 -9999 -9999 -9999 -9999 -9999 -9999 -9999 -9999 -9999
31.30461 31.2495 31.03024 30.78325 30.27274 30.15441 30.30084 30.7668 31.25476 30.73045 30.1077 29.96131 29.91008 29.95663 30.06154 30.38826 30.93004 30.98843 30.47268 30.49285 30.54392 30.42641 30.22618 29.77038 29.35995 29.91656 30.11963 30.14344 30.00961 29.89609 29.92378 29.76555 29.49288 29.6039 29.61075 29.61186 29.70851 29.66897 29.57095 29.38807 29.46669 29.53862 29.28497 29.02843 28.88537 28.42927 28.34891 28.60031 28.57245 28.2944 28.3589 28.52376 28.42761 28.21427 28.04943 27.5741 -9999 -9999 -9999 -9999 -9999 -9999 -9999 -9999 -9999 -9999 -9999 -9999 -9999 -9999 -9999 -9999
31.35546 31.27111 30.71215 30.79242 30.46808 30.16039 30.92746 31.66803 31.44987 30.65702 29.85578 29.90025 29.95364 30.09165 30.47771 30.88384 31.05278 31.07952 30.74835 30.51233 30.81147 30.81172 30.51262 30.27433 30.02413 30.13318 30.49411 30.07272 29.9876 29.96867 29.84766 29.80836 29.57637 29.59584 29.63723 29.59369 29.69165 29.58988 29.41543 29.39153 29.42561 29.3693 29.06297 28.72147 28.46654 28.31367 28.17539 27.87151 27.96525 27.93151 28.26838 28.58014 28.50555 28.22905 27.68826 26.52315 -9999 -9999 -9999 -9999 -9999 -9999 -9999 -9999 -9999 -9999 -9999 -9999 -9999 -9999 -9999 -9999
