features/re_bio6.asc
ncols         768
nrows         589
xllcorner     124.299398925
yllcorner     32.893460211367
cellsize      0.010567299164062
NODATA_value  -9999
[rows 186 to 216 of 589, columns 420 to 489 of 768]
-8.612904 -9.167742 -9.448387 -9.145162 -9.170968 -9.212903 -9.16129 -8.829032 -8.725806 -8.812903 -8.722581 -8.241936 -8.612904 -9.112904 -9.229033 -9.583871 -9.696774 -9.33871 -9.093549 -9.048388 -9.33871 -8.751613 -7.987097 -7.606452 -7.480645 -7.248387 -7.654839 -7.690322 -8 -7.729032 -7.416129 -8.380645 -9.254839 -9.487097 -9.987097 -9.63871 -8.374193 -7.22258 -7.209677 -6.225806 -5.483871 -7.551613 -7.741935 -6.741935 -4.987097 -3.090322 -3.23871 -2.812903 -2.019355 -3.203226 -3.474194 -2.577419 -3.183871 -2.506452 -1.948387 -1.9 -1.603226 -1.722581 -9999 -9999 -9999 -9999 -9999 -9999 -9999 -9999 -9999 -9999 -9999 -9999
-8.135484 -8.770967 -9.119355 -9.119355 -9.564516 -9.535484 -9.17742 -8.806452 -8.716129 -9.045161 -9.048388 -8.17742 -8.348387 -8.729033 -8.835484 -9.241936 -9.541936 -9.135484 -8.703226 -8.825807 -8.622581 -8.274194 -8.148387 -8.006452 -7.648387 -7.474194 -7.519355 -7.629032 -7.793549 -7.703226 -7.725806 -8.4 -8.422581 -8.745161 -9.974194 -10.36774 -9.590322 -8.106452 -6.709677 -5.858065 -4.264516 -5.645161 -5.396774 -4.616129 -4.125806 -3.548387 -2.770968 -4.809678 -3.683871 -2.564516 -1.76129 -2.019355 -2.467742 -1.512903 -1.46129 -9999 -2.403226 -2.970968 -2.83871 -9999 -9999 -9999 -9999 -9999 -9999 -9999 -9999 -9999 -9999 -9999
-7.432258 -7.693548 -8.193548 -8.735484 -8.929032 -8.651613 -8.412903 -8.170968 -8.051613 -8.451612 -8.790322 -8.235484 -8.919354 -9.238709 -9.048388 -9.077419 -9.129032 -9.051613 -8.606452 -8.670968 -8.63871 -8.225806 -8.074194 -7.967742 -7.841936 -8.106452 -7.883871 -7.616129 -8.035484 -8.03871 -7.822581 -8.093549 -7.983871 -8.216129 -10.15806 -9.993548 -9.412903 -8.206451 -6.583871 -6 -5.345161 -4.148387 -3.706452 -3.848387 -4.525806 -4.829032 -4.164516 -6.380645 -4.619355 -3.964516 -3.712903 -3.258065 -2.832258 -2.632258 -2.3 -2.567742 -3.012903 -2.729032 -2.506452 -9999 -9999 -9999 -9999 -9999 -9999 -9999 -9999 -9999 -9999 -9999
-7.56129 -7.525806 -7.616129 -7.832258 -8.167742 -8.051613 -8.212903 -8.264516 -8.254839 -8.335484 -8.441936 -8.535484 -8.977419 -9.561291 -9.054839 -8.874193 -8.867742 -8.903226 -9.048388 -8.864516 -8.7 -8.474194 -8.32258 -8.33871 -8.412903 -8.32258 -8.238709 -7.796774 -8.370968 -8.767742 -8.364516 -8.025806 -8.287097 -8.332258 -10.60323 -9.496774 -8.719355 -8.264516 -7.225806 -6.096774 -5.703226 -4.074193 -3.964516 -5.509677 -6.503226 -6.232258 -6.064516 -7.658064 -5.080645 -4.612903 -3.432258 -2.609677 -3.025806 -3.429032 -4.370968 -4.22258 -3.751613 -3.006452 -2.451613 -9999 -9999 -9999 -9999 -9999 -9999 -9999 -9999 -9999 -9999 -9999
-7.993548 -7.958065 -7.96129 -7.967742 -7.935484 -7.796774 -8.309677 -8.741936 -8.683871 -8.622581 -8.63871 -8.612904 -8.67742 -8.751613 -8.935484 -8.829032 -8.83871 -8.980645 -9.064516 -9.074194 -8.803226 -8.664516 -8.845161 -9.096774 -9.090322 -8.7 -8.396774 -8.093549 -8.364516 -8.370968 -8.174193 -9.083871 -8.9 -8.887096 -10.04839 -9.732258 -8.422581 -7.203226 -6.622581 -6.1 -4.690322 -4.867742 -6.203226 -5.790323 -6.187097 -6.854839 -7.151613 -7.809678 -5.264516 -4.577419 -3.916129 -3.787097 -4.022581 -4.187097 -4.658064 -4.164516 -3.619355 -3.022581 -2.616129 -2.390323 -9999 -9999 -9999 -9999 -9999 -9999 -9999 -9999 -9999 -9999
-8.438709 -8.709678 -8.551613 -8.235484 -8.351613 -8.17742 -8.009678 -8.590322 -9.077419 -9.132258 -8.916129 -8.793549 -8.935484 -8.564516 -8.774194 -8.625807 -8.932258 -9.729033 -10.13226 -9.67742 -9.761291 -9.9 -9.609677 -9.309677 -9.290322 -9.222581 -8.416129 -7.987097 -7.9 -8.306452 -8.212903 -8.293549 -8.254839 -8.829032 -10.43548 -9999 -9.919354 -8.829032 -7.774194 -6.687097 -6.341936 -6.312903 -6.996774 -5.170968 -5.490323 -6.493548 -7.012903 -7.670968 -5.212903 -6.251613 -5.758065 -4.729032 -3.958065 -3.335484 -2.925807 -3.445161 -2.887097 -2.429032 -2.287097 -2.2 -9999 -9999 -9999 -9999 -9999 -9999 -9999 -9999 -9999 -9999
-9.409678 -9.419354 -8.932258 -8.458064 -8.509678 -9.2 -8.4 -8.445161 -8.4 -8.441936 -8.693548 -9.158065 -9.580646 -9.096774 -8.887096 -8.86129 -9.190323 -9.893548 -10.43871 -10.1 -10.32581 -10.46129 -9.596774 -9.148387 -9.329032 -9.383871 -8.722581 -8.529033 -8.17742 -8.067742 -8.141935 -8.503226 -9.470967 -10.25806 -11.57419 -11.47742 -11.11936 -10.97097 -9.751613 -8.158065 -8.380645 -7.564516 -6.06129 -6.122581 -5.725806 -5.835484 -6.590322 -7.33871 -5.996774 -6.738709 -5.867742 -4.916129 -4.5 -4.558064 -4.522581 -2.506452 -2.767742 -2.93871 -2.529032 -2.080645 -1.974194 -9999 -9999 -9999 -9999 -9999 -9999 -9999 -9999 -9999
-8.274194 -8.319355 -8.658065 -9.058064 -9.032258 -8.53871 -8.296774 -9 -9.254839 -9.061291 -8.880645 -9.187097 -9.625807 -9.012903 -8.825807 -8.680645 -8.867742 -9.529033 -10.05484 -9.780645 -9.483871 -9.274194 -9.190323 -9.016129 -8.887096 -8.877419 -9.003226 -8.867742 -8.467742 -8.758064 -8.735484 -8.335484 -9.364516 -10.80645 -9.922581 -9.261291 -9.109677 -10.09355 -10.83548 -10.33871 -9.364516 -8.832258 -7.864516 -7.354839 -7.203226 -6.825807 -6.609677 -7.03871 -7.467742 -6.758065 -4.787097 -3.890323 -3.574193 -3.422581 -3.609677 -3.390323 -2.919355 -2.96129 -2.729032 -2.651613 -2.625807 -2.312903 -9999 -9999 -9999 -9999 -9999 -9999 -9999 -9999
-8.067742 -8.061291 -8.054839 -8.187097 -8.345161 -8.335484 -8.393548 -8.929032 -9.793549 -9.274194 -9.158065 -9.251613 -8.977419 -8.67742 -8.629032 -8.864516 -8.887096 -9.290322 -9.783871 -9.561291 -9.106452 -8.706451 -8.767742 -8.977419 -8.887096 -8.648387 -8.606452 -8.777419 -8.167742 -8.996774 -9.229033 -8.561291 -9.254839 -9.396774 -8.725806 -9.087097 -9.812903 -9.990322 -10.86774 -11.37097 -10.74516 -11.29355 -11.01935 -7.541935 -8.241936 -7.770968 -6.870968 -7.167742 -6.903226 -5.341936 -5.406452 -4.8 -4.132258 -3.629032 -3.483871 -3.954839 -3.103226 -3.822581 -3.651613 -3.258065 -2.874193 -2.3 -1.454839 -1.064516 -9999 -9999 -9999 -9999 -9999 -9999
-8.158065 -8.4 -8.325807 -8.187097 -8.13871 -8.283871 -8.712903 -9.990322 -8.903226 -9.109677 -9.306452 -9.512903 -9.632258 -9.077419 -9.064516 -8.825807 -9.067742 -9.5 -9.706451 -9.564516 -9.267742 -8.948387 -9.106452 -9.103226 -8.893548 -8.674193 -8.641935 -8.651613 -8.258064 -8.632258 -8.596774 -8.554839 -8.767742 -8.583871 -9.329032 -9.474194 -9.048388 -8.651613 -8.851613 -9.383871 -9.893548 -10.08387 -10.75484 -8.990322 -9.251613 -8.816129 -7.845161 -7.564516 -6.709677 -5.5 -4.893548 -5.022581 -4.893548 -4.206451 -3.729032 -4.470968 -3.890323 -3.964516 -3.574193 -3.435484 -3.290323 -2.806452 -1.964516 -9999 -9999 -9999 -9999 -9999 -9999 -9999
-8.887096 -9.03871 -8.664516 -8.561291 -8.496774 -8.351613 -8.506452 -8.561291 -8.619355 -8.719355 -9.116129 -9.922581 -10.25161 -9.151613 -9.829032 -9.503226 -9.17742 -9.135484 -9.106452 -8.954839 -8.845161 -8.938709 -9.712903 -9.503226 -9.241936 -8.935484 -8.680645 -8.612904 -8.696774 -9.332258 -9.141935 -8.516129 -8.36129 -8.512903 -8.870968 -8.683871 -9.154839 -9.735484 -10.50323 -9.990322 -8.954839 -9.048388 -8.6 -11 -10.02581 -8.409678 -8.419354 -8.548388 -7.258065 -6.922581 -5.609677 -5.970968 -5.209677 -4 -3.506452 -3.912903 -4.025806 -4.209677 -3.545161 -3.403226 -3.448387 -3.006452 -2.03871 -9999 -9999 -9999 -9999 -9999 -9999 -9999
-9.738709 -10.37419 -9.606452 -9 -8.909678 -8.9 -8.664516 -8.693548 -9.116129 -9.267742 -8.767742 -8.929032 -9.167742 -9.190323 -9.367742 -9.383871 -9.374193 -9.216129 -8.964516 -8.783871 -8.825807 -8.806452 -9.558064 -10.37097 -10.05806 -9.3 -8.832258 -9.019355 -9.667742 -9.83871 -9.609677 -8.464516 -8.409678 -8.693548 -8.970967 -9.132258 -9.448387 -9.948387 -11.06774 -10.97742 -10.06774 -9.754839 -9.932258 -11.75484 -10.49677 -9.354838 -9.503226 -9.406451 -8.751613 -7.651613 -7.106452 -6.358065 -4.874194 -3.870968 -3.564516 -3.516129 -3.787097 -4.154839 -3.993548 -3.370968 -3.206452 -2.909678 -2.070968 -9999 -9999 -9999 -9999 -9999 -9999 -9999
-7.954839 -8.503226 -8.835484 -8.709678 -8.987097 -9.764516 -10.2129 -9.454839 -8.593549 -8.296774 -8.416129 -8.954839 -9.090322 -8.754839 -8.522581 -8.567742 -9.32258 -9.296774 -9.303226 -9.229033 -8.751613 -8.325807 -8.748387 -9.609677 -9.590322 -9.093549 -9.148387 -9.8 -10.20645 -9.796774 -9.706451 -8.990322 -8.525806 -8.396774 -8.980645 -9.912903 -10.7129 -11.16129 -11.20645 -10.59355 -10.70645 -11.37419 -10.87097 -9.467742 -8.783871 -8.183871 -7.170968 -7.154839 -7.174193 -5.870968 -4.009677 -4.148387 -4.632258 -4.270968 -4.003226 -4.296774 -4.470968 -3.680645 -3.429032 -2.996774 -2.380645 -2.064516 -1.841936 -9999 -9999 -9999 -9999 -9999 -9999 -9999
-7.519355 -7.925807 -8.17742 -8.206451 -8.483871 -9.116129 -9.529033 -9.1 -8.570968 -8.374193 -8.277419 -8.46129 -8.683871 -8.690323 -8.367742 -8.541936 -9.17742 -9.222581 -8.987097 -8.722581 -8.645162 -8.874193 -8.761291 -9.1 -9.512903 -9.096774 -9.277419 -9.835484 -9.745161 -9.241936 -9.36129 -9.32258 -8.535484 -8.016129 -8.551613 -9.612904 -10.69677 -10.69677 -9.635484 -9.232258 -10.11936 -11.06774 -10.63226 -8.958064 -7.545161 -7.225806 -6.796774 -6.770968 -6.335484 -6.103226 -7.258065 -5.432258 -4.370968 -4.503226 -4.470968 -4.270968 -4.303226 -3.751613 -3.545161 -2.9 -2.370968 -1.874194 -1.496774 -9999 -9999 -9999 -9999 -9999 -9999 -9999
-7.46129 -8.067742 -8.467742 -8.419354 -8.629032 -8.932258 -8.990322 -8.719355 -8.616129 -8.548388 -8.416129 -8.325807 -8.419354 -8.67742 -8.422581 -8.716129 -9.122581 -9.445161 -9.341935 -9.174193 -8.948387 -8.587097 -8.545161 -8.906451 -8.958064 -8.703226 -8.616129 -9.03871 -9.403226 -8.758064 -8.758064 -9.558064 -8.880645 -8.251613 -8.074194 -8.683871 -9.16129 -9.167742 -8.545161 -9.348387 -10.12258 -10.69677 -10.63871 -9.225806 -7.06129 -6.577419 -6.596774 -6.993548 -8.032258 -8.019355 -7.06129 -5.596774 -4.906452 -5.767742 -6.025806 -5.596774 -5.025806 -4.329032 -3.083871 -2.580645 -2.235484 -2.025806 -1.596774 -9999 -9999 -9999 -9999 -9999 -9999 -9999
-7.403226 -7.6 -7.958065 -8.306452 -8.396774 -8.580646 -8.758064 -8.829032 -8.983871 -8.941936 -8.67742 -8.509678 -8.441936 -8.696774 -8.583871 -8.854838 -9.16129 -9.187097 -9.364516 -9.283871 -8.993548 -8.741936 -8.641935 -8.519355 -8.574194 -8.66129 -8.761291 -8.722581 -8.470967 -8.4 -9.103226 -10.00323 -9.061291 -8.083871 -7.606452 -8.064516 -8.735484 -8.619355 -8.751613 -8.874193 -9.16129 -9.380645 -9.087097 -7.935484 -7.041935 -6.525806 -6.745161 -7.145161 -7.551613 -7.312903 -6.364516 -5.893548 -6.683871 -6.693548 -5.377419 -4.345161 -4.190322 -3.883871 -3.832258 -3.245161 -2.812903 -2.196774 -1.458065 -9999 -9999 -9999 -9999 -9999 -9999 -9999
-7.229032 -7.225806 -7.63871 -7.958065 -8.032258 -8.029033 -8.2 -8.674193 -9.409678 -9.645162 -8.967742 -8.754839 -8.67742 -8.729033 -8.596774 -8.709678 -8.858065 -8.983871 -9.335484 -9.345161 -9.219355 -9.203226 -8.990322 -8.425806 -8.503226 -8.916129 -8.725806 -8.367742 -8.274194 -8.383871 -8.419354 -9.970967 -9.696774 -9.135484 -8.519355 -8.070968 -8.103226 -7.919355 -8.141935 -8.780645 -9.832258 -9.719355 -8.535484 -7.354839 -6.441936 -6.532258 -6.16129 -6.522581 -7.019355 -6.470968 -5.503226 -4.593548 -5.783871 -5.406452 -4.483871 -3.53871 -3.216129 -3.883871 -4.558064 -3.658065 -2.951613 -2.496774 -1.619355 -9999 -9999 -9999 -9999 -9999 -9999 -9999
-7.425807 -7.593548 -7.425807 -7.819355 -7.825807 -8.012903 -8.241936 -8.464516 -8.906451 -9.4 -9.406451 -8.96129 -9 -8.990322 -8.974194 -8.932258 -9.022581 -8.96129 -9.129032 -9.135484 -9.154839 -9.345161 -9.416129 -8.83871 -8.764516 -8.932258 -8.561291 -8.306452 -8.490322 -8.703226 -8.3 -8.964516 -9.667742 -9.496774 -8.325807 -7.516129 -8.187097 -8.825807 -8.290322 -8.258064 -9.264516 -8.996774 -8.174193 -7.741935 -6.906452 -6.183871 -5.27742 -6.16129 -7.029032 -5.877419 -5.254839 -4.564516 -4.635484 -4.577419 -3.83871 -3.609677 -3.280645 -2.629032 -2.893548 -2.054839 -1.451613 -1.535484 -1.754839 -9999 -9999 -9999 -9999 -9999 -9999 -9999
-7.580645 -7.764516 -7.483871 -7.506452 -8.1 -8.354838 -8.277419 -8.319355 -8.606452 -8.687097 -8.748387 -8.9 -9.093549 -9.429032 -9.316129 -9.17742 -9.141935 -9.016129 -9.090322 -9.16129 -9.119355 -9.13871 -9.258064 -9.206451 -8.980645 -8.683871 -8.348387 -8.335484 -8.377419 -8.348387 -8.329032 -8.332258 -8.264516 -7.851613 -7.577419 -7.651613 -8.064516 -8.722581 -8.819355 -8.9 -9.6 -9.577419 -9.141935 -8.654839 -7.729032 -6.348387 -5.577419 -6.164516 -7.054839 -5.580645 -4.245161 -4.645161 -4.245161 -3.716129 -3.396774 -3.332258 -3.509677 -3.674194 -3.364516 -2.158065 -1.958065 -1.858065 -1.429032 -9999 -9999 -9999 -9999 -9999 -9999 -9999
-7.370968 -7.229032 -7.33871 -7.787097 -8.03871 -8.216129 -8.141935 -8.167742 -8.458064 -8.541936 -8.487097 -8.745161 -9.112904 -9.306452 -9.32258 -9.225806 -9.141935 -9.145162 -9.1 -9.151613 -9.1 -9.058064 -9.180645 -9.306452 -8.764516 -8.493548 -8.129032 -8.245161 -8.16129 -7.96129 -8.119355 -7.903226 -7.758065 -7.53871 -7.616129 -7.8 -7.867742 -8.03871 -8.577419 -8.46129 -9.174193 -9.187097 -8.783871 -8.306452 -7.66129 -6.725806 -6.083871 -5.238709 -6.380645 -5.06129 -3.629032 -3.545161 -3.532258 -3.13871 -3.232258 -3.474194 -3.787097 -3.770968 -2.890323 -1.641935 -1.329032 -1.583871 -1.551613 -9999 -9999 -9999 -9999 -9999 -9999 -9999
-7.422581 -7.216129 -7.464516 -7.612903 -7.922581 -8.022581 -8.016129 -8.129032 -8.309677 -8.358065 -8.351613 -8.651613 -9.16129 -9.332258 -9.329032 -9.274194 -9.148387 -9.125807 -9.125807 -9.158065 -9.045161 -8.990322 -8.974194 -8.867742 -8.909678 -8.864516 -8.032258 -7.883871 -7.941936 -7.845161 -7.803226 -7.725806 -7.683871 -7.835484 -7.829032 -7.648387 -7.606452 -7.870968 -8.103226 -8.845161 -9.019355 -8.490322 -8.148387 -7.564516 -6.687097 -6.329032 -5.735484 -4.432258 -4.564516 -4.003226 -3.596774 -2.919355 -3.074193 -4.583871 -4.632258 -4.641935 -4.803226 -4.529032 -3.709677 -2.770968 -1.509677 -1.916129 -1.33871 -1.554839 -9999 -9999 -9999 -9999 -9999 -9999
-7.335484 -7.412903 -7.629032 -7.651613 -7.874194 -7.819355 -7.864516 -8.022581 -8.280645 -8.548388 -8.187097 -8.493548 -9.070968 -9.054839 -9.096774 -9.270967 -9.277419 -9.258064 -9.077419 -8.967742 -8.925806 -8.770967 -8.693548 -8.874193 -9.029033 -8.929032 -8.261291 -7.858065 -7.774194 -7.716129 -7.670968 -7.693548 -7.641935 -7.887097 -8.474194 -8.522581 -8.090322 -7.874194 -8.058064 -8.019355 -8.748387 -8.232258 -7.622581 -7.2 -6.745161 -6.390323 -6.535484 -5.029032 -3.870968 -3.809677 -4.170968 -4.870968 -4.912903 -6.86129 -6.554839 -5.56129 -5.112903 -4.441936 -3.248387 -2.33871 -2.012903 -3.093548 -1.406452 -1.293548 -9999 -9999 -9999 -9999 -9999 -9999
-7.535484 -7.66129 -7.612903 -7.425807 -7.429032 -7.422581 -7.512903 -7.725806 -7.912903 -8.022581 -8.3 -8.987097 -9.058064 -9.009678 -9.058064 -9.13871 -9.1 -8.980645 -8.896774 -8.787097 -8.619355 -8.348387 -8.329032 -8.551613 -8.632258 -9.212903 -8.561291 -8.225806 -7.870968 -7.922581 -8.209678 -7.696774 -7.816129 -7.935484 -8.241936 -8.574194 -8.870968 -8.990322 -8.674193 -8.212903 -9.287097 -9.329032 -9.009678 -8.870968 -8.367742 -7.512903 -8.441936 -7.86129 -4.761291 -4.993548 -5.716129 -5.896774 -5.432258 -5.819355 -5.83871 -5.903226 -5.167742 -3.474194 -2.264516 -2.622581 -3.541935 -3.345161 -1.380645 -9999 -9999 -9999 -9999 -9999 -9999 -9999
-7.593548 -7.674193 -7.587097 -7.496774 -7.577419 -7.603226 -7.648387 -7.767742 -8.03871 -8.232258 -8.225806 -8.548388 -8.561291 -9.058064 -8.954839 -8.883871 -8.903226 -8.877419 -8.890323 -8.848387 -8.512903 -8.4 -8.396774 -8.335484 -8.267742 -8.774194 -8.832258 -7.848387 -7.619355 -7.916129 -8.396774 -8.516129 -8.151613 -7.980645 -8.709678 -9.290322 -9.874193 -10.06129 -9.396774 -9.070968 -9.106452 -10.00323 -10.01613 -9.761291 -8.841935 -8.148387 -9.516129 -9.041936 -6.377419 -6.735484 -6.893548 -6.412903 -5.370968 -4.641935 -6.487097 -6.225806 -4.232258 -3.558064 -4.025806 -4.480645 -4.151613 -2.587097 -1.241935 -1.670968 -9999 -9999 -9999 -9999 -9999 -9999
-7.587097 -7.690322 -7.741935 -7.77742 -7.845161 -7.877419 -7.925807 -7.890323 -8.077419 -8.319355 -8.383871 -8.651613 -8.53871 -8.761291 -8.845161 -8.819355 -8.732258 -8.903226 -9.225806 -9.019355 -8.293549 -8.290322 -8.529033 -8.522581 -8.33871 -8.164516 -7.945161 -7.16129 -7.96129 -8.577419 -9.222581 -10.70968 -10.00968 -9.82258 -10.04194 -10.22258 -10.7129 -10.91935 -10.09355 -8.896774 -8.383871 -9.758064 -9.370968 -9.690323 -9.974194 -9.483871 -8.912903 -7.025806 -6.196774 -5.1 -4.83871 -5.535484 -5.629032 -3.983871 -4.874194 -3.083871 -3.758065 -5.258065 -5.187097 -3.874193 -2.990323 -1.7 -1.303226 -9999 -9999 -9999 -9999 -9999 -9999 -9999
-7.709677 -7.770968 -7.832258 -7.887097 -7.858065 -7.848387 -7.970968 -8.022581 -8.025806 -8.096774 -8.287097 -8.529033 -8.745161 -8.490322 -8.487097 -8.645162 -8.787097 -8.806452 -8.896774 -8.193548 -8.380645 -8.229033 -8.387096 -9.012903 -9.506452 -9.093549 -8.32258 -7.490323 -7.632258 -8.058064 -8.245161 -9.967742 -10.47097 -10.37419 -10.60645 -10.96452 -11.4129 -11.28065 -10.45161 -9.6 -8.664516 -9.435484 -10.4129 -10.42258 -10.58065 -9.854838 -7.593548 -6.8 -5.045161 -4.77742 -4.229032 -3.693548 -3.406452 -2.767742 -3.116129 -4.812903 -6.009677 -5.658064 -4.409678 -3 -2.051613 -1.487097 -1.741935 -9999 -9999 -9999 -9999 -9999 -9999 -9999
-7.809678 -7.883871 -7.93871 -7.935484 -7.870968 -7.890323 -7.967742 -8.1 -8.041936 -7.958065 -8.025806 -8.103226 -8.393548 -8.351613 -8.274194 -8.519355 -8.670968 -8.390323 -8.170968 -8.190323 -8.409678 -8.070968 -8.032258 -8.296774 -8.190323 -7.541935 -8.064516 -8.312903 -8.706451 -9.593549 -9.33871 -8.641935 -8.790322 -9.109677 -9.474194 -10.64839 -11.20323 -11.3 -11.02581 -10.34194 -9.487097 -9.306452 -10.41613 -10.92258 -10.54839 -9.387096 -7.93871 -7.551613 -5.851613 -4.509677 -3.670968 -3.625807 -4.241935 -4.922581 -4.935484 -5.370968 -5.796774 -5.03871 -3.987097 -2.741935 -1.883871 -2.232258 -2.580645 -9999 -9999 -9999 -9999 -9999 -9999 -9999
-7.825807 -7.86129 -8 -8.032258 -7.693548 -7.864516 -7.993548 -8.048388 -7.925807 -7.906452 -7.980645 -7.974194 -8.258064 -8.083871 -8.164516 -8.203226 -8.067742 -7.935484 -8.13871 -8.422581 -8.306452 -8.016129 -8 -7.951613 -7.93871 -8.109677 -7.845161 -8.17742 -8.941936 -9.729033 -9.725806 -10.18064 -9.387096 -9.387096 -9.445161 -9.845161 -10.4129 -10.33871 -9.877419 -9.709678 -10.05161 -9.622581 -9.122581 -9.806452 -9.532258 -8.738709 -8.067742 -7.22258 -5.470968 -4.790323 -4.748387 -4.706451 -5.083871 -6.258065 -7.254839 -6.345161 -5.912903 -4.719355 -3.058064 -2.496774 -3.109677 -3.754839 -3.525806 -3.032258 -9999 -9999 -9999 -9999 -9999 -9999
-7.738709 -7.787097 -7.870968 -7.880645 -7.780645 -7.906452 -8.083871 -8.087097 -7.919355 -7.893548 -8.012903 -8.067742 -8.258064 -8.145162 -8.154839 -8.080646 -7.877419 -7.870968 -8.187097 -8.106452 -7.967742 -7.864516 -8.096774 -8.16129 -8.290322 -8.693548 -8.625807 -8.077419 -8.390323 -8.748387 -8.867742 -9.912903 -11.07097 -12.15806 -10.91613 -11.03871 -10.76774 -10.42581 -10.40968 -10.4 -9.929032 -10.45806 -9.058064 -8.387096 -8.174193 -8.041936 -7.66129 -7.077419 -6.822581 -6.764516 -6.83871 -6.012903 -5.480645 -6.358065 -7.809678 -6.529032 -6.032258 -5.1 -3.619355 -3.1 -3.912903 -4.829032 -4.232258 -3.6 -9999 -9999 -9999 -9999 -9999 -9999
-7.690322 -7.774194 -7.812903 -7.803226 -7.774194 -7.916129 -7.693548 -7.719355 -7.870968 -8.119355 -8.261291 -8.264516 -8.419354 -8.13871 -8.154839 -7.896774 -8.045161 -8.483871 -8.609677 -8.487097 -8.674193 -9.483871 -9.012903 -8.454839 -8.429032 -8.82258 -9.080646 -9.238709 -8.441936 -8.535484 -8.7 -10 -10.53226 -10.94516 -13.00968 -11.46774 -10.69032 -10.13548 -10.4871 -10.94839 -10.30323 -10.81613 -8.877419 -8.248387 -8.293549 -7.880645 -7.06129 -6.487097 -6.916129 -7.390323 -6.893548 -5.693548 -5.851613 -7.351613 -8.035484 -6.27742 -5.290323 -5.290323 -3.493548 -2.832258 -3.567742 -4.216129 -3.570968 -2.745161 -2.564516 -9999 -9999 -9999 -9999 -9999
-7.593548 -7.645161 -7.541935 -7.522581 -7.687097 -7.709677 -7.880645 -7.770968 -7.712903 -8.112904 -8.251613 -7.983871 -8.196774 -9.367742 -8.738709 -8.058064 -8.277419 -8.738709 -8.7 -8.32258 -8.296774 -8.280645 -8.296774 -7.951613 -8.196774 -9.009678 -9.690323 -10.02258 -9.629032 -9.745161 -9.729033 -9.941936 -10.38064 -11 -12.23226 -11.10968 -10.95806 -11.49677 -12.07419 -11.69355 -10.93226 -11.71613 -10.58065 -9.5 -9.829032 -9.851613 -9.17742 -8.067742 -5.983871 -5.148387 -5.864516 -6.064516 -7.580645 -8.5 -7.77742 -6.790323 -5.345161 -4.419355 -2.883871 -3.612903 -4.370968 -4.212903 -3.729032 -3.212903 -2.541935 -1.774194 -9999 -9999 -9999 -9999
