features/re_bio19.asc
ncols         768
nrows         589
xllcorner     124.299398925
yllcorner     32.893460211367
cellsize      0.010567299164062
NODATA_value  -9999
[rows 340 to 373 of 589, columns 385 to 461 of 768]
-9999 152.7 150.5 150 149.7 150.7 150.7 147.6 146 147.9 147.9 149 150.2 150.1 151 160.5 168.4 165.7 155.9 153.5 157.8 161.3 161.2 156.1 153.6 149.3 148.3 146.3 138.7 140.9 144.4 143.3 144 139.4 138.7 139.6 142.1 145.4 141.1 138.3 139 141.8 144.5 148.8 150.9 150.4 146.9 143.1 151.6 148.8 160.6 162.5 163.7 159.9 161.3 171.8 178.9 176.5 178.2 180.7 182 174.1 168.7 167.7 168.7 181.5 192.5 177.6 164.5 162 163 162.5 163.5 168.7 168.7 165.9 161.8
152.8 152.5 152 149.7 149 149.9 149.2 147 151.5 151.5 151 150.7 151.6 152.1 150.8 160.5 169.1 168.5 156.3 156.9 166.7 171.2 163.1 158.7 156.9 150.2 150.5 151 143.1 140.3 140.6 143.1 148.1 143.9 142.2 142.1 142.6 144.3 140.8 140.2 139.4 140.3 143.5 145.4 148.4 143 142.5 142.4 164.5 162.2 163.6 171.9 170.1 161.7 161.7 171.1 177.7 184 183.1 188.6 175.7 168.2 170.4 179 186.3 196.2 180 163.9 159.6 159.1 160.9 162.3 162.3 163.7 162.8 165 162.8
150.9 155 154.2 157.1 155.7 -9999 150.8 150.4 150.5 155.7 154.8 155.6 155 153.7 153.3 159.5 162.2 161.6 156.7 162.3 169.7 167.2 156.2 152.7 156 155 152.6 153.1 146.3 142 140.8 142.2 150 149.4 145.3 143.7 143.6 144.4 144.4 141.3 140.9 140.4 141.2 139.9 142 140.8 141.5 144.7 169.8 168.5 163.9 171.4 178.5 171.4 164.9 172 179.6 181.3 176.4 174.8 169.9 171.1 182.3 193 196.4 186.2 167.4 159.9 160.6 161.3 159.4 159.9 161.6 162.6 164.5 167.2 165.2
152.8 156.6 162.6 161.6 160.2 157.9 152.2 152.1 154.3 152.6 160.6 160 154.8 156.5 155.9 158.3 160.1 161.8 165.3 171.2 173.9 165.2 153 151.4 150.9 156.7 157.7 156.3 148.9 145.6 143.8 143.4 149.5 154.6 149.6 145.8 145.2 145.3 144.7 144.4 142 144.7 144 143 144.3 144.8 145.7 146.8 172 169.6 166 166.3 173.7 172.4 168.2 168.2 174.1 180.2 176.9 169.2 164 168.1 180.1 188.8 186.9 175.5 167.2 168.3 169.4 167 158.6 162.2 167.9 171.5 171.9 168 169.2
154.2 160.2 161.4 160.4 157.1 153.6 153.7 158.9 160.4 154.6 160.2 158.4 156.4 154.6 155.9 158.4 165.1 172.8 176.4 176.4 178.5 172 156 153.6 151.2 151.2 153.9 159.4 152.9 148.5 150.1 158 164 153.2 151.9 148.2 148.1 146.9 145.1 145.6 142.1 141.8 149.1 143.6 146.3 155 154.3 151.7 173.8 174.8 175.5 167.6 169.2 174.8 171.9 166.4 169.7 181.9 188.5 173.8 171.8 180.1 190.5 194.6 186.2 176.4 169.7 176.7 169.1 164.3 164.9 167 175.9 178.5 180.6 179.2 175.9
155.4 160.8 159.3 -9999 157.5 154.6 154.6 155.7 158.3 155.1 158 156 154.5 153.5 155.8 160.8 164.9 170.9 169.3 167.8 168.5 169.5 163.6 157.4 158.7 156.5 152.2 152.9 149.3 149 152.2 159.1 163 163.5 156.7 150.1 148.8 149.4 148 142.5 141.7 146.6 148.8 152.7 151 157.8 153.7 152.8 172.5 176.6 181.9 171.6 173.6 178.9 175.9 172.2 173.1 172.9 180.4 167 175.4 190.4 194 187.6 180.6 177.6 177.3 170.2 165.9 164.6 170.5 170 181.2 192.1 188.2 184.7 173.5
162.1 163.3 160.6 159.4 160 162.6 161.7 158.5 160.3 158.3 156.7 157.1 158 157.3 156.6 157.7 157.6 160.2 162.9 169.8 170.9 172.9 170.7 166.7 165.4 162.4 162 152.5 149.3 149.1 150.2 153.5 158.3 166.1 163.2 156 154.4 151.4 148.3 143.6 143.2 145.4 145.4 142.9 144 146.3 155.6 162.7 180.9 174.6 176.4 176.6 177.8 179.1 182.5 187.4 187.2 178.4 169.3 174.5 186.2 186.9 178.4 172.8 172.9 174.4 175.7 168.6 164.7 167.8 168.4 172.1 181.9 192.1 192.8 187 178.5
161.9 166.4 162 163.4 164 166.2 165.2 160.3 162.6 160.4 160.4 157.4 158 158.6 159.3 159 159.8 167.6 171.1 168.5 171.2 172.3 171.1 171.7 173.4 171.2 160.1 160.5 154.6 152.4 152 152 155.5 161.3 171.4 168.5 157.8 153 150.4 146.1 146 147.2 144.6 143.6 146.3 155.2 160 163.5 179.2 178.6 176.7 179.7 185.9 187.4 188.5 186.9 184.8 179.9 171.3 179.1 193.1 182.6 174.6 170.4 168.3 166 165.9 164.2 164.2 171.2 172 172.6 177.4 188.1 192.4 188.7 175.4
163.3 170 163.3 159.5 163.4 168.2 166.4 160.6 161.1 164.3 161.8 158.6 157.5 160.8 159.8 158.8 158.8 159.9 163.9 167.4 173.8 168.7 166.9 165.7 165.7 168.6 163.5 165.8 158.8 161.6 157.4 153.7 157.9 168 169.9 164.7 164.1 156.4 152.6 151.1 150 147 144.5 144.4 148.2 153.9 155.1 157.6 177.5 187.4 180.1 187.1 196.1 179.4 175.4 176.2 173.4 172.7 178.4 180.6 186.8 191 189.6 178.1 171.3 166.3 164.4 161.3 167.9 175.6 181.9 186.1 187.3 185.4 189.6 185.8 175.6
172 171.8 163.3 161.6 163.2 -9999 163.9 161.3 162.8 165.8 161.4 159.4 159.3 160.7 160.2 161.4 162.8 162.8 165.7 170.7 168.8 172.8 169.2 164.7 163.6 164.4 158.9 157.5 153.7 159.7 157.2 155.7 162.4 175.5 170 159.8 163.3 163.5 157.4 152.4 150.1 147.4 149.5 154.3 153.7 150.1 149.9 164.6 174.1 173.7 173.1 176.1 188.4 188.5 176.4 169 167.2 170.5 177.9 185 191.4 202.1 199.8 191.1 182.1 172.1 161.8 164.4 175.5 188.2 180.2 192.7 199.3 203.7 190.9 171.6 169.5
174.8 170.3 165.4 166.7 169.6 166.4 162.1 162.9 165.9 165.1 161.6 161.3 160.5 158.7 159.7 160.6 160.2 163.6 172.2 175.4 175.4 176.2 174.1 167.3 159.2 165.2 171.5 160.5 159.1 155.5 160.3 161.3 162.2 164.6 163.8 159.2 156.2 157.9 156.8 155 151.3 148.8 152.2 155.8 153.3 155.6 163.5 165.9 167.8 167.8 173.6 182.5 188.9 183.2 172.9 167.6 172.8 181.9 187.1 188.6 197.7 193.1 200.1 190 181.5 172.8 163.3 168.3 181.2 198.7 194.7 200.3 210.1 213.8 192.6 172.7 170.4
171.7 172.4 166.4 167.9 170.2 168.7 -9999 162.6 166.9 166.3 162.4 160 160.6 159.1 159.6 159.4 160.5 166 171.3 179.2 171 166.6 167.7 164.7 162.9 167.2 163.5 157.2 154.6 157.6 156.5 155.8 156.3 158.1 158.7 157.3 156.4 154.5 152 151.9 150.5 149.6 153.4 158.5 163.9 169.3 164.1 167.5 168.4 170.1 179.8 187 196.2 181.4 165.7 172.4 186.2 189.6 191.8 194 189.4 179.1 183.6 189.4 184 173.4 167.1 175.6 182.6 208.5 219 227 230.3 218.8 188.4 174.3 172.2
167.4 166.7 171.2 173.8 170.2 167 166.3 163.7 163 162.3 160.6 -9999 160 159.6 160.2 159.7 160.3 163.9 166 171 163.4 -9999 164.6 163.1 164.2 168.7 174.2 164 162.4 157 153.5 155.9 155.3 156 156.6 157.6 162.8 153.2 151.5 150.1 150 150.9 152.6 155.8 164.3 166.7 -9999 165.2 168.3 172 178 185.1 193.1 176.8 170.6 174.4 175.3 182 194.2 200 184.6 173 175.3 178.2 179.3 172.3 169 178.6 179.4 192.1 213.3 229.1 223.2 201.3 182.6 175.9 174.3
166.9 167.8 163.7 167.2 168.7 166 164 161.2 159.8 -9999 160.2 159.4 160 159.4 159.5 159.7 159.6 -9999 -9999 -9999 -9999 160.3 162.5 162.4 164.9 168.2 172.1 -9999 -9999 -9999 153.5 -9999 155.8 156.8 154.2 153.8 151.6 153 151.5 154.8 155.4 152.8 -9999 164.2 -9999 164.3 163.5 165.7 168.7 173.6 176.4 179.2 184.9 164.3 182.3 183.9 185.3 185.9 191.2 201.3 198.2 185.6 172.9 168.2 171.9 170.6 174.2 177.8 181.7 191.2 211.6 211.1 201.3 195.7 185.2 176.5 174.3
171.5 165.4 169.4 164.4 164.1 164.2 161.8 162.6 165.9 167 164.9 159.2 159.6 160.1 159.7 159.9 159.7 160 160 157.2 158.5 160.1 162.5 162.7 161.5 164.4 168 169 166.8 166 158.2 158.3 158.4 -9999 159.9 159.9 165.6 165.7 151.6 151.2 163.5 -9999 163.9 165 165.3 163.2 163.8 166.7 170.9 -9999 -9999 -9999 170.2 163.8 180.4 195.8 208.4 197.6 193.7 193.5 190.4 193.7 182.7 168.1 168 165.9 177.9 185.3 187.7 191.5 200.9 199.7 196.3 182.6 178.8 174.9 175.9
168.9 167.3 166.9 168.8 165.4 -9999 161.5 160.5 160.3 160.6 162.8 161.9 160.7 160.2 158.7 160.9 160.6 158.5 160.9 159 161.9 164.8 165.6 162.7 167.2 168.8 167 168.8 168.5 173.6 158.9 169.4 161 162.4 -9999 166.6 164.7 166.1 163.6 161.7 162.3 163.7 164.2 166.1 167.6 166.3 166 165.7 178.4 172.2 167.5 166 166.6 164.7 175 185.5 197.4 183.7 170 165.9 166.3 175.9 175.8 167.5 164.9 164.9 173.5 176.2 184.7 202.4 200.4 193 201.3 181.8 177.8 178.2 178.5
169.1 167.3 164.7 164.1 162.5 162.3 160.9 160.2 159.5 161.7 164.7 163.8 163.1 161.3 158.1 158.1 157.9 160.5 168.2 172.8 173.1 166 164.7 167.1 169.9 171.1 168.9 170.7 172.2 173.7 172.4 171.3 171.1 171.7 171.8 170.4 165.2 164.3 164.3 -9999 164 163.8 164.1 166.1 168.9 173 166.8 165.5 191.5 179.3 168.6 169.8 172.1 161.3 161.3 168.2 178.8 178.4 162.8 156.1 163.9 175.6 182.2 175.7 170 170.2 177.5 180.8 190.5 205.2 200.9 197 189.9 179.8 174.7 176.2 186
166.2 164.5 165.1 165.2 164 161.2 160.8 162.6 163.3 162.5 161.5 161.2 161.6 160.9 160.6 159.8 158.9 163.3 169.9 172.3 174.5 168.3 169.2 165.3 164.6 165.6 169.6 174.9 173.7 173.8 170.2 171.6 171 170.5 172 174 172.9 170.2 170.1 167.6 166.6 166.3 165.7 165.6 165.5 167.3 172 166.3 209.5 195.9 171.3 173.7 183.9 176.5 171 -9999 164.1 159.4 160 165.7 176.9 181.2 176.3 170.6 171.4 171.8 186.1 185.2 188.8 198.1 204.3 196.7 192.3 195.5 196.8 204.5 195.2
167.7 163.9 164.4 164.8 165.1 163.9 165.1 165.2 166.3 166.8 165.5 163.6 168.2 163.3 161.6 164.8 165 164.1 171.3 181.7 188.3 168.4 167.8 166.5 166.7 165.5 168.8 172.2 173.5 177.4 171.1 171.9 170.5 171.2 171.4 173.2 172.9 170.3 170.3 171.4 169.6 168.7 168.2 167.3 166.8 167.2 166.4 164.2 186.9 177.9 174.4 176.9 179.1 177.3 177 165.2 173.3 167.8 165.7 178.3 181.6 172.7 166.9 167.3 171.7 178.4 186.1 187.7 191.7 194.7 197.9 207.7 195.2 194.3 194.8 204.6 198
168.8 166.7 164.7 165.5 165.7 165.6 169.4 172 171.9 171 170.1 169.4 170.1 165.6 163.9 162.9 165.8 167.3 170.3 174.3 174.4 170.6 176.5 168.6 167.4 165.8 167.8 170.7 173.4 175.5 173 171.7 172.5 172.2 172.4 172.2 172.8 171.7 170.5 172.4 170.1 171.1 172 169.8 166.1 165.6 166.4 167.5 168.2 176.1 185.5 181 173.7 173.5 167.3 167 164.9 -9999 166.1 181.9 180 171.7 174.7 174.2 175.4 185.8 187.3 184.2 189.8 195.8 197.6 198.7 190.8 200.2 196.4 208.3 204.4
168.2 167.4 166.5 167.6 166.1 165.9 168.2 173.3 171.3 170.7 174.5 176 170.3 166.3 164.4 165.1 166.9 170.1 180.4 188.1 185.6 181.2 180 170.6 167.6 171.1 174.6 176.8 176.9 174.4 173.4 173.2 173.6 173.3 173 172.6 173.7 175.1 173.7 173.7 172.1 175.3 176.3 173.3 168.6 168 171.4 177.3 177 180.4 180.3 178 177.4 174.3 171 177 185.5 -9999 170.6 170.4 175.4 178.7 178.2 177 178.5 192.7 200.6 191.1 190.1 195.9 198.7 192.3 190.7 198.9 206.7 210.9 211.2
172.9 171.8 168.7 167.8 166.2 166.6 166.5 169.7 173.3 177.6 181.4 180.2 173.9 166.6 166.3 166 169.8 170.4 179.2 197.7 205.4 193.4 182.4 177.6 181.3 181.8 179.1 177.7 173.6 173.4 176.3 175.3 173.9 177.2 181.6 179.3 177.2 178.5 174 175.6 174 178.8 177.6 175.9 174 173.2 174.6 177.7 184.1 181.8 182.1 180.7 180.4 178.2 178.8 187.1 183 180.9 188.6 185 181.9 182.9 181 179.2 184.3 200.3 225.8 207.4 197 196.6 197 192.7 192.7 205.3 207.1 207 206.8
176.9 178.5 173.5 166.7 166.1 166.8 167.7 169.7 176.7 181.9 184.4 181.6 176.7 170 168 169.8 175 178.6 180.7 184.1 192.1 200.5 190.4 185.7 186.4 181.5 181.9 190.8 193.3 185.7 177.1 177.8 174.9 175.5 177.1 178 179.4 179.8 177.4 176.4 175.7 178.2 178.4 181.3 183.9 181.2 180.2 182.5 183.4 183.3 190.2 191.5 190.8 185 183.7 197.5 196.5 195.7 207.5 -9999 184.8 182.8 181.7 182.5 191.7 210.4 228.6 220.8 212.1 202.8 196 194 196.3 207.7 211 204.1 203.1
176 174.9 171.2 167.7 167.3 167.3 168.5 169.7 180.2 182 179.8 180.7 183.7 179.8 179.6 177.1 177.4 183.5 192.2 199.2 202.6 203.8 208.2 202 197.3 186.8 186.3 189.3 191.4 185.2 181.2 179.9 179.3 177.6 177.7 180.1 186.9 187.7 179.2 176.3 175 185.6 185.1 190.2 191.7 184.6 180.5 184.7 181.7 193.9 192.5 195.8 203 201.9 198.3 203.9 203.6 205.6 201.7 188.8 184.4 -9999 182.1 187.2 200.3 213.7 231 222.2 210 203 200.2 198 198.7 209.3 210.9 206.2 198.2
180.2 176.4 171 170.5 169.3 169.4 170.8 179.8 175 180.1 183.5 182.3 180.9 187 187.9 183.9 179.4 186 190.4 198 207.5 207.9 209.2 208.7 197.7 188.9 186.2 185.7 183.6 184.3 187.3 200.5 189.5 181.2 181.8 186.8 183.7 175.8 173.9 174.8 176 189.5 198.9 198.2 195.3 191.7 187.1 186.7 182.5 192.5 195.7 197.9 205.3 211.3 208.6 205.2 204.2 199.5 195.5 189.9 186 184 183.9 188.9 201.6 218.9 238.9 222.1 210.6 203.2 200.9 199.5 197.8 206.1 214.3 209.5 198.6
179.9 176.3 171.8 170.6 170.8 169 170.3 174.2 178.1 176.8 183.8 189.4 194.9 201.3 186.9 186.9 187 187.7 192.2 200.1 204.8 202.3 201.9 -9999 189.8 186.6 187 184.1 182.7 184.8 192.2 199.9 200.8 187.1 189.1 185.2 179.6 177.5 175.6 173.8 178.6 190.3 194.4 190.8 183.3 179.7 178.1 182.4 185.8 188.7 199.7 193.8 193.6 203.7 206.7 202.5 201 190.2 204.7 192.9 -9999 188.1 188.3 194.5 208.3 220 230.9 234.9 214.7 203 200.2 198.6 200.5 208.9 214.8 206.9 203.1
178 178.7 176.2 174 174.6 170.8 170.9 173.8 176.7 179 180.3 190.8 202.4 190.7 189.9 191.6 201.7 193.6 193.3 199.6 199.3 192.1 192.7 -9999 -9999 190.3 190.7 186.1 182.9 181.3 183.5 185.4 194.2 192.1 199.5 189.9 180.3 178.7 177.2 174.6 178 189.2 196.1 194 191.2 184.5 177.4 181 184.8 184 196.2 189.9 187.2 197.7 203.8 199.4 192 191.2 201.1 194.2 -9999 190.8 191 198.4 206 207 219.9 232.5 218.8 208.6 205 204.9 205.2 206.2 214.8 221.9 204.6
180.5 179 178 178.1 177.4 174 173.6 176.4 184.2 188 182.4 189.5 197.7 202.6 192.1 212.9 202.8 197.2 194.7 195.6 193.5 188.4 187.8 200.9 199.9 -9999 -9999 188.3 185.3 184 178.9 182.6 185.6 190.6 205.5 197.1 186.3 182.7 180.6 178.6 177.2 189.5 191.5 182.1 182.4 181.1 177.7 178.1 182.7 181.1 187.4 186.8 185.1 188.6 193.7 194.5 190.7 192.3 193.1 194 192.7 192.2 192.9 195.4 202.6 215.7 227.7 221.4 212 207.5 212.2 211.4 207.9 209.4 210.9 210.5 205.9
185 183.3 184.2 186.5 185.5 179.7 178.7 179.3 185.9 200 206.5 213.1 214.2 199.5 197.9 211.5 228.6 220.6 214.4 205.4 197.7 192 189.6 -9999 208.5 -9999 191.5 186.9 187.2 187.4 181.5 183.1 183.7 193.9 207.9 203.4 197.7 192.1 186.2 182.8 182.6 187.5 185.7 182.6 180.8 180.4 178.9 179.9 184.6 182.4 186.9 186.1 184.1 186.1 189.2 191.9 192.2 192.4 191.2 192 192.3 191.5 192.8 200.1 208.4 218.7 232.7 222.2 209.5 207.1 215.4 213.8 206.8 205.1 207.9 202.8 199.1
190.4 192 200.8 201.5 195.1 191.3 188.1 184.7 187.1 197.7 209.2 226.5 227.5 216.1 217.2 226.5 239.5 246.5 222.6 207.2 -9999 196.8 -9999 -9999 -9999 204.2 194.7 188.6 184.2 184.5 179.4 182.7 184.8 189.4 205.5 206.7 211.2 209.5 201.2 195.6 193.3 189.9 186.7 182.3 181.7 181.8 180.4 180.7 184.6 186.4 185.6 184.5 189.3 188.7 187.6 189.8 191.9 192.7 191.3 191.1 190.9 190.3 191 197 202.7 208.7 224.4 217.7 205.8 206.3 208.4 207.4 206 205.4 204.2 201.8 206.1
196.6 197.8 211.9 219.3 214.3 206.1 194.4 187.7 190.6 192.7 199.6 212.1 235.1 228 210.7 218.8 251.2 261 232.6 214.2 -9999 -9999 -9999 -9999 -9999 209 196.6 193 189.4 190.2 182.5 182.7 184.9 189.3 204.2 219.5 227.9 230.4 225.2 217.1 206.9 197.3 187.9 187.8 185.9 184.9 185.5 186.1 189.2 188.3 186.5 187.9 190.9 193.5 193.8 193 193.4 191.4 -9999 189.9 190.1 192.1 194.2 201.1 203.9 206.1 211.1 206.6 205.3 207.2 207.6 208.6 206.3 204.8 209.9 218.9 226.2
203.2 206.9 209.5 218 230.9 227.6 203.3 193.4 208.7 199.5 201.8 214.7 237.3 230.9 217.2 218 235.2 245.3 229.2 -9999 -9999 -9999 -9999 199.9 199.3 203.9 197.9 206.5 204.5 199 189.1 188.7 187.6 186.6 195.1 217 221.3 232.7 229.6 220.1 215.8 204 192.9 191.9 191 187.5 189.8 190.4 190.5 190.7 188 188.9 191.1 192 193.3 193.8 193.8 -9999 194 194.4 193.6 196.2 198.5 213.1 217.2 215.9 207.7 205 204.8 205.1 205.6 204 203.5 206.7 217.2 227.8 226.2
200.3 207.4 203.9 220.8 240.8 239.8 222.6 211.2 230 223.6 209.6 226 250 235 239.5 234.3 227.5 -9999 -9999 -9999 -9999 -9999 -9999 200.1 199.3 198.8 202 203 211.2 211.5 201.5 198.2 192.6 192.2 193.5 200.5 211.6 218.7 218.9 212.6 206.9 200.7 196 199.9 193.4 188.1 190.1 192.3 191 191.8 192 192.5 193.4 193.3 193.7 193.7 194.2 194.1 196 198.3 196.6 206.3 209.6 225.2 221.9 213.1 206 203.9 203.7 -9999 205 204 203 208.3 218.5 225.2 218.5
205.7 209.5 209.5 216 231.1 241.4 233.7 222.7 226.6 237.8 208.8 214.3 234.7 248 255.6 238.9 232.7 221 -9999 -9999 -9999 -9999 -9999 201.6 201.5 206.2 210.7 205.5 214.9 230.7 222.4 209.1 204.3 205.3 206.1 209.5 221.7 221.1 220.5 217.3 208.6 198.1 196.9 199.7 193.9 190.6 194.7 195.6 195.2 195.9 -9999 -9999 197.8 197.3 197.7 197.1 196.8 197.6 198.8 199 197.8 208 213.9 223.5 216.6 208.3 203.7 203 202.8 204 206.5 204.2 202.5 205 209.6 212.3 211.6
