features/re_bio13.asc
ncols         768
nrows         589
xllcorner     124.299398925
yllcorner     32.893460211367
cellsize      0.010567299164062
NODATA_value  -9999
[rows 245 to 279 of 589, columns 308 to 384 of 768]
406.3 408.8 419.9 420.3 421.6 421.1 420.1 428 430.1 429.9 427.1 427.3 428.7 426.5 423.9 420.6 419.8 421.2 424.9 429.7 426.7 437.3 432.4 438.3 448.7 448.7 445.9 448.7 459.1 462.9 463 466.5 473.8 479.2 479.4 472.6 466.3 488.7 488.9 479.7 486.5 500.6 502.9 499.7 507.1 514 518.2 526.2 526.7 523.1 527.4 538.4 552.4 553.5 556 560 565.7 572.3 569.9 574.3 586.7 588.3 587.9 587 586.9 590.7 592 593 589 593.6 597 593.9 597 587.3 585.6 583.2 577.4
407.3 412 420.9 418 417.3 419.9 420 431.7 434 433.2 434.5 435 433 430.1 432.7 427.9 426.9 424 428.1 430.8 434.7 451.4 449.4 445.3 453.2 453.1 452.6 458.4 462.3 466.5 463.3 472.8 473.6 474.1 479 480 477.7 489.8 499.1 501.9 509.3 517.1 517.1 517.5 522.7 532.4 551.7 562 552.9 542.8 544.8 556.4 557.5 562.4 577.1 580.8 578.2 580.2 581.7 585.9 597.6 602.6 606.9 610.9 611.5 611.9 614.9 619.4 608.8 606.3 606.9 605.9 596 592.9 588 593.8 590
411.4 414.9 422.5 421.7 416.6 417.3 426.5 433.9 435 435 439.3 439.2 434 431.2 433.1 433.3 429.6 429 433.3 436.4 444.4 460.4 460.6 460.4 459.3 459.6 463.5 467.6 468.7 468.6 475.3 483.4 484.3 488 498.9 502.1 503.4 517.7 525.8 523 531.6 543.1 547.1 547.1 557 569 574.3 583.4 581.3 573.4 569.2 570.1 578 584.7 593.1 594 592.2 595.1 601 606 613.9 620.2 624.2 632.7 638.6 639.5 638.8 647.4 629 625.3 621.7 620.7 608.3 602.5 597.3 599.9 592.7
414.6 418.9 420 422.2 419 418.4 430.1 431.4 441.5 444.7 444.7 445.2 440.3 431.8 432.7 435.7 437.5 436.1 437.8 444.9 452.2 463.2 461.4 471.6 470.2 470.5 476.9 481.4 477.8 474.3 487.6 487.9 491.5 500 512.5 521.7 521.4 544.5 541.5 539.7 547.1 549.8 546.3 547.4 551.5 564.5 574.5 588.5 585.9 578 576.8 584.3 602.7 595.7 602.8 600.4 605.2 613.4 621.7 628.6 630.6 634.9 637.8 643.6 650.5 654.8 656.8 665.9 647.7 640.5 634.9 630 619.4 614 606.4 606.3 598.1
418.2 417.7 426 424.9 419.4 420.3 426.8 427.5 435.7 443 443.4 447.3 447.4 442 440.9 439.6 440.7 440.6 443.2 454 457.3 461.4 465.3 479.5 475.6 474.4 478.3 481.9 482.7 484.8 490.9 497.6 501 507.4 515.1 524.6 530.9 554.5 543.3 545.7 556.2 562.2 559.6 557.8 566.3 561.6 577.1 581.8 582 581.6 589.2 605.6 617.5 608.5 612 614.5 620 630.8 644.7 647.2 639.2 643.6 650.7 657.3 661.7 663.3 663.6 666.4 658.6 652.3 646.5 641.2 627.4 620.7 612.7 604.7 603.2
415.9 420.3 417.3 422.5 424.9 424.1 427 427.9 434.8 448.4 446.9 448.3 448.4 442.8 440.8 441.9 443.4 444.7 447.7 459 458.7 464 469.6 482.1 480.8 479.6 485.6 493.9 498.9 501.7 506.3 507.1 511.2 516.2 523.1 531.1 535.3 548.3 547.4 553.3 560.3 564.5 564.6 564.4 570.6 577.8 577.7 580.9 591.6 592.2 596.7 610.9 615 621.9 622.4 627.6 634.4 641 645.6 649.7 650.3 651.2 658.7 665.8 671.9 674.6 674.1 672.4 668.5 664.1 666.3 657.1 634.6 626.3 621 604.4 604.5
415.5 413.8 415.1 415 419 428.9 439 441.3 449.2 451.8 450.9 451.5 453.7 452.2 447.2 447.3 454.3 453.7 453.1 460.5 462.9 465.3 469 476.1 478.6 483.9 492.8 500.6 504.7 508.1 520.7 523 532.9 535.8 536.1 543.1 552.3 571.9 564.5 570.8 563.3 566.5 576.8 584.7 587 585.3 588.1 586 592.9 599 612.8 624.6 618.8 621.3 632 634.9 645.1 650.6 650 653.5 659.4 664.7 672.1 677.1 680.1 686.4 690.5 686 685.9 682.4 680.6 682.8 651.5 636.6 620.8 608 597.3
408.9 408 411.6 411.3 417.3 429.3 441.6 450.1 448.3 455 450.6 451.9 453 451.4 450.1 448.9 451.7 452 453.6 461.2 462.9 467.3 468.7 471.2 473.6 480.9 484.7 486.5 490.8 497 499.1 504.2 515.6 517.9 518.6 528.1 539.4 559.8 557.3 563.6 564.6 563.9 570.6 581.8 586.7 579.4 578.3 585.1 594 602.6 611.3 619.7 627.2 635.5 625.1 635.2 652.7 653.2 645.8 650.2 658.4 663.6 672 677.8 683 688.7 692.6 691.9 684.4 689.9 689.6 684.8 653.1 637.5 620.5 609.1 596.5
403.4 403.9 408.7 408.9 414.8 424.9 437 448.2 445.6 453.5 449.9 449 450.7 451.1 448.5 449.1 453.9 448.8 451.3 457 461.2 468.7 478.7 478.2 475.4 474.2 477.2 482 484.7 490.2 503.4 496.1 509.5 516.1 529.2 531.8 531.7 548 552.7 557.9 566.1 564.7 568.6 574 571.4 569.5 583.9 587 591.8 601.9 604.9 611.1 630.4 635.8 622.4 626.3 644.1 644.1 637 643 650.3 658.1 667.1 675.3 679.7 681.8 682.5 681.6 680.5 690.9 681.3 672.3 652.7 636.8 621.3 605.5 591.6
398.8 400.3 405.4 408.4 414 421.6 431.9 445.2 444.1 439.1 445.4 443.9 445.1 447.6 446.9 447.6 447.5 446.7 446.8 453.2 457.6 461.5 463.2 464.3 467.8 469.5 472 474.2 482.3 493.4 497.8 501.5 512.2 527.9 530.8 528.2 528.1 540.5 546.2 558.1 560.1 560.5 565 566.1 562.5 565.5 576.2 576.8 575.5 584.2 590.2 602.1 623.5 624.9 612.2 610.5 623 625 624.4 632.7 640.6 646.3 654.9 662.3 671.1 674.3 673.8 672.2 670.6 671.1 665.2 660.2 642.1 623.7 611.8 600 587.5
395.8 396.9 402.1 403.5 411 418.1 425 436.7 441.1 430.2 442.3 439.4 440.2 445.3 447.8 448.5 452.4 446.9 443.8 448.6 451.7 453.8 456.5 459.5 464.3 466.9 471.1 472.7 473.8 478.9 487.2 499.2 513.8 524.3 529.2 523.2 519.5 531.1 537.7 555.2 549.1 550.9 548.9 547.4 548.1 550.5 557.5 565.8 566.5 567.4 578.5 592.3 599.6 597.4 599.3 592.5 599 603.2 607.8 616.5 625.3 633.7 641.7 651.3 669 667.3 659.7 658.6 657.2 655.2 653.1 648.4 624.1 613 606.2 601.2 588
387.9 390.7 401 403.7 409.9 415.5 418.3 425.2 437.6 427.3 437.5 429.6 429.7 437.2 446.9 455.9 460.3 442.9 438.9 442.3 446.1 452.2 459.8 461.2 469 468.8 462.2 466.8 474.7 479.7 483.3 484.7 486.8 504.2 514.5 513.4 510.4 522.1 538.7 533.7 534 534.3 538.4 541.2 538 533.3 540.3 554.1 554.9 551.9 556.1 561.9 566.7 569.8 569.9 574.2 577.3 582.8 590.6 599.5 610.3 628 637 640.8 644.8 644.7 643.3 640.5 635.4 635.1 633.4 623.1 612.1 604.9 597.7 586.1 578.8
381.6 383.4 392.7 400.4 408.4 409.9 411.8 423.7 435.3 423.5 429.9 420.1 419.5 426.4 435.1 442.1 443.6 433.5 432.3 440.1 448.7 453.7 454.2 454.9 457.5 450.4 453.7 462.5 470.1 476.2 482 479.3 474.1 483.9 498.1 502.6 501.4 509.7 514.3 516.5 517.4 522.1 525.9 520.1 514.7 516.1 519.4 529 523.2 537.9 537.1 536.2 542.3 550 563 564.8 561.5 565.8 571.9 579.5 592.6 612.3 629.9 633.4 633.6 630.9 625.6 621.2 618.4 617.8 617.2 611.1 599.6 593.4 586.7 581.3 573.8
375.7 373.5 391.1 404 405.4 404.9 408.4 418.4 429.5 417.9 411.7 411.2 418 425.2 429.6 429.9 427.9 425.4 424.9 438 448.2 449.2 444.2 446.3 452.6 444.3 445.5 448.9 454 458.4 459.3 457.7 465 478.9 492.1 495.7 493.4 499.3 494.9 496.3 498.2 496.8 498.1 500.1 500.2 499.3 501.9 513.8 516.6 515.9 526.8 532.8 530.4 533.9 542 540.5 543.3 544.5 549.5 558 573.7 596.7 618 616.3 607.6 607.3 603.7 599.3 600.3 603.2 603.2 599.7 585.4 582.3 580.3 576.3 571.7
367.1 368 375.8 380.3 385.4 396.8 407.9 409.2 404.9 404.9 405.8 408.6 412.5 416.5 420.1 425.1 431 430.9 420.8 437.1 443.9 440.5 434.9 435.1 442.2 442 442.7 440.1 439.6 446.4 454.8 456.8 465.5 470 475.9 474.9 476 478 480.7 478.8 481.6 484.7 485.4 486.2 489.1 489.7 485 490.8 503.1 511.8 513.8 513.2 517 517.3 515.2 519.3 521.2 521.6 528.2 537.2 553.7 575 580.1 580 585.3 582 578.7 578.2 581.9 587 584.4 578.2 570.9 569.2 569.7 568.5 567.3
364.5 366.9 369.7 376.9 381.9 384.6 389.4 397.1 399.9 398.8 399.9 402.8 406.3 407.8 409.6 417.4 427.4 419 415.4 435.6 435.5 433.8 433.4 433.7 439.3 430.5 433.5 439 437.8 442.4 453.5 459.7 461.2 460.4 460.1 461.8 465.2 464.6 465.7 468.2 470.6 472.9 474.3 470.5 470.9 472.2 467 477.4 495.7 487 485.7 485.6 486 487.1 502 498 497.9 501.6 519.5 531.7 538.2 545.8 547.7 550.3 556.5 557 557.7 563.7 570.5 571 566.3 556.9 556.9 556.4 556.8 556.5 558.1
371 363.9 363.5 371.2 376.1 382.2 393.8 399.4 391.3 402.1 402.8 405.4 403 401.6 403.8 409.3 413.8 411.8 412.7 427.5 425.6 429.5 434.8 426.1 429.1 419.9 420.3 426.7 428.6 433 440.3 445.9 453.3 466 461.7 460 455.4 453.4 452.1 453.9 453.5 458.7 462.6 460.3 453.2 454 461.9 459.4 477 469.5 462.1 464.5 467.3 470 476.2 477.1 479.8 486.5 503.1 523.3 538.6 542.7 536.6 540.7 536 536.1 543.5 557.8 564.6 557.6 550.6 540.8 547 547.9 549 553.1 556.5
364.2 359.5 373.4 382.3 380.4 386.2 389 387.9 389.6 388.1 393.4 404.1 399.7 397.9 402.9 412.5 420.7 415.6 411.7 420.7 419.8 416.9 415.9 413.5 414.2 417.4 415 417.9 421.9 429.2 434 434.6 440.5 450 452.5 449.8 445.5 439.5 439.5 441 442.3 451 453.3 449 447.3 452.2 462.7 461.1 460.6 465.1 453.4 449.2 450.9 454.4 460.6 462.6 466.2 476.9 492.4 510.6 532.7 547 543 539.5 520.8 521.4 529.9 542.8 548.2 539.5 532 527.9 538.7 542.8 546.2 553.4 561.6
357.9 356.1 371.7 381.3 389.6 382.4 382.2 390.5 393.8 389.6 394.4 393.9 396.9 398.2 403.9 407.3 405 411.6 400.7 410.6 413.4 409.5 405.8 406.3 406.5 407.6 408 410.6 417.5 424.2 432 436.1 431.6 436.8 432.1 431 432.6 432.4 431.1 431 433.3 441.2 438.7 438.9 443.5 454.9 460.7 458.1 456.9 454.6 440.5 437.2 438.5 441 446.3 451.8 459.6 475.3 488.9 507.4 533.4 540.3 518.8 507.8 505.3 520.9 527.6 523.6 518.6 518.5 520 521.2 527 535.3 540.4 547.1 556.6
349 350.9 367.9 377.9 389.7 383.7 380.1 383.4 387.3 393.9 395.4 396.3 399.8 398.8 400 403.1 403.1 402.5 400.9 406.9 403.1 401.1 402.8 404.9 405.2 407 406.4 407.8 410.5 419.3 428.9 431.2 423.2 422.4 423.1 431 439.4 429.3 426 427.5 424.1 427.8 427.9 434.3 440.9 448.7 452.8 448 453 437.6 430.6 438.8 445.5 441.6 440.1 446.5 459.2 470.5 480.5 496.2 510.8 513.8 503.4 494 502.8 532.4 526.9 517.2 512.2 509 511 513.8 521.1 524.6 530.5 538.6 546.2
349 351.6 371.9 373.6 379.6 379.7 375.7 380.2 394.7 405.9 412.1 406 399.7 397 402.4 406.4 402 397.9 401 399.7 401.1 401 402.1 403.9 405.3 405.4 404.5 410.7 417.2 417 417.5 421 420.9 413.8 424.4 442.1 446 433.9 422.1 420 419.1 420.8 422.5 428.5 434.7 440.1 442.4 444.4 449.7 437.1 429.1 440.9 449.9 442.9 437.7 445 454.3 460.2 465.1 479.4 488.7 487.9 486.5 488.1 498.6 528.5 520.7 517.4 513.8 507.7 505.9 508.6 -9999 518.7 526.8 530.5 532.7
351.1 353.9 369.7 366.2 369.8 373.2 373.7 378.9 391.3 403.8 410.3 398.7 401.3 397.1 398.8 402.8 403.6 401.2 397.3 404.4 406.3 403.7 403.7 410.2 418.7 416.3 410.9 421 426.5 419.3 412.3 409.9 410.7 420.1 430.1 443.3 448.6 426.7 417.7 415.9 418.4 420 432.8 430.8 434.4 435.5 434.9 438 435.7 430.3 424.9 430.1 436.3 435.5 442.3 449.5 460.2 471.8 475.3 486.2 493.9 493.2 490.3 493.9 495 515.1 515.7 514.1 510.6 504.7 500.9 503.9 512.4 513.7 517.5 523.1 531.6
353.9 357.7 364.9 367.3 371.6 375 376.3 378.2 386.1 398.7 402.7 395.2 397.8 399.9 399.4 399.8 399.5 398.2 402.9 409.4 406 405.7 408 412.9 416.7 412.6 413.1 412.8 418 415.9 408.4 407.6 412.7 423.1 444 441.3 428.5 420.3 418.7 414 416 419.4 425.6 422.7 423.9 427.5 433.3 438.5 433.7 425 425.4 427.4 430.7 434.3 444 452.6 460.5 484.5 490.8 498.6 501.3 499.1 499.2 498 496.9 502.1 505.2 513.7 512.6 502.6 496.6 497.4 505.3 507.8 -9999 515.8 527.1
361.9 364.3 363.9 368.6 372.6 376.1 377.7 379.5 383.1 387.9 395.1 402.2 402.1 403.4 398.5 405.9 409.9 400.8 408.6 409.6 410.4 412.3 411.1 410.6 413.7 411.3 403.4 411.4 418.4 417.5 409.8 409.6 422.3 435.5 424.8 417.3 413.9 408.7 410.8 413.2 411.7 412.1 428.7 429.4 428.3 431.9 435.7 435.1 429.8 423.1 426.1 428 431.3 435.5 446.3 455.3 465.9 487.2 491.9 497.9 496.7 495.5 499.9 503.4 494.3 485.9 494.4 499.2 497.1 494.2 495 498.1 509.9 508.7 508.2 510.5 515.1
373.2 390.5 369.2 371.1 375 375.5 377.2 379 380.8 383.6 389.5 406.1 390.6 394.2 396.9 397.2 396.4 396.8 403 408.9 412.1 406.3 407.1 409.6 408.6 407.5 405.6 410 406 409.7 408.8 413.9 425.5 426.5 412 418.6 418.8 414.2 411.5 412.2 422.2 439.5 422.3 422.4 437.8 441.2 437.8 439.5 442.7 441.8 438.3 437.9 441.4 451.7 462.5 466.5 466.5 461.4 464.7 465.7 471.5 473.2 477.1 485.2 484.4 479.8 484.5 483 492.7 503.7 507.3 506.4 514.3 505.1 502.2 502.9 510.7
366.5 378.9 381.8 376.6 376.6 386.2 394.3 393.1 389.5 386.9 384 389.7 397.9 406.9 402.4 397.6 393.8 390.3 388.4 394.9 398.8 394.4 395.8 403.7 411.7 413.5 405.2 406.3 404 404.2 405.2 412.7 417.5 412.3 412.6 412.7 408.8 409.5 411.9 415.2 428 436.7 426 422.5 435.9 438.5 441.6 451.4 459.8 459.5 449.3 443.3 450.1 457.8 482.9 483.3 484.6 474 476.8 468.3 468.1 468.1 469.4 473 474.3 474.3 485.2 479.4 488.1 500.6 504 500.2 499.8 503 497 496.8 501.3
417.7 377 399.7 384.3 392.4 379.6 375.9 377.4 379.3 380.9 383.6 386.7 387.6 391.9 399.2 390.1 380.2 384.5 394.3 382.7 390.7 385.7 388 395.8 399.8 400.6 403.1 404.8 401.4 399.3 402.9 408.5 411.3 411.5 413.2 409.1 402.6 403.3 408.8 416.2 423.7 431.1 422.2 429.8 429.5 433.9 445.3 459.6 465.1 459.7 451.3 451.9 458.4 459.2 485.1 490.3 490.3 478.3 471.9 478.8 483.8 478.5 471.6 469.8 471.9 472.1 476.1 477.4 480 485.7 491.9 493.5 490 499.1 493.6 493.6 498.1
432.2 409.2 401.8 383 391.6 387.9 382.6 380.6 381.9 385.5 389.1 387.6 385.6 386.2 380.8 371.5 367.6 373.1 380.3 379.4 379.5 386 393.1 402.3 402.8 396.1 399.4 400.8 398.6 397 396.5 398.9 402.7 405 404 399.8 401.2 402.4 409.9 413.9 413.5 414.9 421.8 429.6 428.1 435 447.3 454.3 454.2 455 452.8 459.6 456.3 466.5 473.7 479.9 495.7 482.1 470.8 473.9 484.7 484.1 477.5 476 478.4 473.1 474.4 474.5 475.5 478 481.7 484 485.9 492.8 493 491.4 496.2
471.8 436.9 404.4 404.5 403.1 389.3 386.2 386.7 391.6 399.2 406.4 406.9 395.2 386.2 381 373.9 371 370.6 370.6 374.9 389.6 385.3 389.5 393.6 394.5 394 395.1 393.9 400 397.3 397.8 402.6 408.8 410.1 404.2 395.4 396.5 402.5 411.2 410.4 404.9 409.3 416.9 411.7 422.1 428.6 436.8 443 446.3 450.1 455 456.3 458.9 460.7 466.2 469.7 481 483.9 475.7 468.1 476.7 477.1 473.8 479.6 488.7 480 473.2 488.5 478 476.6 477.8 478.8 482.5 486.8 489.8 491.4 -9999
500.4 447.4 392 398.2 412 407.5 396.7 390 391.7 402 411.4 408.9 393.8 390.9 385.9 386 381.8 377.4 379.7 389.4 395.2 395.3 395.4 396 396.2 393.7 392.9 393.2 397.5 395.7 402 404.3 403.8 404.3 402.9 399.1 400.4 396.6 402 402.5 401.2 405.2 406 408.4 420.2 424.3 430.4 440.3 447.6 454.7 470.6 463 457.7 455.6 466.1 465.6 472.4 467.6 467.7 467.5 469 470.7 470 472.5 478 476.1 471.8 483.3 476.9 474.5 475.2 476.5 485.2 485.6 485.5 488.9 488.9
452.7 405.1 389.2 394.6 414.9 413.6 401.8 392.3 391.6 396.4 401.4 405.6 401.5 396.3 394.4 391.8 384.1 378.8 380.8 383 386.5 393.6 394.5 395 398.5 398 391.2 391.5 401.6 407.8 405.2 401.5 401 402.1 401.5 404.3 413.1 398.6 398.6 400.5 403.9 406.7 404.8 408.7 418.7 427.9 432.9 442.1 452.9 466.1 482.4 466 459.9 455.1 461.9 461.6 463 467.9 466.5 468.7 465.8 464.1 463.7 464.3 465.4 466.6 467.7 467.9 470.4 471.5 473 476.4 481.3 483.5 483.5 485.4 486.2
426.6 393.3 392.5 397.8 418.9 404.1 400.3 392.2 389.3 393.8 401.6 404.3 403.2 404.9 400 397.3 387.9 383.7 385.6 386.9 392.5 392.9 392.9 396.9 400.9 398.9 397.3 403 398.9 415.1 408.4 399.1 399.7 404.7 407.1 405.7 408.1 401.1 404.8 405 411.6 418.9 414 410.9 416.9 428.2 438.8 445.6 456.5 471 479.8 463.6 456.7 454.8 460.5 462.8 461.7 460.1 462.8 464.5 470 468.1 466.2 464.9 464.6 463.4 463.4 465.5 466.8 468.3 469.6 472.7 479.2 482.2 482.7 483.4 486
408.5 391.1 396.2 396.3 414.4 399.5 397.5 393.6 391.6 393.2 398.2 401.5 400.5 404.4 397.3 395.1 391.1 391.9 394.9 400.9 392.8 398.3 399.7 398.2 400.3 401.7 398.7 404.4 413.8 402.3 403.3 401 397.7 401 412.2 415 407 398 402.8 408.1 415.3 421.3 418.5 419.1 413.1 427.3 443.6 445.8 453.8 467.3 467.6 460.1 461.9 461.9 456 458.1 457.7 457.9 460.6 463.8 470.4 467.7 467.7 464.9 462.4 463.6 463.8 464.3 465.9 470.9 470.8 473.7 482.3 483.4 500.6 488.7 486.2
415.7 418.7 398.8 399.8 414.5 404.9 398 398.2 397.4 398.3 402.8 411.1 408.9 405.7 401.4 394.5 393.3 396.3 401.2 405.5 399.1 396 397.1 396 395.1 397.5 400.1 399.4 395.4 393.6 395.1 398.7 399 406.5 417.2 415.6 409.2 399.4 405.4 406.5 411.6 422.1 426.9 419.9 406.7 427.6 437.1 437.5 442.9 452.8 459.3 471.4 464.8 459.5 453.1 453.6 454.7 456.6 459.5 465 472.4 463.3 461.3 460.8 460.1 461.4 463.5 461.9 464.1 469.6 470.6 473.6 487.5 484.6 501 489.3 485.1
391.1 411.1 399.7 397.5 414.5 414.7 402.9 397.2 396.6 402.7 413 411.3 406.6 404.1 402.3 396.9 394.3 395.7 399.6 399.9 396.8 395.3 394.8 394.4 393.3 392.6 392.2 393.3 394.2 391.1 395.8 401.2 405.9 411.2 409.4 398.6 395.1 396.6 401.2 409.5 415.1 417.6 417 411.8 403.7 418.8 424.9 434 439.4 441.2 446.6 461.7 454.4 450.7 451.7 452 453.4 454.5 455.5 460.6 464.4 458.8 457.2 457.4 457.6 458.8 459.8 460.1 463.2 473.4 475.4 478.6 488.5 487.1 495.4 486.6 487.1
