features/re_bio6.asc
ncols         768
nrows         589
xllcorner     124.299398925
yllcorner     32.893460211367
cellsize      0.010567299164062
NODATA_value  -9999
[rows 248 to 278 of 589, columns 280 to 349 of 768]
-4.732258 -4.606452 -4.551613 -4.496774 -4.419355 -4.374194 -4.512903 -4.445161 -4.506452 -4.764516 -4.829032 -4.66129 -4.470968 -4.56129 -4.396774 -4.46129 -4.403226 -4.345161 -4.670968 -5.270968 -4.774194 -4.393548 -4.170968 -4.212903 -4.325807 -4.574193 -4.941936 -5.238709 -5.680645 -6.441936 -5.764516 -5.619355 -5.1 -4.72258 -5.835484 -6.132258 -7.145161 -6.819355 -6.406452 -6.480645 -6.212903 -5.416129 -5.319355 -5.419355 -5.53871 -5.341936 -5.487097 -5.641935 -6.370968 -7.803226 -7.403226 -8.512903 -8.183871 -8.067742 -8.667742 -8.848387 -7.864516 -7.254839 -8.770967 -7.374194 -7.793549 -8.229033 -8.603226 -8.209678 -7.306452 -8.516129 -7.290323 -7.045161 -7.36129 -7.067742
-4.706451 -4.567742 -4.480645 -4.419355 -4.374194 -4.387097 -4.641935 -4.364516 -4.548387 -4.696774 -4.706451 -4.629032 -4.690322 -4.548387 -4.306452 -4.316129 -4.383871 -4.416129 -4.406452 -4.583871 -5.348387 -4.83871 -4.441936 -4.329032 -4.548387 -4.764516 -5.041935 -5.677419 -5.732258 -5.883871 -6.435484 -5.748387 -4.648387 -4.370968 -4.764516 -4.774194 -5.841936 -6.396774 -6.074193 -6.367742 -6.509677 -5.958065 -5.719355 -5.225806 -5.33871 -5.238709 -5.367742 -5.748387 -5.974194 -6.390323 -6.793549 -8.206451 -7.383871 -7.248387 -7.63871 -7.735484 -7.435484 -7.470968 -7.648387 -7.606452 -7.987097 -8.070968 -7.790323 -7.287097 -6.858065 -8.012903 -6.403226 -6.787097 -7.145161 -7.074193
-4.748387 -4.632258 -4.396774 -4.251613 -4.293549 -4.383871 -4.680645 -4.345161 -4.354839 -4.467742 -4.567742 -4.577419 -4.658064 -4.519355 -4.374194 -4.474194 -4.477419 -4.396774 -4.354839 -4.403226 -4.412903 -4.429032 -4.312903 -4.425807 -4.522581 -4.36129 -4.206451 -4.587097 -5.451613 -6.096774 -5.025806 -5.46129 -5.412903 -4.667742 -4.622581 -4.841936 -5.622581 -7.032258 -6.058064 -5.951613 -6.074193 -5.548387 -5.164516 -5.177419 -5.203226 -5.174193 -5.316129 -6.116129 -5.632258 -5.732258 -6.319355 -7.451613 -6.780645 -6.77742 -7.422581 -8.077419 -8.283871 -8.212903 -8.32258 -7.819355 -7.732258 -7.754839 -7.577419 -7.096774 -6.470968 -6.503226 -5.9 -6.370968 -6.422581 -6.177419
-4.274194 -4.367742 -4.348387 -4.409678 -4.690322 -4.835484 -4.683871 -4.670968 -4.5 -4.354839 -4.290323 -4.403226 -4.422581 -4.322581 -4.270968 -4.180645 -4.112903 -4.135484 -4.116129 -4.003226 -3.932258 -3.912903 -3.874193 -4.22258 -4.096774 -4.174193 -4.683871 -5.232258 -5.654839 -5.248387 -4.874194 -4.322581 -4.377419 -5.46129 -6.483871 -6.119355 -6.980645 -6.664516 -5.929032 -6.06129 -6.53871 -6.264516 -5.319355 -5.56129 -5.687097 -5.416129 -5.245161 -5.467742 -5.416129 -5.435484 -5.490323 -5.322581 -5.503226 -5.854839 -6.622581 -7.067742 -6.935484 -6.887097 -7.806452 -6.922581 -7.158064 -6.948387 -6.387097 -6.509677 -6.9 -7.154839 -6.151613 -6.180645 -5.435484 -5.567742
-4.303226 -4.493548 -4.325807 -4.232258 -4.480645 -4.56129 -4.56129 -4.674193 -4.580645 -4.529032 -4.377419 -4.345161 -4.125806 -4 -4.067742 -4.106452 -4.119355 -4.145161 -4.112903 -4.058064 -4.112903 -4.06129 -3.993548 -4.154839 -4.109677 -4.480645 -4.758065 -4.577419 -4.474194 -4.2 -4.409678 -4.274194 -4.822581 -6.041935 -7.27742 -7.219355 -6.7 -6.912903 -5.903226 -6.241935 -6.367742 -5.870968 -5.583871 -5.66129 -5.445161 -5.187097 -5.109677 -5.525806 -5.522581 -5.83871 -5.587097 -5.36129 -5.448387 -5.8 -5.690322 -5.5 -5.748387 -6.074193 -5.493548 -5.835484 -6.435484 -5.787097 -5.509677 -5.551613 -5.583871 -6.106452 -5.567742 -5.7 -5.535484 -5.425807
-4.529032 -4.554839 -4.483871 -4.393548 -4.335484 -4.387097 -4.467742 -4.687097 -4.816129 -4.693548 -4.593548 -4.480645 -4.006452 -3.896774 -4.016129 -4.206451 -4.238709 -4.238709 -4.2 -4.245161 -4.490323 -4.241935 -4.193548 -4.390323 -4.232258 -4.535484 -4.674193 -4.283871 -4.16129 -4.219355 -4.170968 -4.254839 -5.170968 -6.177419 -6.803226 -7.129032 -5.977419 -6.7 -5.93871 -5.919355 -6.283871 -6.045161 -5.490323 -5.687097 -5.725806 -5.251613 -5.025806 -5.029032 -5.435484 -6.022581 -6.3 -5.877419 -5.303226 -5.019355 -5.245161 -5.506452 -5.554839 -5.916129 -6.738709 -5.522581 -6.503226 -6.264516 -6.467742 -5.851613 -5.264516 -5.503226 -5.506452 -5.632258 -5.922581 -5.674193
-4.793549 -4.587097 -4.393548 -4.251613 -4.258065 -4.522581 -4.529032 -4.548387 -4.7 -4.790323 -4.567742 -4.296774 -3.96129 -3.912903 -3.977419 -4.074193 -4.125806 -4.232258 -4.258065 -4.416129 -4.796774 -4.274194 -4.503226 -4.235484 -4.174193 -4.177419 -4.122581 -4.125806 -4.33871 -4.241935 -4.264516 -4.709677 -5.6 -6.348387 -6.816129 -7.135484 -6.1 -5.33871 -5.806452 -5.580645 -6.16129 -6.322581 -5.658064 -5.616129 -5.441936 -5.412903 -5.251613 -5.077419 -5.225806 -5.33871 -5.016129 -4.848387 -5.035484 -5.309678 -5.27742 -5.303226 -5.9 -6.535484 -6.303226 -6.603226 -7.112903 -7.46129 -6.609677 -5.674193 -5.396774 -5.580645 -5.629032 -6.183871 -5.851613 -5.606452
-4.367742 -4.390323 -4.354839 -4.258065 -4.319355 -4.570968 -4.687097 -4.780645 -4.4 -4.174193 -4.187097 -4.129032 -3.996774 -3.945161 -3.974194 -4.032258 -4.193548 -4.387097 -4.467742 -4.503226 -4.606452 -4.245161 -4.522581 -4.283871 -4.403226 -4.335484 -4.380645 -4.690322 -4.903226 -4.503226 -4.635484 -4.648387 -5.7 -6.441936 -6.458065 -6.406452 -6.193548 -4.522581 -5.735484 -5.309678 -5.948387 -6.745161 -6.725806 -6.541935 -6.606452 -5.774194 -5.329032 -5.067742 -5.048387 -5.235484 -5.235484 -5.206451 -5.422581 -5.358065 -5.72258 -5.63871 -5.483871 -5.72258 -6.109677 -6.445161 -6.93871 -7.206451 -6.690322 -5.86129 -5.467742 -5.635484 -5.767742 -6.448387 -5.729032 -5.606452
-4.232258 -4.135484 -4.212903 -4.312903 -4.261291 -4.148387 -4.351613 -4.406452 -4.029032 -3.896774 -3.935484 -4.16129 -3.893548 -3.925807 -4.016129 -3.96129 -4.032258 -4.364516 -4.712903 -4.835484 -4.651613 -4.467742 -5.077419 -4.435484 -4.229032 -4.287097 -4.345161 -4.370968 -4.441936 -4.477419 -5.306452 -5.206451 -5.845161 -6.212903 -5.983871 -6.090322 -6.332258 -4.451613 -5.312903 -4.687097 -5.158064 -6.235484 -7.190322 -7.770968 -7.409678 -5.761291 -5.329032 -5.154839 -5.245161 -5.612903 -6.03871 -5.735484 -6.409678 -5.832258 -5.432258 -5.8 -6.216129 -6.254839 -5.980645 -5.358065 -5.406452 -6.387097 -6.270968 -5.816129 -5.564516 -6.041935 -6.587097 -5.7 -5.512903 -5.696774
-4.309678 -4.348387 -4.707143 -4.877419 -4.658064 -4.303226 -4.087097 -4.203226 -3.996774 -3.696774 -3.645161 -3.790323 -4.051613 -3.912903 -3.832258 -3.812903 -3.983871 -4.303226 -4.7 -4.935484 -4.780645 -4.409678 -4.548387 -4.3 -4.3 -4.487097 -4.445161 -4.36129 -4.441936 -4.164516 -5.129032 -5.370968 -5.86129 -5.822581 -5.874194 -6.606452 -6.567742 -4.439286 -4.883871 -4.616129 -4.635714 -5.422581 -6.316129 -6.587097 -6.216129 -5.392857 -5.257143 -5.716129 -6.180645 -6.203226 -5.893548 -5.567742 -5.577419 -5.067742 -5.370968 -6.029032 -6.335484 -6.119355 -5.8 -5.583871 -5.187097 -6.012903 -6.748387 -6.364516 -5.858065 -5.945161 -5.532258 -5.435484 -5.303226 -5.393548
-4.419355 -4.590322 -5.125 -4.974194 -4.551613 -4.403226 -4.145161 -3.958065 -3.925807 -3.787097 -3.567742 -3.645161 -3.741935 -3.596774 -3.635484 -3.7 -3.977419 -4.564516 -4.774194 -4.793549 -4.874194 -4.529032 -4.429032 -4.380645 -4.245161 -4.196774 -4.238709 -4.261291 -4.167742 -4.087097 -5.958065 -6.409678 -6.058064 -6.006452 -6.177419 -6.377419 -6.667857 -5.067857 -4.317857 -4.482143 -5.512903 -6.280645 -6.416129 -6.053571 -5.514286 -5.3 -5.160714 -6.354839 -6.648387 -6.103226 -5.683871 -5.896774 -5.829032 -5.206451 -5.22258 -5.216129 -5.241935 -5.33871 -5.261291 -5.080645 -5.5 -6.490323 -6.948387 -6.396774 -5.829032 -5.658064 -5.341936 -5.348387 -5.245161 -5.006452
-4.682143 -4.778572 -5.160714 -4.971428 -4.590322 -4.419355 -4.151613 -3.748387 -3.751613 -3.6 -3.364516 -3.183871 -3.135484 -3.23871 -3.277419 -3.535484 -3.748387 -4.535484 -5.032258 -4.909678 -4.577419 -4.493548 -3.951613 -4.064516 -4.183871 -4.093548 -4.641935 -4.796774 -4.196774 -4.27742 -4.36129 -4.422581 -4.135484 -5.041935 -6.067742 -5.682143 -4.335714 -4.260714 -4.803571 -5.007143 -5.357143 -5.517857 -5.714286 -6.307143 -6.871428 -6.078571 -5.332143 -6.770968 -6.651613 -5.832258 -5.509677 -5.532258 -5.641935 -5.470968 -5.506452 -5.135484 -5.012903 -5.483871 -6.045161 -6.064516 -6.448387 -6.606452 -6.164516 -5.864516 -5.745161 -5.43871 -5.445161 -5.603226 -5.641935 -5.83871
-4.674193 -4.810714 -5.15 -4.942857 -4.432258 -4.077419 -4 -3.748387 -3.6 -3.435484 -3.287097 -3.067742 -3.016129 -3.067742 -3.248387 -3.46129 -3.56129 -3.86129 -4.293549 -4.645161 -4.609677 -4.2 -4.122581 -4.022581 -4.141935 -4.319355 -4.641935 -4.72258 -4.609677 -4.712903 -4.203226 -4.009677 -4.016129 -4.158064 -4.478571 -4.775 -4.489286 -4.053571 -4.457143 -4.675 -4.882143 -4.785714 -4.910714 -5.732143 -6.621428 -5.478571 -5.342857 -6.45 -5.989286 -5.748387 -5.754839 -5.758065 -5.796774 -5.241935 -5.409678 -5.403226 -5.254839 -5.641935 -6.441936 -6.916129 -7.051613 -6.506452 -6.106452 -6.13871 -6.093548 -5.590322 -5.4 -5.441936 -5.745161 -6.174193
-4.810714 -4.85 -5.046429 -4.903572 -4.480645 -4.109677 -3.977419 -3.832258 -3.7 -3.370968 -3.2 -3.090322 -3.135484 -3.164516 -3.351613 -3.435484 -3.56129 -3.693548 -3.906452 -4.27742 -4.545161 -4.364516 -4.122581 -4.135484 -4.380645 -4.783871 -4.854839 -5.316129 -6.035484 -5.746428 -4.341936 -4.192857 -4.089286 -4.232143 -5.460714 -6.064286 -4.853571 -6.217857 -5.725 -5.421429 -4.828571 -4.585714 -4.735714 -5.167857 -5.571429 -5.25 -5.342857 -5.789286 -5.496428 -5.651613 -5.929032 -5.509677 -5.519355 -5.074193 -4.990323 -5.164516 -5.303226 -5.596774 -5.945161 -6.183871 -6.922581 -7.525806 -6.574193 -6.341936 -5.86129 -5.451613 -5.3 -5.264516 -5.729032 -6.112903
-5.235714 -5.142857 -5.428571 -5.067857 -4.548387 -4.329032 -4.254839 -4.13871 -3.867742 -3.580645 -3.393548 -3.312903 -3.296774 -3.283871 -3.267742 -3.274194 -3.451613 -3.616129 -3.741935 -4 -4.306452 -4.380645 -4.1 -4.029032 -4.393548 -4.56129 -4.622581 -5.093548 -5.522581 -5.109677 -4.745161 -4.857143 -4.628572 -5.128572 -5.135714 -4.642857 -4.460714 -3.989286 -4.421429 -5.260714 -4.65 -4.503572 -5.046429 -6.067857 -6.803571 -5.717857 -5.446429 -5.596428 -5.425 -5.261291 -5.180645 -5.058064 -5.054839 -5.145161 -4.996774 -5.148387 -5.467742 -5.958065 -6.183871 -6.029032 -6.206451 -6.325807 -6.141935 -5.925807 -5.648387 -5.36129 -5.322581 -5.393548 -5.7 -6.212903
-5.932143 -5.764286 -5.410714 -5.016129 -4.63871 -4.367742 -4.167742 -3.870968 -3.651613 -3.774194 -3.641936 -3.558064 -3.33871 -3.154839 -3.122581 -3.193548 -3.293548 -3.516129 -3.645161 -3.932258 -4.390323 -4.6 -4.319355 -4.177419 -4.512903 -4.503226 -4.416129 -4.812903 -5.122581 -4.670968 -5.045161 -5.228571 -5.435714 -4.657143 -4.514286 -5.125 -5.239286 -4.382143 -4.653572 -4.253572 -4.467857 -4.689286 -5.503572 -5.717857 -5.042857 -5.507143 -4.875 -5.160714 -5.207143 -5.083871 -4.86129 -4.854839 -4.86129 -4.874194 -4.825807 -5.009677 -5.487097 -5.970968 -6.467742 -6.548387 -5.716129 -5.645161 -5.358065 -5.587097 -5.751613 -5.493548 -5.383871 -5.348387 -5.651613 -5.86129
-5.932143 -5.9 -5.742857 -5.435484 -4.941936 -4.490323 -4.264516 -4.125806 -3.832258 -3.770968 -3.596774 -3.545161 -3.345161 -3.1 -2.858064 -3.006452 -3.141936 -3.367742 -3.490323 -3.732258 -4.2 -4.619355 -4.580645 -4.693548 -4.916129 -4.493548 -4.432258 -4.558064 -4.512903 -4.296774 -4.841936 -5.475 -5.896429 -5.114286 -4.660714 -4.682143 -4.728571 -5.046429 -4.975 -4.760714 -5 -4.864286 -5.178571 -5.421429 -5.2 -5.053571 -4.857143 -5.139286 -4.910714 -4.8 -4.829032 -4.86129 -4.916129 -4.83871 -4.816129 -4.858065 -5.2 -5.922581 -6.2 -5.819355 -5.387097 -5.193548 -5.674193 -6.619355 -7.170968 -5.903226 -5.419355 -5.393548 -5.129032 -5.554839
-5.275 -5.396429 -5.485714 -5.167742 -4.832258 -4.545161 -4.261291 -4.090322 -4.003226 -3.896774 -3.709677 -3.683871 -3.290323 -3.025806 -2.635484 -2.796774 -3.006452 -3.225806 -3.312903 -3.532258 -3.858064 -4.22258 -4.667742 -5.177419 -4.980645 -4.945161 -4.932258 -4.687097 -4.367742 -4.329032 -5.096774 -5.128572 -5.435714 -5.107143 -4.571429 -4.664286 -5.6 -6.714286 -7.307143 -5.892857 -4.989286 -4.610714 -5.460714 -5.903572 -5.289286 -4.9 -4.825 -4.792857 -4.882143 -4.821429 -4.75 -4.848387 -5.019355 -5.035484 -5.006452 -5.2 -5.748387 -5.512903 -5.190322 -5.322581 -5.43871 -5.261291 -6.293549 -8.025806 -7.522581 -6.025806 -5.332258 -5.154839 -5.003226 -5.33871
-5.316129 -5.229032 -5.354839 -4.935484 -4.793549 -4.690322 -4.254839 -4.032258 -3.970968 -3.983871 -3.545161 -3.33871 -2.845161 -2.532258 -2.477419 -2.703226 -3.264516 -3.303226 -3.383871 -3.46129 -3.712903 -4.36129 -5.267742 -5.493548 -5.351613 -4.919355 -4.693548 -4.574193 -4.458065 -4.435484 -4.851613 -4.696774 -4.893548 -4.907143 -4.696429 -4.775 -5.460714 -6.525 -7.15 -5.028572 -5.092857 -4.557143 -4.914286 -5.346428 -5.264286 -5.15 -4.696429 -5.117857 -5.235714 -5.039286 -4.935714 -5.367857 -5.964516 -5.509677 -5.283871 -6.348387 -6.119355 -5.554839 -5.1 -4.941936 -5.22258 -6.051613 -7.206451 -8.364516 -7.187097 -5.770968 -5.254839 -5.219355 -5.56129 -5.648387
-5.290323 -5.416129 -5.06129 -4.803226 -4.709677 -4.658064 -4.493548 -4.2 -3.867742 -3.619355 -3.345161 -3.154839 -2.777419 -2.690323 -3.019355 -3.441936 -4.283871 -4.2 -3.745161 -3.493548 -3.922581 -5.029032 -6.090322 -5.674193 -5.203226 -4.690322 -4.512903 -4.396774 -4.635714 -4.814286 -4.483871 -4.709677 -4.925 -5.078571 -5.003572 -4.867857 -5.175 -5.953571 -6.142857 -4.710714 -4.685714 -4.753572 -4.660714 -4.914286 -5.114286 -4.925 -4.935714 -5.542857 -5.303571 -5.239286 -5.378572 -5.707143 -5.890323 -5.351613 -5.435484 -5.448387 -5.6 -5.358065 -5.058064 -5.093548 -5.632258 -6.596774 -8.6 -7.077419 -6.029032 -5.458065 -5.341936 -5.190322 -5.53871 -5.787097
-5.096774 -4.970968 -4.754839 -4.764516 -4.625806 -4.525806 -4.512903 -4.235484 -3.864516 -3.645161 -3.6 -3.593548 -2.793548 -2.880645 -3.254839 -3.503226 -4.5 -4.235484 -3.825806 -3.690323 -3.867742 -4.296774 -4.803226 -5.151613 -4.570968 -4.43871 -4.387097 -4.72258 -5.032143 -4.875 -4.409678 -4.729032 -4.916129 -5.025 -4.942857 -4.814286 -4.817857 -5.003572 -5.303571 -5.65 -5.264286 -5.182143 -4.614286 -5.528572 -6.178571 -5.232143 -5.721428 -5.667857 -5.617857 -5.707143 -5.564286 -5.414286 -5.477419 -5.274194 -4.887097 -5.56129 -5.851613 -5.6 -5.261291 -5.53871 -6.645161 -7.567742 -6 -5.445161 -5.348387 -4.990323 -5.077419 -5.229032 -5.261291 -5.409678
-5.212903 -5.074193 -4.667742 -4.53871 -4.432258 -4.370968 -4.216129 -3.974194 -3.951613 -3.593548 -3.683871 -3.719355 -3.516129 -3.487097 -3.264516 -3.33871 -3.803226 -4.141935 -4.241935 -4.56129 -4.345161 -4.145161 -4.609677 -4.958065 -4.512903 -4.551613 -4.396774 -4.370968 -5.293549 -6.132143 -4.617857 -4.628572 -4.725 -4.707143 -4.671429 -4.560714 -4.414286 -4.414286 -4.875 -6.35 -4.785714 -4.903572 -4.928571 -5.139286 -5.317857 -5.342857 -5.610714 -5.4 -5.46129 -5.245161 -5.251613 -5.375 -5.382143 -5.289286 -5.164286 -5.167742 -4.845161 -4.948387 -5.129032 -5.912903 -6.448387 -5.577419 -5.125806 -6.096774 -5.351613 -5.235484 -5.112903 -5.132258 -5.412903 -5.603226
-5.154839 -5.112903 -4.774194 -4.425807 -4.354839 -4.235484 -4.093548 -4.167742 -4.148387 -3.603226 -3.951613 -4.203226 -3.73871 -3.735484 -3.622581 -3.722581 -4.454839 -4.496774 -4.193548 -4.43871 -4.53871 -4.319355 -4.348387 -4.932258 -4.832258 -4.732258 -5.05 -5.046429 -4.860714 -5.587097 -5.314286 -4.832143 -4.928571 -5.425 -5.9 -5.653572 -5.128572 -4.682143 -4.278572 -4.560714 -5.021429 -5.45 -5.367857 -5.621428 -5.7 -5.364286 -5.153572 -5.010714 -5.207143 -5.028572 -5.03871 -5.229032 -5.403226 -5.416129 -5.189286 -4.957143 -4.712903 -4.751613 -5.016129 -5.590322 -5.735484 -5.106452 -5.238709 -5.051613 -4.774194 -4.941936 -4.93871 -4.716129 -5.174193 -5.641935
-5.06129 -4.845161 -4.919355 -4.687097 -4.603226 -4.422581 -4.164516 -4.058064 -4.122581 -3.890323 -4.219355 -4.474194 -3.96129 -4.145161 -3.870968 -3.951613 -4.280645 -4.267742 -4.529032 -4.493548 -4.580645 -4.403226 -4.254839 -4.974194 -4.985714 -4.596428 -5.096428 -6.467857 -6.003572 -5.460714 -6.964286 -5.6 -5.985714 -4.732143 -4.303571 -4.192857 -4.15 -4.203571 -4.357143 -4.377419 -4.245161 -4.742857 -4.864286 -4.889286 -4.846428 -4.842857 -5.035714 -4.807143 -4.953571 -4.828571 -4.857143 -5.060714 -5.246428 -5.207143 -4.996428 -5.221428 -4.975 -4.887097 -5.148387 -5.283871 -5.096774 -4.909678 -5.212903 -4.867742 -4.6 -4.345161 -4.490323 -4.654839 -4.954839 -5.43871
-5.2 -5.193548 -4.719355 -4.63871 -4.690322 -4.467742 -4.174193 -4.067742 -4.054839 -3.867742 -4.238709 -4.445161 -4.412903 -4.706451 -4.332258 -4.025806 -4.035484 -4.596774 -4.996774 -4.725806 -4.46129 -4.396774 -4.72258 -5.546429 -5.835714 -4.712903 -5.932143 -5.878572 -6.492857 -6.507143 -7.267857 -5.7 -5.782143 -5.232143 -4.739286 -4.389286 -4.260714 -4.442857 -4.785714 -4.628572 -4.510714 -4.496428 -4.525 -4.514286 -4.517857 -4.628572 -4.842857 -4.871428 -4.892857 -4.953571 -5.021429 -5.345161 -5.446429 -5.160714 -4.858065 -4.93871 -4.910714 -4.767742 -4.806452 -4.774194 -4.690322 -4.641935 -4.445161 -4.274194 -4.451613 -4.316129 -4.535484 -4.580645 -4.390323 -4.306452
-5.235484 -5.087097 -4.525806 -4.525806 -4.480645 -4.261291 -4.080645 -4.13871 -4.451613 -4.309678 -4.422581 -4.806452 -4.393548 -4.609677 -4.63871 -4.77742 -4.535484 -5.180645 -4.77742 -4.490323 -4.567742 -4.854839 -5.264286 -5.757143 -5.789286 -4.629032 -4.942857 -6.242857 -7.739286 -7.646429 -7.221428 -6.982143 -6.792857 -5.528572 -5.128572 -4.614286 -4.782143 -5.55 -6.128572 -6.171429 -4.607143 -4.753572 -4.764286 -4.867857 -4.689286 -4.606452 -4.867857 -4.757143 -5.164286 -5 -4.982143 -5.06129 -5.192857 -5.235714 -4.964286 -4.748387 -5.121428 -4.86129 -4.835484 -4.893548 -4.967742 -4.993548 -4.77742 -4.254839 -4.312903 -4.296774 -4.548387 -4.467742 -4.135484 -4.1
-5.087097 -5.070968 -4.216129 -4.312903 -4.241935 -4.125806 -4.170968 -4.387097 -4.616129 -4.63871 -4.996774 -5.290323 -4.422581 -4.516129 -4.664516 -5.080645 -4.758065 -5.103226 -4.790323 -4.719355 -5.096774 -5.621428 -5.703571 -5.114286 -4.66129 -5.221428 -5.346428 -7.735714 -8.435715 -7.796429 -5.682143 -6.45 -7.607143 -7.128572 -5.664286 -4.842857 -4.603571 -5.25 -6.310714 -6.246428 -5.082143 -4.653572 -4.735714 -4.703226 -4.4 -4.421429 -4.896429 -5.235714 -5.254839 -5.253572 -5.242857 -5.321429 -5.385714 -5.285714 -5 -4.877419 -5.046429 -4.960714 -5.216129 -5.109677 -4.761291 -4.619355 -4.719355 -4.519355 -4.454839 -4.119355 -4.154839 -4.041935 -3.925807 -3.941936
-4.348387 -4.248387 -4.238709 -4.367742 -4.425807 -4.567742 -4.764516 -4.93871 -5.009677 -4.780645 -5.129032 -5.051613 -4.396774 -4.632258 -4.854839 -4.996774 -5.041935 -4.932258 -4.945161 -5.3 -5.403226 -5.503572 -5.228571 -4.716129 -5.296429 -6.014286 -5.417857 -7.289286 -6.889286 -6.292857 -5.575 -6.175 -8.207143 -7.828571 -6.421429 -5.214286 -4.767857 -5.203571 -5.892857 -5.857143 -5.553571 -5.007143 -4.796429 -4.803571 -4.810714 -4.846428 -4.946429 -4.964286 -5.1 -5.082143 -5.074193 -5.1 -5.312903 -5.357143 -4.996428 -4.929032 -5.390323 -5.567742 -5.46129 -5.122581 -4.870968 -4.761291 -4.696774 -4.732258 -4.993548 -4.245161 -4.151613 -4.077419 -4.067742 -4.029032
-4.906452 -4.419355 -4.5 -4.819355 -4.970968 -4.664516 -4.735484 -5.045161 -4.941936 -4.790323 -4.967742 -4.467742 -4.383871 -4.629032 -4.948387 -4.996774 -5.083871 -5.322581 -5.325807 -5.496774 -5.329032 -5.054839 -4.829032 -5.080645 -6.132143 -6.253572 -5.660714 -6.207143 -6.414286 -6.153572 -6.010714 -6.482143 -8.635715 -6.95 -6.346428 -5.35 -4.867857 -5.253572 -5.864286 -5.910714 -5.707143 -5.557143 -5.232143 -5.028572 -4.982143 -4.964286 -4.960714 -5.192857 -5.332258 -5.235714 -5.270968 -5.385714 -5.453571 -5.35 -5.235484 -5.393548 -5.151613 -5.764516 -5.458065 -5.132258 -4.96129 -4.916129 -4.93871 -4.925807 -5.022581 -4.283871 -4.396774 -4.354839 -4.451613 -4.616129
-4.974194 -5.125806 -4.758065 -4.841936 -4.577419 -4.432258 -4.725806 -5.029032 -5.012903 -4.987097 -4.367742 -4.880645 -4.477419 -4.522581 -4.758065 -4.63871 -4.896774 -5.506452 -5.793549 -5.283871 -5.087097 -4.83871 -5.225806 -5.867742 -5.639286 -6.203571 -5.158064 -5.960714 -6.110714 -6.207143 -6.517857 -6.535714 -8.475 -6.539286 -6.110714 -5.510714 -5.039286 -5.089286 -5.435714 -5.514286 -5.15 -5.241935 -4.964516 -4.790323 -4.925 -5.142857 -5.321429 -5.528572 -5.564286 -5.510714 -5.483871 -5.43871 -5.503226 -5.5 -5.367742 -5.435484 -5.829032 -5.132258 -5.325807 -5.225806 -5.029032 -4.993548 -5.122581 -5.216129 -5.054839 -4.332258 -4.377419 -4.487097 -4.696774 -4.806452
-4.83871 -5.080645 -5.112903 -4.903226 -4.851613 -4.906452 -5.022581 -5.174193 -5.206451 -4.951613 -4.409678 -4.503226 -4.380645 -4.419355 -4.580645 -4.96129 -5.33871 -4.883871 -4.845161 -5.354839 -5.545161 -5.212903 -5.309678 -5.909678 -6.007143 -5.464516 -4.835484 -5.953571 -6.325 -6.889286 -6.721428 -6.932143 -8.367857 -6.835714 -5.921429 -5.628572 -5.653572 -5.742857 -5.971428 -6.092857 -5.564286 -5.325807 -5.175 -4.975 -4.953571 -5.109677 -5.325807 -5.658064 -5.646429 -5.617857 -5.603226 -5.56129 -5.493548 -5.441936 -5.364516 -5.183871 -5.258065 -4.858065 -5.077419 -5.290323 -5.212903 -5.254839 -5.406452 -5.283871 -5.06129 -4.470968 -4.577419 -4.535484 -4.587097 -4.83871
