features/re_bio5.asc
ncols         768
nrows         589
xllcorner     124.299398925
yllcorner     32.893460211367
cellsize      0.010567299164062
NODATA_value  -9999
[rows 128 to 159 of 589, columns 216 to 287 of 768]
-9999 -9999 -9999 -9999 -9999 -9999 -9999 -9999 -9999 -9999 -9999 -9999 -9999 -9999 -9999 -9999 -9999 -9999 -9999 -9999 -9999 32.40322 32.35484 32.17419 31.95807 31.70323 31.67097 31.9 31.50323 31.22258 31.36129 31.57097 31.23871 30.33548 29.71935 30.57419 29.96129 30.39355 30.62258 30.8 30.73548 31.14194 32.29678 32.57419 32.64194 32.24839 31.60968 31.78065 32.20322 32.43226 32.17419 32.03226 31.8871 31.52903 31.11935 30.93548 31.46774 31.3129 31.79355 31.83226 31.53548 31.99677 31.64516 31.74194 30.95807 30.22581 30.44193 31.09355 31.07097 30.20968 29.48387 29.34194
-9999 -9999 -9999 -9999 -9999 -9999 -9999 -9999 -9999 -9999 -9999 -9999 -9999 -9999 -9999 -9999 -9999 -9999 -9999 -9999 -9999 32.3129 32.36774 31.95807 31.90968 31.76452 31.65806 31.87419 31.91613 31.69677 31.38065 31.35161 30.99677 29.84194 28.59032 30.09032 30.13548 30.35806 30.0129 29.76452 30.14194 31.93871 32.26774 32.4129 32.53871 32.6258 32.67742 32.76774 32.84839 32.22903 32.41613 32.57742 32.22258 31.40322 30.68064 30.58064 31.64516 31.6871 32.09032 32.36452 32.38387 32.37097 32.14194 31.24194 30.3871 30.38387 31.01936 31.25161 31.49677 31.11935 30.26452 29.26129
-9999 -9999 -9999 -9999 -9999 -9999 -9999 -9999 -9999 -9999 -9999 -9999 -9999 -9999 -9999 -9999 -9999 -9999 -9999 32.47097 32.48709 32.41613 32.43871 31.86452 31.88065 31.93871 31.9 31.74194 31.7129 31.87742 31.40322 30.89355 30.43871 29.76129 29.04839 30.63871 30.72903 30.36129 30.80645 30.74839 30.44193 31.06452 32.10968 32.44516 32.6129 32.65807 32.56452 32.39677 32.68387 32.80968 32.67419 32.60645 32.15161 31.29677 30.65806 30.35161 31.1871 31.40968 31.8871 32.44194 32.60645 32.27097 31.78065 30.56774 29.4871 29.87097 31.30323 32.05484 32.03871 31.89677 31.37097 29.84839
-9999 -9999 -9999 -9999 -9999 -9999 -9999 -9999 -9999 -9999 -9999 -9999 -9999 -9999 -9999 -9999 -9999 -9999 -9999 32.35161 32.31936 32.19032 32.23871 32.19032 32.15807 31.99677 31.73871 31.49677 31.45807 31.6129 31.12581 31.21935 31.1129 30.55161 30.20645 30.99677 31.1129 30.44516 31.16129 31.62258 31.35806 31.8 31.73548 32.32258 32.63871 32.71613 32.66774 32.58387 32.67097 32.4129 32.6 32.46774 31.96452 31.45161 31.07419 29.90645 31.06774 31.30968 32.12903 32.52581 32.34193 32.2129 32.10323 29.94516 28.12903 28.84194 30.83226 31.4129 32.35484 32.14839 31.94516 31.85161
-9999 -9999 -9999 -9999 -9999 -9999 -9999 -9999 -9999 -9999 -9999 -9999 -9999 -9999 -9999 -9999 32.07742 32.06129 32.09355 32.11935 32.1 32.03548 32.03548 32.16774 32.24194 32.22903 32.09678 31.77097 31.33871 31.39677 31.4 31.54516 31.26452 31.10968 31.74194 31.45484 31.45807 31.18387 31.61935 31.88387 31.44839 30.07097 30.85806 31.98387 32.57742 32.65161 32.47742 32.27742 32.39032 32.61613 32.77419 32.40322 31.97419 31.76452 31.7 31.17097 31.24194 32.05484 32.29678 32.14839 32.31613 31.42581 31.56452 29.58387 29.43871 30.51936 31.62581 32.07097 31.80645 32.46774 32.35484 32.44839
-9999 -9999 -9999 -9999 -9999 -9999 -9999 -9999 -9999 -9999 -9999 -9999 -9999 -9999 -9999 -9999 32.13871 31.99677 31.98387 31.93226 31.87742 31.94516 32 31.96452 32.09032 32.20968 32.22903 32.06452 31.77419 31.75161 31.62903 31.7 31.76774 31.83226 31.94839 31.78065 32.00323 31.52581 31.68387 31.63226 30.99677 29.52903 30.30645 31.59032 32.48709 32.57419 32.02903 31.36452 31.08064 31.7871 32.4129 32.23226 32.27419 32.09032 31.25161 32.10968 31.87419 32.4129 32.67419 32.54193 32.35161 32.13548 31.14516 29.26129 29.92258 30.72581 30.78065 31.07742 32.15484 31.92581 32.11935 32.27097
-9999 -9999 -9999 -9999 -9999 -9999 -9999 -9999 -9999 -9999 -9999 -9999 -9999 -9999 -9999 -9999 32.14839 32.00645 31.95807 31.84839 31.77097 31.86452 32.05484 31.94839 31.9871 32.17742 32.30968 32.10645 31.66774 31.74839 31.7129 31.73226 31.75806 31.88065 32.06129 31.75484 31.69355 31.68064 31.73226 31.39355 30.38387 28.6871 29.20645 31.36774 32.53548 32.77419 32.21936 30.93226 29.62903 30.84194 31.85161 32.19032 32.39355 32.03871 31.22258 31.83871 32.75161 32.86774 32.65807 32.40645 31.85806 31.67742 30.43226 30.2 30.47097 30.72581 30.69355 30.75484 31.75484 32.05806 32.33548 32.62258
-9999 -9999 -9999 -9999 -9999 -9999 -9999 -9999 -9999 -9999 -9999 -9999 -9999 -9999 -9999 -9999 32.17742 32.12258 32.00323 31.89677 31.63871 31.37419 32.10323 31.76129 31.94516 32.19677 32.26774 32.07097 31.91613 31.57097 31.93871 31.94193 31.80645 31.91936 32.09355 31.29355 30.87419 31.49355 31.1871 30.94839 30.22258 28.96452 30.20323 31.86452 32.70645 32.81936 32.09032 30.58064 29.09678 30.74839 31.92581 31.59032 31.85484 32.07097 31.50645 31.93548 32.85806 32.88065 32.31613 32.31936 32.12903 31.90968 31.85806 31.5 31.4 30.89677 29.90645 29.49355 31.13871 31.94516 31.80645 32.24516
-9999 -9999 -9999 -9999 -9999 -9999 -9999 -9999 -9999 -9999 -9999 -9999 -9999 -9999 -9999 -9999 31.86452 31.86774 31.90322 31.91936 31.94839 31.99032 32.20645 32.06774 31.93226 32.10968 32.32258 32.27419 32.19032 32.2129 32.34193 32.23549 32.14839 32.01936 31.47742 30.35161 30.96129 31.20645 30.77742 29.99677 29.78065 30.4 31.64516 32.45161 32.79678 32.75484 32.21936 31.38387 31.00968 31.2871 32.11613 31.9 31.8871 32.07097 32.17742 32.63548 32.95161 32.82258 32.1 32.09032 31.96774 30.79032 31.5129 30.98387 30.80323 29.95807 29.19032 29.59355 31.24516 32.39355 32.39032 32.49032
-9999 -9999 -9999 -9999 -9999 -9999 -9999 -9999 -9999 -9999 -9999 -9999 -9999 -9999 31.86452 31.87097 31.94839 31.89677 31.8 31.75806 31.91936 32.19677 32.17097 31.8871 31.92581 32.2 32.3129 32.1258 32.06452 32.47097 32.35806 32.30968 32.18387 31.69677 30.83871 30.20323 32.09355 31.44516 30.86452 30.34516 30.47419 31.47742 31.7871 32.58065 32.90968 32.84839 32.49032 32.16129 32.2871 31.35806 31.89355 32.49355 32.49355 32.3 32.42258 32.71936 32.90322 32.68064 32.2129 32.14194 31.99677 30.97097 30.09678 30.69355 30.71935 29.86452 29.28387 30.00323 31.56452 32.36774 31.7 32.05484
-9999 -9999 -9999 -9999 -9999 -9999 -9999 -9999 -9999 -9999 -9999 -9999 -9999 -9999 31.93871 32.00323 32.04516 32.00323 31.94193 31.79032 31.80968 32.11613 32.30645 32.24194 32.28064 32.32903 32.3129 32.22581 32.27097 32.4129 32.40322 32.05806 32 32 31.83226 31.77097 32.15484 30.87097 29.04839 28.69355 29.91936 32.49355 32.66452 32.82903 32.96452 32.90322 32.76774 32.6258 32.26451 30.3 31.77097 32.66129 32.79678 32.53548 32.44194 32.87742 32.82258 32.60323 32.23871 32.15484 31.96452 31.09678 30.34194 31.41936 31.70968 31.13871 30.81936 31.28065 32.03548 32.40968 31.52903 31.73548
30.66774 30.58387 30.83548 30.92903 31.04516 31.22581 31.30645 31.53871 31.85161 31.85161 31.88065 31.86774 31.87097 31.89677 31.89677 -9999 -9999 31.89355 31.90645 31.9 31.91936 31.98064 32.07742 32.25161 32.21613 32.19677 32.16452 32.26129 32.57097 32.6129 32.56452 32.42903 32.43226 32.46774 32.39032 32.25484 31.92903 30.9129 28.30323 28.65806 30.43226 32.94839 32.65161 32.82903 32.95807 32.9129 32.84839 32.81613 32.48064 30.84516 32.42258 32.84193 32.89677 32.74516 32.66129 32.98709 32.63871 32.6258 32.44839 32.26451 32.00323 31.57419 31.84839 32.18064 31.87742 31.19355 31.34194 32.12903 32.36774 32.50323 32.26774 32.24194
30.80323 30.79032 30.68387 30.93226 31.10968 31.26129 31.25161 31.20968 31.5871 31.94193 31.84839 31.9129 31.97742 32 31.97742 31.9 31.82258 -9999 -9999 31.86452 31.94839 32.06452 32.18064 32.29678 32.22903 32.30323 32.4 32.48064 32.61613 32.61613 32.52258 32.39677 32.49032 32.52903 32.32581 31.96774 30.55484 28.98064 29.16452 29.48387 30.7129 33.11935 32.99032 32.8871 32.85806 32.96129 32.95807 32.74516 32.39677 31.60968 32.56129 32.88387 32.98387 32.93226 32.89032 32.95484 32.73871 32.51291 32.60968 32.54193 32.35484 32.12258 32.13548 31.77419 30.69032 30.43871 31.25806 32.23871 32.49032 32.52581 32.48064 32.3742
30.84194 30.82903 30.66129 30.94516 31.03226 31.14516 31.13871 31.11613 31.41936 31.72581 31.85161 31.95161 31.92258 31.89032 31.92903 31.87742 31.79677 31.76452 -9999 31.86774 31.95484 32.03548 32.13226 32.26451 32.21613 32.3871 32.5 32.48064 32.6129 32.50968 32.34193 32.02258 32.2129 32.3 31.9 31.29677 30.37097 29.17097 28.30323 28.78387 30.41936 32.98709 33.1129 32.87742 32.73871 32.78387 32.83871 32.72903 32.54193 32.36129 32.79032 32.85161 32.65161 32.73549 32.97097 32.92258 32.65807 32.67419 32.75484 32.72903 32.57097 31.94193 30.68064 30.50968 30.32581 30.16452 30.67419 31.73548 32.55806 32.69032 32.54839 32.59032
30.90645 30.93548 31.07419 31.12581 31.1129 31.11935 30.98064 30.88387 31.2871 31.45484 31.73871 31.80645 31.71613 31.75484 31.9 31.85806 31.84516 31.79032 31.76452 -9999 -9999 31.90968 32.05161 32.23226 32.1871 32.36774 32.49355 32.48064 32.50323 32.47742 32.3742 31.86452 32.01936 32.07742 31.35806 30.07742 28.77742 29.39677 29.21613 30.16452 31.03226 32.46129 32.97742 32.63871 32.73226 32.69032 32.80968 32.92903 32.65807 32.72903 32.56129 32.65807 32.5871 32.70322 32.94194 32.94516 32.65484 32.94839 32.86774 32.82581 32.6 32.04839 31.65806 31.10645 30.75806 30.93548 31.50645 31.94516 32.1258 32.7 32.16452 31.94516
-9999 30.99355 31.11935 31.29677 31.30323 31.32903 31.25484 31.04839 31.28065 31.51613 31.72258 31.69677 31.6129 31.69677 31.85484 31.91613 31.83548 31.77742 31.72903 31.84194 31.95484 -9999 -9999 32.14516 32.27419 32.33226 32.41613 32.48387 32.3742 32.08387 32.26774 32.26129 32.2871 32.11613 31.40968 30.44839 30.86452 30.45161 30.76774 31.01613 31.64516 32.33226 32.87097 32.83548 32.90322 33 33.01291 32.92581 32.76129 32.64839 32.80968 32.33548 32.41613 32.74839 33 33.01291 32.87742 32.83871 32.83226 32.72258 32.72581 32.59355 32.38065 32.45807 31.27097 31.99355 32.35484 31.94839 31.67742 32.02903 31.57742 30.79032
-9999 31.15161 -9999 -9999 31.38387 -9999 31.5 31.42258 31.46129 31.72903 31.7129 31.60323 31.67742 31.8 31.89677 31.9871 31.94516 31.85484 31.86774 31.96129 32.09355 32.15484 32.10968 -9999 -9999 -9999 32.38387 32.49032 32.27097 31.86774 32.32581 32.24194 32.29032 32.20322 31.79355 31.27742 31.22903 31.57742 31.15484 31.11935 31.76129 32.61613 32.77419 33.00323 32.83226 32.93871 33.02581 32.96452 32.86452 32.70322 32.76774 32.49355 32.41935 32.7129 33.05484 33.02581 32.78387 32.9 -9999 32.93871 32.72903 32.52903 32.58065 32.80645 32.66452 32.42903 31.8 31.02903 30.76774 31.43226 31.7 31.96452
-9999 -9999 -9999 -9999 -9999 -9999 -9999 -9999 31.42903 31.85161 31.74516 31.62903 31.69355 31.8871 32.02581 32.02258 31.96774 31.98064 32.05484 32.10645 32.11613 32.07742 32.05161 31.95161 32.23871 32.32581 -9999 32.46129 32.36774 32.2 31.90322 32.07419 32.2129 31.89355 31.53871 31.60968 31.45161 31.47097 31.05161 31.48064 32.12903 32.55161 32.76451 33.06774 32.96129 33.11613 33.14516 33.03226 32.92258 32.84193 32.73871 32.09032 32.36129 32.76774 33.01613 -9999 33.1258 33.06129 33.02903 32.97097 32.95161 32.90645 32.89677 32.58387 31.42258 30.74194 30.71613 31.02258 31.55161 32.26129 32.03548 -9999
-9999 -9999 -9999 -9999 -9999 -9999 -9999 31.76129 32.01291 32.08387 32.06774 32.07097 31.94839 31.82581 31.86774 32.06129 32.09355 32.15807 32.22903 32.19355 32.13226 32.09355 32.1129 32.26451 32.21613 32.14516 -9999 32.36452 32.33871 32.25806 32.43226 32.39032 32.30645 32.26451 32.09355 31.65161 31.39355 31.79355 32.03871 32.3 32.49355 32.70322 32.98709 33.18387 33.41935 33.47419 33.31613 33.1 32.8 32.21613 31.51613 -9999 32.94839 33.26129 33.38387 33.3742 33.30645 33.25806 33.1258 33.15161 33.13548 33.04193 32.87097 32.15161 30.6 30.57097 30.30968 30.28387 30.76129 31.26129 32.15484 32.68387
-9999 -9999 -9999 -9999 -9999 31.65484 31.75484 32.03871 32.36129 32.29355 32.30323 32.26774 32.00968 31.74839 31.65806 31.75161 32.10323 32.16452 32.22258 32.16129 32.09355 32.07419 32.11613 32.3129 32.16129 32.05484 32.0871 32.16774 -9999 32.42581 32.50968 32.44516 32.41613 32.37097 32.25161 32.03226 31.84194 31.89032 32.02258 32.29355 32.47742 32.72903 32.70322 32.99677 33.04839 33.23226 33.22903 33.11935 32.92258 32.42903 31.44516 32.59678 33.13226 33.4129 33.56774 33.59355 33.54516 33.49355 33.25484 33.22903 33.16129 33.07419 32.85161 32.00645 30.19355 29.93871 30.96129 31.51613 31.47419 31.86774 -9999 32.83226
-9999 -9999 -9999 -9999 -9999 31.76452 31.85806 32.03548 32.34839 32.56774 32.51936 32.3 31.5129 30.95484 31.04839 31.74516 32.13548 32.2129 32.24516 32.21936 32.23226 32.25161 32.2 32.17097 32.08387 32.00645 32.03871 32.22581 32.44194 32.54839 -9999 32.5 32.39355 32.1871 32.10645 32.15807 32.1258 32.14839 32.27419 31.9129 32.04193 32.47097 32.55161 32.74516 32.83871 33.02581 33.1258 33.16774 33.15161 32.95807 -9999 32.99677 33.30968 33.43871 33.49355 33.5 33.44516 33.47419 33.24839 33.23871 33.2 33.13226 -9999 32.53226 31.32581 29.66774 29.92258 31.04193 32.03871 32.6871 32.94194 32.80645
-9999 -9999 -9999 -9999 -9999 31.70645 -9999 -9999 32.40322 32.38387 32.10323 31.89355 31.55807 31.49355 31.61935 31.7 31.86129 32.19677 32.26129 32.29355 32.33226 32.30968 32.23871 32.03871 32.07097 32.13226 32.07097 32.18064 32.47742 32.56129 32.53871 32.52258 32.47419 32.41613 32.36774 32.36774 32.44516 32.39677 32.55484 32.4129 32.25484 -9999 32.77419 -9999 -9999 33.00645 33.12903 33.19677 33.19677 33.13548 33.10645 33.2129 33.19355 33.32258 33.42581 33.43226 33.39677 33.40645 33 33.02258 33.13226 33.15161 33.02258 32.78064 32.79678 31.19677 30.44193 31.39032 32.6258 -9999 32.91613 32.82903
-9999 -9999 -9999 -9999 -9999 -9999 -9999 -9999 31.99677 31.85484 31.27742 31.14516 31.36452 31.56452 31.66774 31.74839 31.72903 32.2 32.26774 32.2871 32.23226 32.17742 32.16129 32.1258 32.29032 32.29032 32.46129 32.64516 32.64839 32.61935 32.6258 32.70645 32.72903 32.66129 32.54839 32.46452 32.51291 32.65161 32.69677 32.63548 -9999 32.77419 32.90645 32.95807 33.00968 33.01291 33.06452 33.16774 33.24516 33.21936 33.2129 33.27419 33.13226 33.25161 33.36774 33.31613 33.21613 33.29355 32.94839 33.01613 33.08065 33.00968 32.6871 31.85484 31.72258 -9999 -9999 32.45161 32.85161 32.90645 32.90645 32.86452
-9999 -9999 -9999 -9999 -9999 -9999 -9999 31.98387 31.85484 31.76774 31.44516 31.48064 31.65161 31.76452 31.75161 31.74839 31.80968 32.12258 32.15484 32.17419 32.15807 32.12903 32.06774 32.09355 32.33548 32.32581 32.37742 32.50645 32.6 32.64839 32.69032 32.76129 32.6258 32.56129 32.62258 -9999 32.65161 32.87097 33.03548 -9999 32.92581 32.99032 33.01936 33 32.93548 33.00645 33.08065 33.19032 33.2871 33.33226 33.38387 33.39032 33.31936 33.29032 33.13226 32.98387 33.04839 33.08065 33.07097 33.02581 32.9129 32.80645 32.25484 30.4871 30.03548 31.74839 32.33548 -9999 32.98387 -9999 32.94516 32.7871
-9999 -9999 -9999 -9999 -9999 -9999 31.66129 31.74194 31.7 31.54839 31.25161 31.32903 31.56452 31.71613 31.75161 31.74516 31.71613 31.86774 32.11613 32.13548 32.07742 32.09355 32.0871 31.8 32.23226 32.29355 32.4 32.46452 32.54193 32.73871 32.68387 32.58065 32.52258 32.54516 32.59355 32.65484 32.7129 32.87742 33.04193 33.13226 33.10323 32.87097 32.84516 32.89677 32.81936 32.96129 33.1 33.22903 33.33226 33.46452 33.59355 33.50323 33.34193 33.34839 33.29355 33.20968 33.17742 32.9129 32.80968 32.76129 32.41935 32.3871 32.19355 30.54839 30.03548 31.31613 31.90322 32.62258 33.04516 32.95484 32.97419 32.74839
-9999 -9999 -9999 -9999 -9999 -9999 -9999 -9999 31.40968 31.38065 31.20645 31.32581 31.52581 31.59032 31.60968 31.66774 31.60323 31.77742 32.18387 32.15484 32.08065 31.99355 31.96129 32.01613 32.24839 32.36129 32.47419 32.49677 32.45484 32.46129 32.59678 32.33871 32.13548 32.09678 32.17419 32.27097 32.3871 32.62903 32.92903 33.10645 33.1 33.15807 33.05484 32.83226 32.93226 32.97742 33.1129 33.29032 33.39032 33.4 33.49355 33.3742 33.31613 33.34516 33.2 32.98709 32.82258 32.48387 32.82903 32.47097 31.97742 32.16774 32.40968 31.06774 28.99032 30.82903 31.62258 32.53548 33.06774 32.92581 32.71936 32.75806
-9999 -9999 -9999 -9999 -9999 -9999 -9999 -9999 31.41936 31.31936 31.28387 31.25484 31.36129 31.44516 31.49355 31.55161 31.56774 31.63871 32.12903 32.18387 32.17419 32.07097 31.95484 32.26451 32.2871 32.2129 32.36774 32.46129 32.4 32.32581 32.44516 32.26451 31.99677 31.93548 31.96129 31.9871 32.01291 32.01291 32.64839 33.01613 33.10968 33.36129 33.42258 33.21613 33.10323 33.07419 33.22258 33.26774 33.3 33.42258 33.51613 33.4129 33.27742 33.10323 33.05484 33.04839 32.67419 31.74194 32.31936 31.58064 31.6 32.16129 32.30323 31.54516 30.43548 30.62903 31.93226 32.82581 32.99032 32.75806 32.58065 32.23549
-9999 -9999 -9999 -9999 -9999 -9999 31.1871 31.3129 31.40968 31.30323 31.35806 31.23871 31.14194 31.2 31.25806 31.34839 31.65806 31.71935 32.00323 32.1129 32.12258 32.13871 32.21936 32.40322 32.37742 32.31936 32.39677 32.43548 32.31936 32.28064 32.25161 32.21613 32.03548 31.94193 31.99032 32.06129 32.10323 32.31936 32.73226 33.03871 33.02258 33.45161 33.36774 33.37742 33.34516 33.31936 33.31936 32.96774 32.74839 32.94194 33.13871 33.39677 33.29355 33.15807 33.09355 32.98709 32.4129 31.17419 31.29677 30.70323 30.85161 31.39677 31.86774 32.00968 30.56452 31.34839 32.14194 32.75484 33.05161 33.02581 32.76129 32.46774
-9999 -9999 -9999 -9999 -9999 -9999 31.10645 31.1871 31.38065 31.44193 31.3871 31.35484 31.22903 31.12258 30.92258 30.91936 31.42903 31.51613 31.25806 31.59678 31.80968 32.01936 32.24194 32.48387 32.4 32.4129 32.30968 32.33226 32.37742 32.21613 32.01613 31.81936 31.73871 31.74516 31.92903 32.12903 32.16774 32.27742 32.38065 32.91613 32.62903 32.6258 32.93871 33.30645 33.35484 32.80645 32.82903 32.52581 32.2129 32.45161 33.05161 33.32903 33.34516 33.33226 33.22581 32.87742 32.23226 31.33871 30.56774 30.47742 30.94516 31.51613 31.92581 32.25484 32.10968 31.6 32.46452 32.60645 32.80323 33.10968 32.99677 32.8129
-9999 -9999 -9999 -9999 -9999 -9999 -9999 31.1871 31.33871 31.53871 31.47742 31.25484 31.19032 31.16774 31.12258 31.12903 31.25806 31.44193 31.3871 31.42903 31.63226 31.86774 32.10968 32.35161 32.45484 32.35484 32.03226 32.09032 32.30645 32.18064 32.03871 31.68064 31.46129 31.43226 31.56774 31.78065 31.8129 31.46452 31.52903 32.34839 32.22581 32.51613 33.20968 33.43226 33.29678 32.41935 32.35806 32.65807 32.83548 32.91935 33.17742 33.29678 33.33871 33.23549 33.06129 32.59032 32.06774 31.69677 30.55161 31.37419 31.08064 30.85484 31.22258 31.7871 32.26451 31.75806 32.46774 32.55161 32.82581 33.07742 32.87742 32.98064
-9999 -9999 -9999 -9999 -9999 -9999 -9999 31.19032 31.26129 31.36452 31.39677 31.34516 31.25484 31.3 31.40968 31.47097 31.46774 31.48387 31.22903 31.1129 31.5 31.87419 31.99032 32.42903 32.50968 32.36129 32.07419 31.98064 32.1258 32.29678 32.1258 31.78065 31.51613 30.99677 30.92258 31.21613 31.18387 30.1 30.06774 31.70323 32.46774 33.04193 33.20322 33.1258 33.13548 33.18387 32.76129 32.73871 32.6 32.44516 33.01613 33.3742 33.22581 32.98709 32.89677 32.86452 32.68387 32.0871 29.78387 30.80968 31.35806 31.70645 31.81613 31.73548 32.46129 32.37097 32.6258 32.52903 32.7871 33.01291 32.83548 32.78064
-9999 -9999 -9999 -9999 -9999 -9999 -9999 31.42903 31.39677 31.32581 31.22581 31.46774 31.52903 31.41936 31.3129 31.31936 31.4871 31.62258 31.71935 31.7129 31.81613 31.86774 31.84194 32.12903 32.47097 32.32581 32.17742 31.94516 32.01936 32.38065 32.13226 31.97097 31.3871 30.96774 30.28065 30.2 30.28387 28.71613 30 31.24839 32.52581 32.90645 32.63226 32.12903 32.02258 32.55806 32.56129 32.29032 32.09678 32.34516 33.15161 33.3871 33.22903 33.11613 33.06774 32.95161 32.77419 32.49032 30.13871 30.73548 30.97097 31.43226 31.87097 31.76774 31.81936 32.69032 32.79355 32.64839 32.6871 32.89355 33 32.7
