features/re_bio10.asc
ncols         768
nrows         589
xllcorner     124.299398925
yllcorner     32.893460211367
cellsize      0.010567299164062
NODATA_value  -9999
[rows 256 to 287 of 589, columns 432 to 503 of 768]
24.85036 24.96692 25.11265 24.9366 24.78344 25.54975 25.66498 24.87025 24.43308 24.38875 24.40219 24.25677 24.09828 24.18616 24.25595 24.82767 25.09932 25.25233 25.02108 25.20434 25.44849 24.92824 24.69677 24.92803 24.98577 24.84591 24.59932 24.36745 24.36165 24.08527 24.02333 24.04495 24.06767 23.66473 23.25226 23.7248 25.43982 25.59254 25.50409 25.75298 25.88953 25.89068 26.17108 25.69211 25.42054 25.62939 25.85004 26.1448 26.35677 26.39624 26.30133 26.00692 -9999 -9999 -9999 -9999 -9999 -9999 -9999 -9999 -9999 -9999 -9999 -9999 -9999 -9999 -9999 -9999 -9999 -9999 -9999 -9999
24.62437 24.66047 24.38237 24.33896 24.6943 25.1586 25.33566 25.37799 24.79774 24.59355 24.46122 24.05928 23.63982 23.91577 23.89201 24.20047 24.47229 24.69842 25.00477 24.99817 25.31756 24.93896 24.98989 25.05495 25.07262 24.87505 24.59774 24.49204 24.65147 24.62835 24.41577 24.23616 23.74778 23.26534 22.9991 23.20652 24.88642 25.39487 25.67785 25.70086 25.5686 25.61251 25.9786 25.94688 25.39817 25.95394 25.94165 26.08953 26.24512 26.30645 26.32642 26.04154 -9999 -9999 -9999 -9999 -9999 -9999 -9999 -9999 -9999 -9999 -9999 -9999 -9999 -9999 -9999 -9999 -9999 -9999 -9999 -9999
24.46667 24.59975 24.30642 23.90749 23.9662 24.41075 25.2076 25.70979 24.58839 24.14487 24.17215 24.11036 23.99394 23.9652 23.23047 23.61047 23.80652 24.17387 24.50384 24.94161 25.34262 25.24233 25.09928 25.06025 24.93111 24.87351 24.94176 24.97982 24.70258 24.12785 23.76774 23.5815 23.56968 23.6438 23.60448 23.40064 24.29659 25.50975 25.64075 25.20631 25.27108 25.65799 25.93419 26.1091 25.43298 25.53344 25.94136 26.15384 26.2876 26.39882 -9999 -9999 -9999 -9999 -9999 -9999 -9999 -9999 -9999 -9999 -9999 -9999 -9999 -9999 -9999 -9999 -9999 -9999 -9999 -9999 -9999 -9999
25.03871 23.87921 23.44617 23.41663 23.90283 24.53796 24.20201 25.3567 25.11222 24.32194 24.27842 24.39039 24.08412 23.66839 23.41305 23.37337 24.13294 24.35602 24.54054 24.79265 25.19473 25.19254 25.33165 25.37419 25.13104 25.15075 25.16796 24.99616 24.58054 23.64903 23.93376 23.58928 23.7553 23.93914 23.84746 23.64699 24.37179 25.72907 25.49505 25.11315 25.39125 25.80545 26.01581 26.11921 25.82502 25.76416 25.97405 26.22014 26.29423 26.34129 -9999 -9999 -9999 -9999 -9999 -9999 -9999 -9999 -9999 -9999 -9999 -9999 -9999 -9999 -9999 -9999 -9999 -9999 -9999 -9999 -9999 -9999
24.2943 24.01624 23.92677 24.17674 24.48685 24.71745 24.82534 25.5952 25.65903 24.97961 24.9624 25.00043 24.6872 24.19147 23.52183 23.45857 24.2643 24.24212 24.25376 24.52502 24.86208 25.12419 25.3448 25.03086 24.82749 24.83509 24.80262 24.75254 24.77602 24.62728 24.3067 24.04627 23.60566 23.7419 23.84448 24.03563 25.09616 25.69939 25.00878 25.24355 25.46986 25.69183 25.88154 25.9472 25.64767 25.55631 25.97642 26.05272 -9999 -9999 -9999 -9999 -9999 -9999 -9999 -9999 -9999 -9999 -9999 -9999 -9999 -9999 -9999 -9999 -9999 -9999 -9999 -9999 -9999 -9999 -9999 -9999
24.82806 23.62362 23.53753 23.78971 24.19875 24.35645 24.73932 25.72878 24.46559 24.67523 24.84814 24.98631 25.0024 24.72398 24.19767 23.89075 24.27803 24.26337 24.26437 24.51627 24.81516 25.24728 25.1862 24.80953 24.49577 24.59326 24.72301 24.67631 24.60179 24.73731 24.84523 24.51391 24.17272 24.17108 23.7447 23.74136 25.24663 25.33785 24.58882 25.06946 25.56918 25.6767 25.59857 25.50677 25.51462 25.68222 26.13111 26.14935 -9999 -9999 -9999 -9999 -9999 -9999 -9999 -9999 -9999 -9999 -9999 -9999 -9999 -9999 -9999 -9999 -9999 -9999 -9999 -9999 -9999 -9999 -9999 -9999
25.03219 23.7791 23.36344 23.63509 23.72763 23.89093 24.8709 25.34713 23.71269 23.78057 23.88706 23.67606 24.05552 24.85677 24.94391 24.45358 24.66961 24.37165 24.31943 25.09265 25.04807 24.72527 24.62176 24.91219 24.96323 24.91867 24.85136 24.85695 24.86774 24.73903 24.57832 24.50298 24.14613 23.62831 23.63717 23.71387 24.82767 24.66075 24.34803 24.64229 25.34366 25.47803 25.34538 25.24505 25.25932 25.87971 26.13885 26.19882 -9999 -9999 -9999 -9999 -9999 -9999 -9999 -9999 -9999 -9999 -9999 -9999 -9999 -9999 -9999 -9999 -9999 -9999 -9999 -9999 -9999 -9999 -9999 -9999
23.87204 23.52688 23.23749 23.57649 24.1029 24.53355 24.89043 25.09369 24.8504 23.16702 22.80391 23.28315 24.01505 24.81219 25.09168 24.12025 24.48168 24.31122 24.23584 25.07215 24.99606 24.60229 24.131 24.15731 24.48918 24.54018 24.61093 24.55993 24.47591 24.3557 23.74143 23.61484 23.88538 24.45667 24.60674 24.34319 24.74806 24.43147 24.43394 25.15247 25.06136 25.05584 25.11609 25.13681 25.21642 25.66312 25.99595 26.11627 -9999 -9999 -9999 -9999 -9999 -9999 -9999 -9999 -9999 -9999 -9999 -9999 -9999 -9999 -9999 -9999 -9999 -9999 -9999 -9999 -9999 -9999 -9999 -9999
24.69742 23.77667 23.64061 23.10122 23.45699 24.25294 24.70979 25.20043 24.51563 23.40262 23.32233 23.47652 24.31416 24.93308 24.76126 24.45552 24.53029 24.26244 23.88366 24.93179 25.03624 24.98064 24.44538 23.89491 24.02029 23.79093 23.71642 23.9985 24.13344 23.8709 23.65384 23.9828 23.99566 24.42613 24.69423 24.23244 24.55172 25.4195 25.519 25.61581 24.43498 24.47556 24.99276 25.54255 25.78695 25.57093 25.66968 25.97025 -9999 -9999 -9999 -9999 -9999 -9999 -9999 -9999 -9999 -9999 -9999 -9999 -9999 -9999 -9999 -9999 -9999 -9999 -9999 -9999 -9999 -9999 -9999 -9999
24.34953 24.32029 23.91796 23.27606 23.08455 23.14125 23.66577 24.61853 23.36305 22.66172 23.82441 24.6305 24.7491 24.83832 24.92749 24.62928 24.47814 24.01405 23.8152 24.2343 24.2353 24.69763 24.91201 24.45143 23.79713 24.27566 23.9066 23.82731 23.81867 23.68509 23.76276 24.14043 24.5633 24.58308 24.65369 24.6952 25.05918 24.71319 24.44527 25.48011 24.84233 24.85194 24.6852 24.7814 25.30505 25.71638 25.66634 26.17516 -9999 -9999 -9999 -9999 -9999 -9999 -9999 -9999 -9999 -9999 -9999 -9999 -9999 -9999 -9999 -9999 -9999 -9999 -9999 -9999 -9999 -9999 -9999 -9999
23.99502 24.00036 23.98312 23.85796 24.00254 24.1081 24.23434 24.49226 24.15075 24.2191 24.58799 24.66412 24.95358 25.1919 25.22774 25.0133 24.56061 24.56846 24.23161 23.57574 23.80921 24.13993 24.1028 24.86835 24.6548 24.38441 24.46724 24.33104 24.07197 23.87738 23.83961 23.78136 24.53444 24.82423 24.67054 24.32401 24.26405 24.66756 24.9457 24.34233 23.60444 23.72366 24.03803 24.70889 25.35634 25.62491 25.87703 26.44014 -9999 -9999 -9999 -9999 -9999 -9999 -9999 -9999 -9999 -9999 -9999 -9999 -9999 -9999 -9999 -9999 -9999 -9999 -9999 -9999 -9999 -9999 -9999 -9999
24.71151 23.78613 24.00258 23.62939 23.89154 24.45075 24.64652 24.4681 24.64882 25.11444 25.03943 25.20047 25.13509 24.94469 24.95663 25.12642 24.84247 24.25495 24.36857 23.94254 23.71344 23.83928 24.12498 23.87466 24.11699 24.52871 24.51588 24.50064 24.25824 24.16301 24.23258 24.14226 24.4453 24.399 23.75534 23.37527 24.41591 24.57143 24.19606 24.30495 24.10301 23.44602 24.09459 24.87344 25.34014 25.53115 25.78882 26.7262 -9999 -9999 -9999 -9999 -9999 -9999 -9999 -9999 -9999 -9999 -9999 -9999 -9999 -9999 -9999 -9999 -9999 -9999 -9999 -9999 -9999 -9999 -9999 -9999
25.64996 24.48319 24.05989 24.13194 24.42129 24.63107 24.71928 24.81512 24.95333 24.97083 25.02731 25.14255 25.08835 25.08936 24.96215 24.86541 25.13405 24.86208 24.48792 23.95168 23.50495 23.61839 23.71412 23.29961 24.15043 24.20154 24.25516 23.93366 23.78036 24.06039 24.36796 24.13885 23.93724 24.16642 23.45939 22.93849 24.24907 24.64867 24.18423 24.13824 23.8828 23.64548 24.05581 24.25756 24.94247 25.6919 25.78262 -9999 -9999 -9999 -9999 -9999 -9999 -9999 -9999 -9999 -9999 -9999 -9999 -9999 -9999 -9999 -9999 -9999 -9999 -9999 -9999 -9999 -9999 -9999 -9999 -9999
24.80272 24.39061 24.72341 24.63315 24.74194 24.65717 24.6181 24.59735 24.51358 24.51366 25.20893 24.74219 24.88262 24.49738 24.54638 24.80093 24.8424 25.11638 25.00645 24.76846 24.35276 23.98616 23.86505 23.93229 24.16839 24.06204 24.18914 24.49434 24.36555 24.42179 24.32125 23.9243 23.64194 23.54975 23.39204 23.76 24.17545 23.27319 22.56828 23.13613 23.05419 23.91796 23.79652 24.25559 25.35602 26.15785 26.42011 -9999 -9999 -9999 -9999 -9999 -9999 -9999 -9999 -9999 -9999 -9999 -9999 -9999 -9999 -9999 -9999 -9999 -9999 -9999 -9999 -9999 -9999 -9999 -9999 -9999
23.46287 24.24168 24.67441 24.62875 24.85831 24.39373 24.27315 24.39595 24.3786 24.47118 25.05763 24.74315 24.57036 24.22545 24.32878 24.59738 24.78455 24.99473 24.93488 23.91473 24.20695 24.25154 24.03233 23.85437 23.92552 23.97821 23.92373 24.25262 24.25444 24.11688 24.17656 23.9272 23.21054 23.43215 23.79878 24.22086 24.2724 23.13093 22.42735 23.11355 24.23423 24.32914 24.58907 24.71021 25.41491 26.04115 26.27606 -9999 -9999 -9999 -9999 -9999 -9999 -9999 -9999 -9999 -9999 -9999 -9999 -9999 -9999 -9999 -9999 -9999 -9999 -9999 -9999 -9999 -9999 -9999 -9999 -9999
24.3504 24.89093 24.62219 23.91864 24.57323 24.4253 23.95118 23.61383 23.6496 24.16215 24.92581 24.87477 24.48864 23.949 24.14487 24.43412 24.63864 24.89358 24.70416 24.12745 24.01326 24.31391 24.52627 24.48376 24.31645 23.7538 23.69491 23.49319 23.20075 23.84312 23.9252 23.71297 23.57896 22.971 24.12627 24.30297 23.93437 23.27129 23.12169 23.54606 23.64086 23.36803 23.97781 25.40072 26.02341 26.12061 26.2967 -9999 -9999 -9999 -9999 -9999 -9999 -9999 -9999 -9999 -9999 -9999 -9999 -9999 -9999 -9999 -9999 -9999 -9999 -9999 -9999 -9999 -9999 -9999 -9999 -9999
25.13871 24.66681 24.01989 23.60283 24.57426 24.22194 23.94018 24.0076 24.22297 24.35796 24.33072 24.44935 23.95979 23.69871 23.51265 23.67563 24.20437 24.55394 24.2209 24.14978 24.10738 23.93161 24.16262 24.29373 23.96774 23.7557 23.75606 23.59509 23.20466 23.10756 23.6662 24.09477 23.92298 23.66925 24.11745 24.40068 23.29556 22.92986 23.4314 23.86652 23.44201 23.48154 24.49122 25.47677 26.0976 26.26348 26.38075 26.62036 -9999 -9999 -9999 -9999 -9999 -9999 -9999 -9999 -9999 -9999 -9999 -9999 -9999 -9999 -9999 -9999 -9999 -9999 -9999 -9999 -9999 -9999 -9999 -9999
25.04735 23.72401 23.80312 23.76276 24.63197 24.00326 23.36229 23.69086 24.09014 24.2152 24.53953 23.9652 23.80312 23.25014 23.36125 23.7028 24.06312 24.14685 23.90821 24.11871 24.22763 24.09756 24.06269 24.16649 23.97545 23.66308 24.25993 23.74082 23.64993 23.38889 23.60262 23.60824 23.33455 23.59724 24.34323 24.19767 22.59509 22.70498 23.30763 24.05473 24.39993 24.47982 24.94161 25.98606 25.9676 26.291 26.60355 26.77333 -9999 -9999 -9999 -9999 -9999 -9999 -9999 -9999 -9999 -9999 -9999 -9999 -9999 -9999 -9999 -9999 -9999 -9999 -9999 -9999 -9999 -9999 -9999 -9999
24.15462 24.77996 24.36659 24.29387 24.41437 23.97599 22.96842 23.19667 23.87896 24.03244 23.92806 24.12387 23.6747 22.3752 22.84319 23.84878 24.05437 23.81491 23.95846 24.41323 24.32272 24.53738 24.55566 24.48796 24.35487 24.24692 24.59509 24.26477 24.01613 24.0881 23.82824 23.71523 23.90373 24.11663 24.01208 23.71642 22.81588 23.12656 23.26939 23.72007 24.56093 25.27215 25.35358 26.24233 26.1671 26.28642 26.53674 26.79068 -9999 -9999 -9999 -9999 -9999 -9999 -9999 -9999 -9999 -9999 -9999 -9999 -9999 -9999 -9999 -9999 -9999 -9999 -9999 -9999 -9999 -9999 -9999 -9999
22.99778 23.66064 24.27305 23.91434 23.32548 24.16756 23.58875 23.40466 23.47523 23.53186 23.45681 23.00846 24.16104 22.74104 22.87448 22.91032 22.83201 22.92455 23.18355 24.10401 24.45803 24.46462 24.77943 24.8 24.47509 24.34323 24.53115 23.78642 24.09814 23.75075 23.7972 24.11964 24.11796 23.82584 23.68875 22.96151 24.41828 24.77226 24.22581 24.02552 24.73043 25.5995 25.76943 26.08394 26.41176 26.65874 26.8338 -9999 -9999 -9999 -9999 -9999 -9999 -9999 -9999 -9999 -9999 -9999 -9999 -9999 -9999 -9999 -9999 -9999 -9999 -9999 -9999 -9999 -9999 -9999 -9999 -9999
23.81821 23.34556 23.42366 23.60412 23.89358 24.33176 23.62667 22.91953 23.24276 23.56796 23.14344 22.78971 23.01394 22.60143 21.61713 22.09477 22.74903 22.87219 23.17505 24.65229 24.61369 24.72169 24.79685 24.78699 24.62244 24.31616 23.91064 23.4628 24.81928 24.41348 24.23591 23.81577 23.32763 23.36168 23.77319 23.32975 25.13505 24.26305 23.71617 24.24814 25.0009 25.40796 26.32301 26.06824 26.53294 26.7757 26.91358 -9999 -9999 -9999 -9999 -9999 -9999 -9999 -9999 -9999 -9999 -9999 -9999 -9999 -9999 -9999 -9999 -9999 -9999 -9999 -9999 -9999 -9999 -9999 -9999 -9999
24.29283 23.86215 23.46796 23.39878 23.47258 23.94208 23.63745 23.43523 23.74978 23.55047 22.92885 22.82864 22.80896 21.79556 20.65344 20.83237 21.76961 22.36806 23.00495 23.9762 24.7371 24.15505 24.78269 24.88183 24.39781 24.06441 24.19427 24.49649 24.85892 24.4609 24.2247 23.78025 23.80584 24.34093 24.57505 24.02172 25.03484 25.2886 24.89839 24.6795 24.95831 25.6386 26.5995 26.71685 26.79957 26.90989 26.99642 26.97516 -9999 -9999 -9999 -9999 -9999 -9999 -9999 -9999 -9999 -9999 -9999 -9999 -9999 -9999 -9999 -9999 -9999 -9999 -9999 -9999 -9999 -9999 -9999 -9999
25.35405 24.48957 24.18749 23.63853 23.27896 23.69875 23.39953 23.29043 23.42735 22.78405 21.76957 21.39832 21.51254 21.77312 20.57943 21.26584 21.49495 21.96437 21.94032 23.34402 24.58495 23.97943 24.97803 24.73254 24.41108 24.50061 24.66534 24.5015 24.20642 23.88169 24.14376 24.49373 24.8385 25.00444 24.77405 24.32817 24.98369 25.29201 25.68581 25.70814 25.86631 26.20595 26.13477 25.93208 26.62262 26.87007 26.96749 26.93502 26.53548 -9999 -9999 -9999 -9999 -9999 -9999 -9999 -9999 -9999 -9999 -9999 -9999 -9999 -9999 -9999 -9999 -9999 -9999 -9999 -9999 -9999 -9999 -9999
24.94197 25.02093 24.69427 23.63477 23.04538 24.11401 24.58892 23.78072 22.90319 22.57556 22.39907 21.81982 20.97767 21.31405 21.5471 22.15939 22.60907 22.93419 22.75018 23.77631 23.50821 23.50702 25.01731 24.6062 24.58563 24.49753 24.42548 24.76459 24.31509 24.01315 23.78427 24.81631 25.42498 25.0976 24.41018 24.28082 25.41498 25.94566 25.66986 26.01233 26.16896 25.88796 25.78201 26.249 26.58441 26.82004 26.85398 26.37545 26.33104 -9999 -9999 -9999 -9999 -9999 -9999 -9999 -9999 -9999 -9999 -9999 -9999 -9999 -9999 -9999 -9999 -9999 -9999 -9999 -9999 -9999 -9999 -9999
24.24563 24.55731 25.03742 24.62753 23.97577 23.79391 24.92 24.32871 23.78778 23.08685 22.379 21.09667 19.97265 22.0424 22.42885 21.69176 22.02548 22.82179 22.95527 23.23724 24.04606 25.31889 25.45186 25.17082 24.86799 24.59993 24.1648 23.54011 23.12821 24.73548 23.67663 24.84344 25.51796 25.28323 24.76115 24.41986 24.53143 25.96043 25.96129 26.14563 26.14742 25.95502 25.91903 26.20107 26.29082 26.70129 26.71663 26.88477 26.94634 -9999 -9999 -9999 -9999 -9999 -9999 -9999 -9999 -9999 -9999 -9999 -9999 -9999 -9999 -9999 -9999 -9999 -9999 -9999 -9999 -9999 -9999 -9999
24.5134 24.38039 24.58412 24.47036 24.20548 24.59882 25.17434 25.25742 24.82204 23.73598 23.29183 22.81057 22.0152 23.17444 23.65362 23.0067 23.23283 23.92574 23.05674 22.53516 23.55699 25.35484 23.69039 24.10875 24.24498 24.3209 24.50064 24.48767 24.32108 25.27154 24.85685 25.5648 25.26925 25.12935 25.06459 24.64226 24.76764 25.82168 26.16645 26.23857 26.12599 26.0976 26.18932 26.27566 26.53785 26.63835 26.55466 26.66294 26.70975 -9999 -9999 -9999 -9999 -9999 -9999 -9999 -9999 -9999 -9999 -9999 -9999 -9999 -9999 -9999 -9999 -9999 -9999 -9999 -9999 -9999 -9999 -9999
24.75577 24.40351 24.5829 24.38674 23.85828 23.84258 24.01398 24.79821 25.20072 25.14083 24.2105 23.0085 22.51706 23.31523 24.07946 23.95387 23.99344 24.76939 24.38502 22.85677 23.0305 24.63624 25.13516 24.69082 24.33717 24.67724 24.59409 24.23649 24.70932 25.37208 25.87122 25.78312 25.10258 24.54115 24.47892 24.59713 25.58125 26.05032 26.28893 26.31176 26.32502 26.2791 26.19072 26.31419 26.76961 26.96423 26.99839 26.98351 26.92731 26.56853 -9999 -9999 -9999 -9999 -9999 -9999 -9999 -9999 -9999 -9999 -9999 -9999 -9999 -9999 -9999 -9999 -9999 -9999 -9999 -9999 -9999 -9999
25.00738 24.70143 25.23706 25.1614 24.54086 24.501 25.09283 25.63351 24.44617 25.33488 24.4633 23.26011 23.3919 24.13434 23.91746 23.46857 23.7333 24.25229 24.84219 24.66491 24.14237 25.24616 25.33348 25.17753 24.97821 24.94326 24.89527 25.03383 25.37104 25.59036 26.07874 25.91315 25.5634 25.12882 25.23552 25.41778 25.86667 26.25376 26.34355 26.40828 26.4457 26.55211 26.5486 26.52839 26.79495 26.99591 27.10204 27.04907 27.06047 26.90158 -9999 -9999 -9999 -9999 -9999 -9999 -9999 -9999 -9999 -9999 -9999 -9999 -9999 -9999 -9999 -9999 -9999 -9999 -9999 -9999 -9999 -9999
24.34337 25.35968 25.40903 25.41574 25.54204 25.75161 26.09165 26.04072 25.90993 24.64523 24.96824 24.35652 23.34082 23.29918 23.01792 22.22867 22.15538 23.23416 23.40874 25.05122 24.80946 25.2495 25.50115 24.4062 24.64946 25.38957 25.41875 25.28907 25.69269 26.22301 26.02355 25.64968 25.25333 25.32735 25.50735 25.65943 25.87362 26.3576 26.38348 26.3528 25.91161 26.09889 26.59957 26.92566 27.04853 27.06925 27.11419 27.12749 27.11143 27.07882 27.01595 -9999 -9999 -9999 -9999 -9999 -9999 -9999 -9999 -9999 -9999 -9999 -9999 -9999 -9999 -9999 -9999 -9999 -9999 -9999 -9999 -9999
25.23441 25.92498 25.9286 26.08534 26.29186 26.36032 26.37566 26.38545 25.90982 25.15039 24.54835 23.6667 23.16846 23.58212 24.01176 23.33032 22.80531 23.57753 23.71398 24.81294 25.769 25.58624 25.27136 24.68316 24.87498 25.54204 25.92806 26.0362 26.13204 26.21634 25.99699 25.76025 25.76606 25.76025 25.77215 25.84885 25.77767 26.25914 26.3367 26.03405 25.33616 25.64441 26.30738 26.81982 27.03749 27.01771 27.05828 27.13186 27.14351 27.11634 27.04785 26.99258 -9999 -9999 -9999 -9999 -9999 -9999 -9999 -9999 -9999 -9999 -9999 -9999 -9999 -9999 -9999 -9999 -9999 -9999 -9999 -9999
25.4533 26.3319 26.41061 26.43606 26.38534 26.35606 26.45935 26.09946 25.60215 26.05688 25.13724 24.44398 23.66075 23.7252 25.04634 24.31713 22.66294 24.3686 24.64688 25.12652 25.5829 25.67111 25.01548 24.50788 25.27054 25.2272 25.67839 26.20405 26.24373 25.91828 25.781 25.73319 25.75652 25.81839 25.87394 25.94082 25.84391 26.10595 26.07018 25.72717 25.05204 25.81598 26.29505 26.58118 26.90896 27.04229 27.07527 27.15792 27.14702 27.04935 26.9514 -9999 -9999 -9999 -9999 -9999 -9999 -9999 -9999 -9999 -9999 -9999 -9999 -9999 -9999 -9999 -9999 -9999 -9999 -9999 -9999 -9999
25.96133 26.01685 26.28552 26.59986 26.59466 26.53849 26.55918 26.27763 26.09362 25.65133 25.95531 25.75513 25.45817 25.54509 25.81778 25.65699 26.09097 26.2129 26.36509 26.05982 25.67878 25.33022 24.9609 24.71799 23.33176 23.50538 23.61559 24.79677 25.87222 26.22416 26.28996 26.25993 26.14753 26.13455 26.08645 26.17498 25.979 26.21857 26.04287 25.2376 25.00767 25.77591 26.28935 26.53849 26.76022 27.00262 27.15846 27.181 26.90964 27.03075 -9999 -9999 -9999 -9999 -9999 -9999 -9999 -9999 -9999 -9999 -9999 -9999 -9999 -9999 -9999 -9999 -9999 -9999 -9999 -9999 -9999 -9999
