features/re_bio8.asc
ncols         768
nrows         589
xllcorner     124.299398925
yllcorner     32.893460211367
cellsize      0.010567299164062
NODATA_value  -9999
[rows 256 to 287 of 589, columns 216 to 287 of 768]
26.71 26.61652 26.33125 25.52082 25.79376 26.35513 26.40337 26.32 26.09806 26.01491 25.51656 25.80118 26.00409 26.01588 25.79344 25.36921 25.08556 25.50086 25.84491 25.81118 26.0472 26.15305 25.97341 25.1448 25.57484 25.80552 25.93294 25.64853 25.18466 24.63258 24.6338 25.47344 25.91294 26.20849 25.9424 26.44183 26.77638 26.8266 26.71921 26.61606 26.73538 26.50717 26.6233 26.65602 26.73545 26.76376 26.64953 26.72226 26.55939 26.81573 26.64319 26.54118 26.15993 25.98143 26.53609 26.64932 25.80445 26.46953 26.12258 25.83484 25.98125 26.35914 25.66538 26.20409 26.75229 26.89559 26.81835 26.65351 26.64932 26.8167 26.38932 26.15706
26.65326 26.39222 25.63928 25.7962 25.93613 26.26839 26.37717 26.26595 25.98072 26.3224 25.91011 26.10659 25.21258 24.47039 24.86057 25.68312 25.88125 26.02717 26.00208 26.09986 26.16634 26.04315 26.03563 25.50172 26.18126 26.35108 26.50817 26.07111 25.15201 24.88194 25.18265 25.43882 26.01358 26.43222 26.25864 26.32147 26.58749 26.78964 19.24183 26.78875 26.71502 26.52584 26.72104 26.81559 26.68871 26.49871 26.49215 26.73194 26.55627 26.64882 26.18853 26.29061 26.23921 26.19215 26.58201 26.37588 25.55276 26.38534 26.50168 25.82728 25.43208 25.96824 26.37452 26.64713 26.85538 26.69695 25.95344 25.67556 26.03932 26.53129 26.80509 26.44272
26.51068 26.04713 26.22885 25.93943 26.03129 26.38638 26.33301 26.40631 26.42269 26.43226 26.35602 25.83477 25.23634 24.48025 24.90771 25.79538 25.85745 26.02631 26.11803 25.96939 25.83638 25.47255 25.68168 25.80796 25.62932 26.25764 26.48642 26.47566 25.75774 25.22047 25.34262 25.80692 26.22728 26.27706 26.32921 26.4671 26.68753 19.17824 19.14749 19.1167 26.79204 26.82251 26.45201 26.55394 26.49982 26.28703 26.39548 26.76878 26.75516 26.64125 26.10591 25.94846 25.9657 26.19882 26.58749 26.36946 25.62455 26.31477 26.14667 25.48767 25.29871 25.97599 26.12136 26.3386 26.73595 26.42237 25.3553 25.45527 26.21842 26.46617 26.71176 26.70151
26.68824 26.6457 26.55577 26.43122 26.15548 26.56638 26.48699 26.34803 26.09197 25.7509 25.86427 26.01581 25.64455 24.44086 24.29376 24.88337 25.11441 25.86287 25.88695 25.27 25.78079 25.99882 25.75043 25.41495 25.89953 26.20125 25.64351 25.60552 25.77717 25.76391 25.6071 25.75516 26.40287 25.76036 26.55509 19.08039 19.01111 26.43484 26.4162 18.95846 26.83631 26.8681 26.38821 26.20792 26.02645 26.00806 26.38785 26.80039 26.99867 26.89971 26.65957 26.27082 26.25444 26.3662 26.32914 26.28158 25.68871 26.32907 25.54853 25.27599 25.51029 25.82835 25.94437 26.19523 26.47419 26.21287 25.31634 25.47695 26.15032 26.32763 26.52111 26.93957
26.69115 26.7695 26.54129 25.8329 26.26233 26.42774 26.27409 25.549 24.48986 24.401 23.84993 24.57742 23.85197 23.49036 23.72287 24.3081 25.03376 25.66785 25.53341 25.7581 25.49649 25.65882 25.67509 25.64677 26.41574 25.80351 25.47355 25.70018 26.17057 26.25323 26.22057 26.34699 26.35459 26.67466 26.78538 26.71204 19.14083 26.59129 18.92993 19.10466 26.87337 26.21552 26.39706 26.39921 26.13312 26.23964 26.73355 26.8234 26.80649 26.6553 26.74975 26.29814 25.87989 25.9948 26.43229 26.50305 26.3814 26.35086 25.11215 24.47057 24.3152 24.44437 25.17391 25.87391 26.37803 26.22932 25.38803 25.57581 26.30792 26.58108 26.5791 26.96129
26.82391 26.72957 26.45255 26.65874 26.70986 25.89896 25.5395 25.03344 24.28111 24.40222 23.88226 23.93391 24.02538 24.76907 25.27323 25.36685 25.42681 25.4738 25.35384 25.49559 25.18509 25.27337 25.50634 26.00298 25.96932 26.57943 26.18488 25.61305 25.70237 26.18068 26.34061 26.24032 26.54753 26.53362 26.61509 26.79584 26.37452 26.13315 26.20577 26.44341 26.75824 26.73584 26.63269 26.27864 26.31437 26.60086 26.73 26.65197 26.56986 26.30237 26.37631 26.49251 26.06344 26.08068 26.68986 26.72889 26.81029 26.51921 25.02312 23.86054 23.68233 24.64294 25.27681 26.16599 26.5309 26.25749 25.78186 25.85373 26.39133 26.8238 26.88814 27.04147
26.85394 26.79907 26.74029 26.74889 26.71427 25.13401 24.89878 25.32208 25.1767 24.41574 24.5619 24.05677 24.3567 24.73692 25.35029 25.58968 25.18599 24.80577 24.65785 24.94233 25.39563 25.25075 25.72427 25.99692 25.58498 26.19477 26.12717 25.85674 25.23312 25.65692 26.37337 26.55204 26.72097 26.72871 26.70681 26.62219 19.1728 26.63409 26.59384 26.87469 26.92677 26.8448 26.41892 26.32538 26.27641 26.33287 26.51194 26.54821 26.43953 26.52846 26.58606 26.41982 26.31333 26.55419 26.87763 26.71907 26.40201 26.39434 23.92226 23.72785 24.08599 24.33233 24.20319 24.40828 26.25376 25.8557 25.21839 25.68204 26.43237 26.77771 26.91029 26.94523
26.83323 26.84986 26.82057 26.73366 26.62287 25.11541 25.141 25.44204 25.24222 24.98889 23.7514 23.74832 24.43409 25.03555 25.5533 25.45068 24.95717 25.11409 24.92559 25.75358 25.81731 25.4891 25.79932 26.10108 26.24244 26.56495 26.61975 26.24918 26.23498 26.40598 26.60975 26.76133 26.78448 26.78233 26.7753 26.7838 26.83717 26.89384 26.92419 26.84491 26.66871 26.78609 26.5048 26.42975 26.34086 26.31151 26.55255 26.97602 26.96086 26.67832 26.48728 26.74882 26.84204 26.88104 26.87448 26.58348 26.17846 26.63778 25.0134 23.79953 23.79193 24.91652 25.13258 24.42574 25.23957 25.16387 25.40064 25.87193 26.39968 26.75914 26.9028 26.95552
26.7471 26.65903 26.71459 26.69559 26.50853 25.15075 25.40717 25.61925 24.92656 23.97505 23.63534 24.23115 24.71086 25.17599 25.62419 25.75401 25.62491 25.61355 25.31803 25.32903 25.43466 25.69484 26.0914 26.31936 26.31552 26.38975 26.7309 26.70581 26.75491 26.78534 26.77667 26.77341 26.79427 26.70161 26.84477 26.8657 26.85889 26.89237 26.90667 26.82104 26.70792 26.90849 26.86208 26.65692 26.51237 26.52857 26.70197 26.92036 26.87204 26.95004 26.949 26.71391 26.819 27.0048 27.0267 26.89656 26.75631 26.78341 25.70817 24.44437 24.63527 25.62315 25.74247 25.62308 24.90541 24.75681 24.92276 25.25953 25.97602 26.66552 26.91871 27.09351
26.70287 26.68115 26.64427 26.63244 26.45531 24.52835 24.81591 25.56971 25.45125 24.53609 23.86953 25.53258 25.24054 25.56953 25.89401 25.66936 25.31545 25.45831 25.27728 25.0286 25.16574 25.26373 25.61233 26.16348 26.27885 26.41158 26.71021 26.55556 26.67541 26.71355 26.68201 26.69283 26.76796 26.80086 26.83996 26.85828 26.91763 26.92298 26.82434 26.69824 26.66011 26.4091 26.3547 26.31753 26.37749 26.56437 26.799 26.95007 27.02505 26.95341 27.07376 26.83351 26.98312 27.17968 27.15925 26.95398 26.6509 26.89631 26.35953 25.7219 25.84656 26.26774 26.2666 26.1895 26.13201 25.72821 25.3495 25.62323 26.16172 26.65233 26.97161 27.08258
26.66552 26.50624 26.58004 26.49265 26.38824 24.37133 24.78674 25.55294 25.53885 24.87735 24.02921 25.29412 25.64849 25.64788 25.47767 25.21552 25.20107 25.65022 25.69917 25.28075 25.00068 25.22391 25.62645 25.90401 26.219 26.55652 26.74742 26.57857 26.51975 26.55774 26.63183 26.7038 26.77129 26.78767 26.83358 26.84756 26.87986 26.85276 26.71466 26.64391 26.75126 26.28993 26.169 26.43695 26.64244 26.82828 26.98681 27.03473 27.07936 27.17068 26.77319 26.74143 26.981 27.19057 27.1853 27.04305 27.10161 27.10247 26.72645 25.891 25.87763 26.39118 26.56262 26.57351 26.3196 26.14491 25.65444 26.10301 26.27326 26.45122 27.02469 27.15842
26.77118 26.74512 26.7405 26.56774 26.07523 24.76885 25.43677 25.58036 25.35136 25.28358 24.75434 24.61032 25.759 25.77391 25.31677 25.29516 25.76014 26.11358 26.1838 25.63251 25.05129 25.44735 25.80211 26.00115 26.43484 26.54785 26.64272 26.78444 26.68437 26.69624 26.78014 26.81953 26.83158 26.86305 26.86753 26.90219 26.90315 26.87889 26.84936 26.75599 26.60799 26.40835 26.32645 26.70197 26.76702 26.86054 27.04437 27.15333 27.18384 27.04595 27.00892 26.74487 26.61315 26.91584 27.15147 27.05609 27.20226 27.22183 26.73498 25.6248 25.631 26.22151 26.38556 26.55685 26.5181 25.96659 26.19921 26.36878 26.46968 26.65943 26.95584 27.15914
26.85849 26.73803 26.51402 26.46617 25.44742 25.50978 25.9186 25.60215 25.45731 26.20376 25.78466 24.85412 24.59287 25.51373 25.8991 25.99674 26.03581 25.9115 26.27143 26.29394 25.99516 25.66029 25.34513 26.18036 26.15201 26.29319 26.44247 26.71143 26.8215 26.84674 26.85014 26.81749 26.75649 26.82928 26.8719 26.90211 26.76362 26.58419 26.59394 26.65817 26.54964 26.5395 26.60108 26.90516 26.95624 27.03685 27.15122 27.19154 27.20237 26.96459 27.12193 26.86333 26.42663 26.6534 27.15932 27.25706 27.1329 27.11323 26.38839 25.67692 25.69957 26.09459 26.37029 26.56688 26.67229 26.56147 26.67674 26.46835 26.62047 26.67903 26.61387 27.06982
26.30351 25.87556 25.76552 24.55047 25.96025 26.52731 25.93079 25.38602 25.49556 26.00842 25.68004 23.58853 24.49391 25.40552 25.0448 25.2952 26.00534 25.64606 24.98907 26.12351 26.55401 26.43875 26.54445 26.54082 26.68215 26.7071 26.80441 26.85771 26.78588 26.82925 26.87075 26.87642 26.86555 26.83717 26.87842 26.84566 26.77014 26.77674 26.78649 26.65172 26.51269 26.82305 27.07161 26.98921 27.00176 27.11688 27.21179 27.23072 27.20566 27.19147 27.17616 27.13807 27.16158 27.23853 27.24613 27.03979 26.73541 27.04659 26.04749 26.23201 26.63925 26.81602 26.68989 26.47674 26.6262 26.76946 26.85892 26.74172 26.6972 26.72667 26.82215 26.99172
26.41645 26.33459 26.02659 25.33312 26.60745 26.39043 25.35749 25.07638 25.70075 26.04774 25.67108 24.31158 25.09176 24.61878 24.83007 25.33108 25.57717 25.43667 25.07502 26.34774 26.62104 26.70975 26.6805 26.63531 26.49957 26.76265 26.78885 26.86645 26.86871 26.86975 26.87853 26.88939 26.89047 26.89803 26.91 26.86509 26.89771 26.66946 26.6043 26.64814 26.67197 27.08362 27.10022 27.08061 27.11717 27.15305 27.17402 27.17946 27.20018 27.2229 27.22057 27.15004 27.19943 27.28724 27.28513 27.12893 26.8833 26.79072 26.37989 26.47398 26.81595 26.97229 26.77577 26.45731 26.56871 26.54147 26.80968 26.94566 26.97491 26.95444 26.89595 26.83606
26.29703 26.49405 26.27864 26.64763 26.77409 26.49674 25.58222 25.15298 25.59133 25.93444 24.93018 24.48204 25.19201 24.839 24.86606 24.99477 25.30179 25.80448 25.85118 26.49043 26.45893 26.61584 26.69634 26.83735 26.84925 26.83577 26.87953 26.96774 26.97746 26.94796 26.91968 26.92402 26.92616 26.91953 26.94667 27.00212 26.97932 26.9476 26.73921 26.58125 26.73598 27.13247 27.17459 27.1233 27.25391 27.27254 27.23014 27.24968 27.34011 27.30527 27.17287 27.14344 27.01272 27.1634 27.26996 27.19943 27.12989 27.071 26.39509 26.26846 26.56054 26.89957 26.75616 26.27799 26.54699 26.60133 26.58914 26.6067 26.76502 26.90631 27.02595 27.03688
26.4029 26.53828 26.63541 26.82853 26.62376 26.3395 26.08172 26.12473 26.31735 26.0948 25.65448 25.54294 25.45828 25.55133 25.64032 25.68147 25.72054 25.92194 26.41194 26.54717 26.49599 26.55143 26.70054 26.82824 26.86326 26.88473 26.91333 26.93523 26.9457 26.92613 26.81606 26.65903 26.63842 26.86165 26.97158 26.86792 26.95387 26.98781 26.69014 26.68993 27.03613 27.12348 27.19401 27.29527 27.26821 27.23233 27.16294 27.12398 27.17057 27.17613 27.2129 27.06093 27.14437 27.21699 27.19197 27.16688 27.22222 27.2643 26.41681 26.18305 26.50315 26.94093 26.57491 25.77731 26.24713 26.08323 26.59154 26.61423 26.45469 26.71409 27.04423 27.01172
26.45412 26.64846 26.90878 26.80247 25.94563 26.46527 26.46935 26.30366 26.29448 25.98287 25.1943 26.16609 26.10151 25.22896 25.53455 26.04312 26.20943 26.28774 26.66229 26.71262 26.65598 26.76495 26.81735 26.86075 26.90878 26.94731 26.95796 26.94179 26.83459 26.78548 26.55979 26.46269 26.65355 26.80265 26.7176 26.92792 26.98129 26.99652 26.93319 26.95814 27.0691 27.03211 27.19634 27.16093 27.15448 27.1262 27.16287 27.23118 27.21398 27.2119 27.2205 27.24874 27.28441 27.2638 27.32656 27.35251 27.25351 27.19803 27.03484 26.22233 26.48832 26.99007 26.53348 25.66323 26.07344 25.97477 26.64487 26.58391 26.47326 26.75452 27.0291 26.82588
26.67466 26.76513 26.75416 26.71082 26.16574 26.65767 26.31237 26.06487 25.98161 25.7634 25.48487 25.29337 25.9972 25.65269 26.16663 26.26323 26.21255 26.54803 26.73412 26.77233 26.78875 26.84014 26.86229 26.94376 26.97111 26.91344 26.80527 26.87487 26.77025 26.57731 26.57409 26.61778 26.65029 26.78943 26.92882 26.9538 26.97875 27.02785 27.01918 27.02996 27.06355 27.07294 27.23677 27.20979 27.16953 27.19541 27.2257 27.21706 27.18699 27.201 27.2672 27.30832 27.32448 27.33631 27.28394 27.29129 27.41287 27.37807 27.10638 26.87075 27.10212 27.191 26.61595 25.86416 25.83061 25.69609 26.81036 26.8109 26.90412 27.00401 26.88445 26.52477
26.83125 26.79559 26.47563 26.19867 26.84254 26.74287 26.06946 25.80853 25.80771 25.74437 25.86602 24.53075 25.48853 26.11229 26.46982 26.03369 25.93398 26.56982 26.82996 26.85624 26.86523 26.84602 26.7633 26.82484 26.8805 26.68312 26.7014 26.75588 26.73179 26.71445 26.71452 26.7809 26.82344 26.78943 26.8372 26.77405 26.90692 27.01896 27.00484 27.02448 27.06688 27.12201 27.20133 27.27262 27.20004 27.16824 27.19409 27.20082 27.1804 27.20201 27.20638 27.19871 27.17674 27.16147 27.18509 27.25233 27.25649 27.15853 27.2757 27.18545 27.20699 27.00376 26.47796 26.20842 26.64437 26.77778 26.9976 26.79215 26.70075 26.43677 26.08581 25.84878
26.68423 26.49656 26.24405 25.17022 26.73366 26.74487 26.17634 25.52222 25.53222 25.92735 25.71674 25.3514 25.91896 26.46208 26.69796 26.32706 26.32287 26.8138 26.85201 26.82384 26.65064 26.73262 26.59842 26.32118 26.53703 26.51749 26.62968 26.64072 26.62624 26.69573 26.55531 26.57595 26.80136 26.90591 26.82104 26.82215 26.92222 27.06036 27.11814 27.11588 27.10925 27.12713 27.1567 27.12531 27.17516 27.19122 27.20724 27.22466 27.20409 27.18237 27.19097 27.21369 27.19186 27.17441 27.1157 27.10462 27.16943 27.18441 27.31319 27.02667 27.04409 27.09057 26.68194 26.21244 26.37505 26.8248 26.61831 26.1119 25.88599 26.3247 26.24298 25.86799
18.26746 26.85276 26.64541 26.23294 26.22993 26.43738 26.4367 25.77742 25.57022 26.02287 25.70283 25.86247 26.26204 26.58742 26.70211 26.67674 26.6828 26.63455 26.4405 26.63667 26.4576 26.64853 26.64516 26.48699 26.64616 26.77262 26.841 26.81061 26.76817 26.62638 26.55233 26.53473 26.6804 26.93523 26.9429 27.01054 27.05297 27.1157 27.10348 27.11441 27.13297 27.08817 27.15455 27.18301 27.16011 27.16423 27.20534 27.20849 27.14874 27.10194 27.07685 27.07022 27.18728 27.18075 27.13839 27.00574 26.96434 27.14323 27.23538 27.23419 27.18832 27.06097 26.54796 26.05663 26.08057 25.87946 26.37484 26.1552 26.48763 26.65817 26.191 25.74111
-9999 18.25272 18.20903 26.86075 26.41298 26.1871 25.87183 25.28301 25.13351 25.6019 25.86609 26.36681 25.76018 26.09746 26.08197 26.15047 26.31688 26.38226 26.37118 26.51513 26.40527 26.32401 26.32753 26.73559 26.72337 26.66642 26.77652 26.83441 26.92409 26.81065 26.89115 26.92588 26.74702 26.64004 27.0114 27.08527 27.09541 27.06337 26.99247 27.03814 27.14577 27.16323 27.21749 27.24029 27.19143 27.15226 27.15763 19.38065 27.10724 27.10075 27.0648 27.02563 27.16011 27.20548 27.17616 27.1305 27.03584 26.90971 27.29401 27.29577 27.21745 26.74559 26.57817 26.62047 26.32265 25.94115 26.03125 26.18441 26.18763 26.08 25.82254 25.53018
18.37065 18.37219 18.35394 18.36513 26.94315 26.05584 25.58054 25.66434 25.73054 25.80563 26.37842 26.49645 26.13563 26.00104 26.05383 26.10047 26.18731 26.36369 26.45111 26.22108 26.37814 25.9509 26.22548 26.44613 26.60566 26.65559 26.68842 26.76441 26.87222 26.97584 27.02054 26.97021 26.86756 26.84039 27.02889 27.07556 27.0953 27.09079 27.07115 27.09151 27.14462 27.19774 27.28269 27.29229 27.25968 27.21842 27.18244 19.38513 19.35878 19.33781 27.0929 27.10151 27.17839 27.22814 27.23896 27.15846 27.10839 27.2005 27.21082 27.31806 27.09749 26.82251 26.77029 26.66154 26.32136 26.25498 26.2409 25.46964 26.30602 26.30588 25.72111 25.69072
18.29036 18.30624 26.74864 26.30559 26.58495 25.73018 25.81215 25.84201 26.00452 26.30287 26.5043 26.53039 26.22434 25.58832 26.21419 26.25767 26.26488 26.56312 26.71914 26.74871 26.74749 26.31405 26.59649 26.23556 26.36057 26.12262 26.37907 26.8724 26.93466 26.95534 26.97817 26.99541 26.99627 27.01688 27.03093 27.04387 27.09194 27.11692 27.14505 27.15685 27.16215 27.26509 27.24459 27.28878 27.2529 27.22247 27.19434 19.41599 19.40509 19.3743 19.35889 27.14161 27.15545 27.18781 27.2638 27.24835 27.19269 27.20867 27.03459 27.29065 27.01566 26.84595 26.68075 26.37767 26.25702 26.421 25.74412 25.4543 26.02341 26.40254 26.19165 25.97731
-9999 18.15581 18.08154 26.51936 26.28939 26.14753 25.87699 26.19416 26.55387 26.62853 26.69143 26.76466 26.52437 26.31756 26.3262 26.46394 26.43143 26.48319 26.8291 26.86577 26.74566 26.63588 26.82781 26.81566 26.7395 26.69036 26.93595 26.92025 27.02828 27.09011 27.01806 26.99412 27.04097 27.06047 27.0428 27.05573 27.17534 27.27315 27.26971 27.24477 27.21986 27.24634 27.30319 27.31588 27.23968 27.22136 27.21265 19.4172 19.42505 19.44803 19.43269 19.40642 27.16179 27.1747 27.20807 27.21871 27.20667 27.22165 27.12014 27.05014 27.13405 26.9557 26.7414 26.70419 26.78581 26.59215 25.4081 25.26806 25.0591 25.80068 25.64097 25.33276
-9999 -9999 18.24853 18.11799 26.22054 26.42742 26.27391 26.42699 26.66581 26.72631 26.70405 26.84276 26.76312 26.06552 26.159 26.48556 26.73652 26.80104 26.78738 26.93333 26.86685 26.75885 26.78129 26.89079 26.86029 26.85319 26.80011 26.94878 27.02624 27.07989 27.06358 27.10387 27.16369 27.1309 27.04362 27.07846 27.23946 27.30233 27.23688 27.2229 27.2348 27.24556 27.25953 27.24939 27.24495 27.23541 27.23208 27.22204 19.41305 19.43072 19.44821 19.47351 19.38573 27.19297 27.16014 27.19466 27.24125 27.2095 26.70961 26.54323 27.09678 27.2543 27.12466 27.00606 26.87889 26.48176 25.95753 25.80627 24.8205 25.43104 24.90556 24.24384
-9999 -9999 -9999 18.21681 26.82247 26.6843 26.66488 26.26029 26.12799 26.44287 26.73276 26.80584 26.7381 26.2862 25.94244 26.15918 26.62416 26.90577 26.93634 26.93771 26.87989 26.80039 26.84358 26.95151 26.98763 26.96036 26.91624 26.97165 27.02294 27.0086 27.03878 27.10251 27.08595 27.0371 27.09473 27.25348 27.27075 27.16068 27.19355 27.31312 27.38566 27.27269 27.23896 27.27785 27.28097 27.27341 27.26781 27.25025 19.40867 27.22383 27.20197 27.22577 19.40129 27.17208 27.21534 27.2543 26.99731 26.73495 26.6095 26.76828 27.02584 27.05394 26.75599 26.81792 27.09305 26.9681 26.97359 26.76251 25.30667 24.87581 23.90426 23.5472
-9999 -9999 -9999 -9999 27.02391 26.93151 26.8209 26.35738 26.04093 26.13971 26.53129 26.87631 26.60047 26.64563 26.77133 26.71154 26.76301 26.90606 26.94599 26.97391 26.9319 26.81384 26.91817 26.92631 26.98523 27.03674 27.00254 27.00208 27.01186 27.03566 27.07136 27.05685 27.04136 27.0619 27.11204 27.18832 27.14029 27.15409 27.27158 27.35857 27.38222 27.38649 19.46143 19.51645 27.4991 27.50122 27.37738 27.30445 27.29573 19.43943 19.43394 19.43505 27.17746 27.2228 27.16043 27.05258 26.74566 26.52358 26.92613 27.05971 26.82459 26.78204 26.79728 26.91369 27.12355 27.10176 26.5667 26.77441 25.22832 24.90502 23.89853 24.01043
-9999 -9999 -9999 -9999 -9999 -9999 -9999 26.64376 26.56269 26.60935 26.66229 26.93835 26.79663 26.77774 26.94047 26.86939 26.82305 26.89738 26.96445 26.9967 26.93262 26.95183 26.99212 26.94269 27.00054 27.04538 27.05054 27.02072 27.01817 27.09032 27.11602 27.1243 27.09789 27.10323 27.17387 27.17505 27.18047 27.19659 27.23032 27.24229 27.26495 27.35606 19.47918 27.50656 27.5728 27.57713 27.48147 27.49982 27.51817 27.42018 27.39183 27.34806 27.34584 27.26387 26.63237 26.26681 26.5619 26.69677 26.90312 26.67344 26.02609 26.55477 26.91803 26.78308 26.80914 27.16918 26.72538 26.35111 26.16186 25.69279 24.83215 24.93975
-9999 -9999 -9999 -9999 -9999 -9999 -9999 -9999 26.77186 26.9457 26.96964 26.94555 26.84993 26.93366 26.97806 27.00409 26.98437 26.96849 26.99082 26.99201 26.91265 26.95946 27.00527 27.04742 27.04742 27.05179 27.03079 27.05989 27.06072 27.09563 27.07143 27.13369 27.17258 27.14756 27.13986 27.15179 27.20179 27.23774 27.27247 27.31925 27.35921 27.39824 27.52294 27.60315 27.60086 27.49667 27.41735 27.42907 27.52233 27.54276 27.42964 27.34566 27.22215 26.96527 26.64004 26.62699 26.68237 26.45272 26.73115 25.76817 25.85204 25.65613 26.38287 26.56882 26.60584 27.19763 27.04634 26.57835 26.65785 26.38918 26.14201 26.26376
-9999 -9999 -9999 -9999 -9999 -9999 -9999 -9999 26.99986 26.96889 27.00014 26.95745 26.97448 26.99387 27.00599 26.99846 27.0124 27.0309 27.01014 26.9572 27.02183 26.92649 26.96577 27.0557 27.09495 27.13419 27.12864 27.09219 27.14194 27.14645 27.14835 27.14692 27.11914 27.13742 27.22039 27.24964 27.29513 27.34939 27.36896 27.37649 27.38176 27.41326 27.48147 27.64083 27.68423 27.73301 27.79176 19.73082 27.57527 27.57079 27.53699 27.38462 27.10158 26.11416 26.12509 25.60419 25.60312 25.9533 26.08817 26.24806 26.60498 25.88122 26.05638 26.34907 26.40011 26.34674 26.29563 27.12781 26.56426 25.46961 25.53473 25.56423
