features/re_bio6.asc
ncols         768
nrows         589
xllcorner     124.299398925
yllcorner     32.893460211367
cellsize      0.010567299164062
NODATA_value  -9999
[rows 124 to 154 of 589, columns 210 to 279 of 768]
-9999 -9999 -9999 -9999 -9999 -9999 -9999 -9999 -9999 -9999 -9999 -9999 -9999 -9999 -9999 -9999 -9999 -9999 -9999 -9999 -9999 -9999 -9999 -9999 -9999 -9999 -9999 -9999 -9999 -8.383871 -8.380645 -8.280645 -8.132258 -8.209678 -8.332258 -8.122581 -8.032258 -8.103226 -8.096774 -8.032258 -8.525806 -8.274194 -8.058064 -8.058064 -8.167742 -8.554839 -9.258064 -9.690323 -9.180645 -8.767742 -8.280645 -8.070968 -8.296774 -8.248387 -8.051613 -8.309677 -8.532258 -9.193548 -9.512903 -8.770967 -8.754839 -8.983871 -8.880645 -8.96129 -9.451612 -9.558064 -9.351613 -10.40968 -11.94194 -12.31613
-9999 -9999 -9999 -9999 -9999 -9999 -9999 -9999 -9999 -9999 -9999 -9999 -9999 -9999 -9999 -9999 -9999 -9999 -9999 -9999 -9999 -9999 -9999 -9999 -9999 -9999 -9999 -9999 -9999 -8.158065 -8.145162 -8.041936 -7.835484 -7.680645 -7.851613 -7.9 -7.822581 -7.916129 -8.054839 -8.061291 -8.245161 -8.206451 -7.845161 -7.890323 -7.912903 -8.087097 -8.603226 -9.287097 -8.958064 -8.36129 -7.8 -7.758065 -8.122581 -7.667742 -7.670968 -8.035484 -8.290322 -8.716129 -8.935484 -8.751613 -9.535484 -9.738709 -9.222581 -9.383871 -10.67419 -10.42258 -8.554839 -10.18064 -11.23226 -10.6129
-9999 -9999 -9999 -9999 -9999 -9999 -9999 -9999 -9999 -9999 -9999 -9999 -9999 -9999 -9999 -9999 -9999 -9999 -9999 -9999 -9999 -9999 -9999 -9999 -9999 -9999 -9999 -9999 -9999 -8.383871 -8.203226 -8.103226 -8.109677 -7.796774 -7.467742 -7.622581 -7.803226 -8.016129 -8.132258 -8.183871 -8.280645 -8.03871 -7.729032 -7.806452 -7.819355 -7.883871 -8.187097 -8.319355 -8.387096 -8.206451 -7.616129 -7.316129 -7.583871 -7.3 -7.835484 -7.925807 -8.267742 -8.583871 -8.512903 -8.429032 -9.554839 -10.09032 -9.506452 -9.854838 -10.9129 -10.26452 -8.209678 -9.593549 -9.945161 -9.812903
-9999 -9999 -9999 -9999 -9999 -9999 -9999 -9999 -9999 -9999 -9999 -9999 -9999 -9999 -9999 -9999 -9999 -9999 -9999 -9999 -9999 -9999 -9999 -9999 -9999 -9999 -9999 -8.348387 -8.225806 -7.654839 -7.577419 -7.764516 -7.716129 -7.470968 -7.587097 -7.525806 -7.825807 -7.580645 -7.506452 -7.922581 -7.658064 -7.629032 -7.761291 -7.858065 -7.690322 -7.580645 -7.709677 -7.387097 -7.322581 -7.206451 -7.109677 -7.241935 -7.583871 -7.629032 -7.83871 -8.041936 -8.448387 -8.525806 -8.438709 -8.619355 -9.122581 -9.477419 -9.380645 -9.919354 -10.62581 -9.690323 -8.941936 -8.706451 -9.748387 -9.970967
-9999 -9999 -9999 -9999 -9999 -9999 -9999 -9999 -9999 -9999 -9999 -9999 -9999 -9999 -9999 -9999 -9999 -9999 -9999 -9999 -9999 -9999 -9999 -9999 -9999 -9999 -9999 -8.632258 -8.264516 -7.664516 -7.454839 -7.287097 -7.154839 -6.990323 -7.235484 -7.606452 -7.364516 -7.280645 -7.554839 -7.912903 -7.903226 -7.53871 -7.745161 -7.583871 -7.522581 -7.483871 -7.648387 -7.970968 -6.948387 -6.809678 -6.96129 -7.383871 -7.725806 -7.432258 -7.012903 -6.893548 -7.470968 -7.8 -8.293549 -9.235484 -10.09677 -11.24516 -10.9 -10.96774 -9.703226 -9.035484 -9.022581 -8.641935 -9.222581 -9.609677
-9999 -9999 -9999 -9999 -9999 -9999 -9999 -9999 -9999 -9999 -9999 -9999 -9999 -9999 -9999 -9999 -9999 -9999 -9999 -9999 -9999 -9999 -9999 -9999 -9999 -9999 -9999 -8.567742 -7.683871 -7.483871 -7.2 -6.932258 -6.703226 -6.545161 -6.690322 -6.751613 -7.103226 -7.283871 -7.651613 -8.312903 -8.554839 -7.877419 -7.574193 -7.396774 -7.706451 -7.935484 -7.754839 -7.22258 -7.032258 -6.903226 -6.751613 -6.558064 -6.364516 -6.225806 -6.145161 -7.116129 -6.883871 -7.045161 -7.967742 -9.312903 -10.67742 -12.1129 -10.94516 -10.8129 -9.706451 -8.548388 -8.070968 -7.977419 -8.422581 -9.293549
-9999 -9999 -9999 -9999 -9999 -9999 -9999 -9999 -9999 -9999 -9999 -9999 -9999 -9999 -9999 -9999 -9999 -9999 -9999 -9999 -9999 -9999 -9999 -9999 -9999 -8.596774 -8.580646 -8.312903 -7.922581 -7.109677 -6.758065 -6.632258 -6.803226 -7.012903 -6.948387 -6.72258 -7.116129 -7.419355 -7.677419 -7.903226 -7.919355 -7.303226 -7.287097 -7.309678 -7.032258 -7.048387 -7.329032 -7.725806 -7.103226 -6.877419 -6.635484 -6.56129 -6.680645 -6.651613 -6.367742 -6.606452 -6.783871 -7.035484 -7.932258 -9.254839 -10.33548 -11.92903 -11.28387 -11.09032 -10.01613 -8.629032 -7.648387 -7.974194 -8.977419 -9.358065
-9999 -9999 -9999 -9999 -9999 -9999 -9999 -9999 -9999 -9999 -9999 -9999 -9999 -9999 -9999 -9999 -9999 -9999 -9999 -9999 -9999 -9999 -9999 -9999 -9999 -7.9 -8.074194 -7.832258 -7.393548 -6.480645 -6.441936 -6.583871 -6.706451 -6.929032 -7.045161 -6.864516 -7.103226 -6.858065 -6.77742 -7.054839 -7.125806 -6.919355 -6.883871 -7.216129 -6.748387 -6.522581 -6.864516 -6.787097 -7.212903 -6.858065 -6.53871 -6.309678 -6.187097 -6.241935 -6.3 -6.893548 -6.867742 -7.158064 -7.954839 -8.751613 -9.106452 -9.8 -10.65806 -10.3129 -8.67742 -7.948387 -7.83871 -7.922581 -8.022581 -9.232258
-9999 -9999 -9999 -9999 -9999 -9999 -9999 -9999 -9999 -9999 -9999 -9999 -9999 -9999 -9999 -9999 -9999 -9999 -9999 -9999 -9999 -9999 -7.677419 -7.432258 -7.448387 -7.6 -7.629032 -7.409678 -7.129032 -6.383871 -6.158064 -6.145161 -6.216129 -6.467742 -6.845161 -6.703226 -6.470968 -6.316129 -6.467742 -6.474194 -6.009677 -6.312903 -6.4 -6.587097 -6.306452 -6.332258 -6.790323 -7.22258 -7.409678 -6.925807 -6.425807 -6.219355 -6.287097 -6.390323 -6.312903 -6.112903 -6.296774 -6.970968 -7.551613 -7.835484 -8.087097 -8.764516 -9.290322 -8.245161 -7.754839 -7.951613 -7.741935 -8.622581 -8.564516 -9.061291
-9999 -9999 -9999 -9999 -9999 -9999 -9999 -9999 -9999 -9999 -9999 -9999 -9999 -9999 -9999 -9999 -9999 -9999 -9999 -9999 -9999 -9999 -7.506452 -7.412903 -7.36129 -7.367742 -7.190322 -6.770968 -6.651613 -6.545161 -6.164516 -6.06129 -6.135484 -6.13871 -6.33871 -6.235484 -6.209677 -6.083871 -6.051613 -5.964516 -5.77742 -6.009677 -5.858065 -6.219355 -6.174193 -6.370968 -6.822581 -7.212903 -7.425807 -6.896774 -6.187097 -6.041935 -6.53871 -7.022581 -6.945161 -6.725806 -6.232258 -6.56129 -6.832258 -7.358065 -8.332258 -7.419355 -7.832258 -7.1 -6.970968 -7.258065 -7.609677 -7.806452 -8.438709 -8.816129
-9999 -9999 -9999 -9999 -9999 -9999 -9999 -9999 -9999 -9999 -9999 -9999 -9999 -9999 -9999 -9999 -9999 -9999 -9999 -9999 -9999 -9999 -7.187097 -7.187097 -7.122581 -6.990323 -6.845161 -6.706451 -6.27742 -6.332258 -6.093548 -5.945161 -5.951613 -6.064516 -6.383871 -6.267742 -6.096774 -5.970968 -6.032258 -5.990323 -5.674193 -5.896774 -5.935484 -6.041935 -6.022581 -6.296774 -6.896774 -7.56129 -7.680645 -6.622581 -5.870968 -5.645161 -6.167742 -7.154839 -7.454839 -7.616129 -6.754839 -6.477419 -6.477419 -6.990323 -7.93871 -7.870968 -6.464516 -6.290323 -6.954839 -7.132258 -7.754839 -7.796774 -7.990323 -8.016129
-9999 -9999 -9999 -9999 -9999 -9999 -9999 -9999 -9999 -9999 -9999 -9999 -9999 -9999 -9999 -9999 -9999 -9999 -9999 -9999 -9999 -9999 -6.996774 -6.922581 -6.93871 -6.725806 -6.593548 -6.706451 -5.993548 -6.132258 -5.977419 -5.806452 -5.83871 -6.003226 -6.041935 -6.206451 -5.832258 -5.774194 -5.829032 -5.72258 -5.567742 -6.016129 -6.229032 -5.903226 -6.019355 -6.206451 -6.680645 -7.341936 -6.941936 -6.012903 -5.464516 -5.403226 -6.003226 -7.058064 -7.693548 -7.470968 -6.512903 -6.896774 -6.848387 -6.735484 -7.306452 -7.393548 -6.293549 -6.56129 -7.229032 -7.219355 -7.345161 -7.261291 -7.067742 -7.316129
-9999 -9999 -9999 -9999 -9999 -9999 -9999 -9999 -9999 -9999 -9999 -9999 -9999 -9999 -9999 -9999 -9999 -9999 -9999 -9999 -9999 -9999 -6.729032 -6.670968 -6.670968 -6.474194 -6.164516 -5.977419 -5.870968 -5.732258 -5.864516 -5.906452 -5.8 -5.745161 -5.8 -5.732258 -5.577419 -5.525806 -5.5 -5.529032 -5.812903 -6.335484 -6.080645 -5.819355 -6.029032 -6.448387 -6.603226 -6.451613 -5.925807 -5.516129 -5.309678 -5.364516 -5.774194 -6.364516 -6.593548 -6.696774 -6.112903 -6.387097 -6.532258 -6.503226 -6.541935 -6.293549 -6.035484 -6.848387 -7.251613 -7.2 -7.406452 -7.754839 -6.980645 -7.435484
-9999 -9999 -9999 -9999 -9999 -9999 -9999 -9999 -9999 -9999 -9999 -9999 -9999 -9999 -9999 -9999 -9999 -9999 -9999 -9999 -6.545161 -6.712903 -6.732258 -6.770968 -6.732258 -6.877419 -6.606452 -5.841936 -5.7 -5.845161 -6.035484 -6.090322 -5.954839 -5.851613 -5.993548 -5.8 -5.570968 -5.419355 -5.387097 -5.622581 -6.064516 -6.235484 -5.216129 -5.5 -5.770968 -6.045161 -6.077419 -5.841936 -5.896774 -5.525806 -5.364516 -5.322581 -5.509677 -5.77742 -5.793549 -6.419355 -6.335484 -5.816129 -5.935484 -6.264516 -6.325807 -6.403226 -6.583871 -7.383871 -7.583871 -7.416129 -7.387097 -7.658064 -7.648387 -7.451613
-9999 -9999 -9999 -9999 -9999 -9999 -9999 -9999 -9999 -9999 -9999 -9999 -9999 -9999 -9999 -9999 -9999 -9999 -9999 -9999 -6.790323 -6.729032 -6.477419 -6.751613 -6.780645 -6.580645 -6.374194 -6.170968 -5.570968 -5.574193 -5.606452 -5.603226 -5.683871 -6.003226 -6.593548 -6.454839 -5.761291 -5.625806 -5.464516 -5.283871 -5.241935 -5.154839 -4.906452 -5.632258 -6.66129 -6.916129 -6.261291 -5.225806 -5.490323 -5.496774 -5.406452 -5.283871 -5.274194 -5.387097 -5.767742 -6.86129 -6.322581 -5.606452 -5.63871 -6.045161 -6.280645 -6.432258 -7.506452 -8.022581 -7.974194 -7.696774 -7.532258 -7.554839 -7.677419 -7
-9999 -9999 -9999 -9999 -5.825807 -5.880645 -5.951613 -6.054839 -5.970968 -5.990323 -6.045161 -6.177419 -6.364516 -6.480645 -6.254839 -6.296774 -6.290323 -6.264516 -6.309678 -6.496774 -6.870968 -9999 -9999 -7.167742 -7.029032 -6.696774 -6.390323 -6.283871 -6.116129 -5.470968 -5.496774 -5.683871 -6.077419 -6.603226 -6.929032 -6.812903 -5.977419 -5.612903 -5.251613 -4.909678 -4.706451 -4.645161 -4.841936 -5.419355 -7.016129 -6.867742 -5.816129 -4.409678 -5.180645 -5.170968 -5.119355 -5.122581 -5.158064 -5.219355 -5.545161 -6.719355 -5.680645 -5.380645 -5.554839 -5.909678 -6.103226 -6.293549 -8.093549 -8.716129 -8.183871 -7.712903 -7.345161 -7.125806 -6.748387 -6.767742
-9999 -9999 -9999 -9999 -9999 -5.822581 -5.829032 -5.890323 -5.990323 -5.909678 -5.970968 -6.070968 -6.2 -6.348387 -6.093548 -5.877419 -6.048387 -6.145161 -6.187097 -6.238709 -6.419355 -6.848387 -7.383871 -9999 -9999 -6.987097 -6.56129 -6.151613 -5.693548 -5.348387 -5.474194 -5.806452 -6.251613 -6.712903 -7.003226 -6.416129 -5.874194 -5.529032 -5.080645 -4.693548 -4.516129 -4.629032 -5.419355 -6.441936 -6.358065 -6.248387 -5.435484 -3.832258 -4.490323 -4.658064 -4.706451 -4.683871 -4.825807 -5.177419 -5.616129 -6.245161 -5.570968 -5.348387 -5.590322 -5.774194 -5.877419 -6.4 -7.9 -8.629032 -7.86129 -7.490323 -7.148387 -7.1 -6.977419 -7.116129
-9999 -9999 -9999 -9999 -9999 -5.761291 -5.767742 -5.783871 -5.916129 -5.803226 -5.832258 -5.948387 -6.119355 -6.258065 -6.009677 -6.03871 -6.190322 -6.054839 -6.374194 -6.635484 -6.570968 -6.822581 -7.238709 -7.435484 -9999 -6.948387 -6.474194 -6.122581 -5.706451 -5.196774 -5.241935 -5.674193 -6.074193 -6.329032 -6.583871 -6.183871 -5.564516 -5.374194 -4.983871 -4.593548 -4.551613 -4.854839 -5.425807 -6.170968 -6.790323 -6.606452 -5.56129 -3.709677 -3.796774 -4.229032 -4.483871 -4.609677 -4.829032 -5.232258 -5.687097 -6.045161 -5.532258 -5.629032 -5.780645 -5.680645 -5.787097 -6.583871 -7.2 -6.825807 -7.051613 -7.048387 -7.016129 -7.06129 -7.3 -7.254839
-9999 -9999 -9999 -9999 -9999 -5.512903 -5.56129 -5.629032 -5.570968 -5.648387 -5.674193 -5.72258 -5.970968 -6.177419 -5.922581 -5.896774 -6.22258 -6.16129 -6.506452 -6.741935 -6.612903 -6.719355 -6.851613 -7.03871 -7.129032 -9999 -9999 -6.238709 -5.787097 -5.129032 -5.190322 -5.254839 -5.322581 -5.370968 -5.309678 -5.283871 -4.86129 -5.058064 -4.9 -4.496774 -4.53871 -5.374194 -6.27742 -5.845161 -6.029032 -5.487097 -4.974194 -4.045161 -3.783871 -4.296774 -4.483871 -4.654839 -4.812903 -5.193548 -5.877419 -6.003226 -5.729032 -5.590322 -5.609677 -5.496774 -5.529032 -6.003226 -6.16129 -5.796774 -6.674193 -6.729032 -6.56129 -6.467742 -6.574193 -6.864516
-9999 -9999 -9999 -9999 -9999 -9999 -9999 -5.406452 -5.464516 -5.480645 -5.467742 -5.5 -5.651613 -5.809678 -5.83871 -5.9 -5.909678 -5.867742 -6.029032 -6.180645 -6.235484 -6.367742 -6.406452 -6.409678 -6.580645 -6.396774 -6.109677 -9999 -9999 -4.958065 -4.783871 -4.825807 -4.883871 -4.809678 -4.725806 -4.954839 -4.593548 -4.46129 -4.238709 -4.032258 -4.251613 -4.987097 -4.693548 -5.009677 -4.883871 -4.809678 -4.432258 -4.03871 -3.8 -4.080645 -4.087097 -4.190322 -4.454839 -4.925807 -5.467742 -5.658064 -5.474194 -5.622581 -5.535484 -5.290323 -5.251613 -5.593548 -5.867742 -5.641935 -5.86129 -5.983871 -5.896774 -5.893548 -6.045161 -6.045161
-9999 -9999 -9999 -9999 -9999 -9999 -9999 -5.129032 -9999 -9999 -5.235484 -9999 -5.341936 -5.490323 -5.774194 -5.819355 -5.883871 -5.783871 -5.7 -5.706451 -5.770968 -5.790323 -5.877419 -5.83871 -5.754839 -5.632258 -5.387097 -5.135484 -5.029032 -9999 -9999 -9999 -4.651613 -4.545161 -4.383871 -4.596774 -4.403226 -4.235484 -4.009677 -3.841935 -3.945161 -4.33871 -4.403226 -4.235484 -4.596774 -4.7 -4.303226 -3.774194 -3.758065 -3.732258 -3.948387 -4.022581 -4.122581 -4.364516 -4.735484 -5.116129 -4.941936 -5.241935 -5.43871 -5.248387 -5.058064 -5.251613 -5.490323 -5.322581 -9999 -5.606452 -5.706451 -5.787097 -5.7 -5.683871
-9999 -9999 -9999 -9999 -9999 -9999 -9999 -9999 -9999 -9999 -9999 -9999 -9999 -9999 -5.5 -5.393548 -5.66129 -5.732258 -5.693548 -5.580645 -5.525806 -5.641935 -5.651613 -5.532258 -5.345161 -5.264516 -5.122581 -4.887097 -4.774194 -4.825807 -4.519355 -4.367742 -9999 -4.251613 -4.064516 -4.096774 -4.322581 -4.148387 -3.877419 -3.983871 -4.187097 -4.122581 -4.274194 -4.216129 -4.567742 -4.351613 -3.967742 -3.76129 -3.677419 -3.477419 -3.706452 -3.651613 -3.716129 -3.945161 -4.109677 -4.164516 -4.490323 -5.419355 -5.422581 -5.158064 -4.974194 -9999 -5.154839 -5.145161 -5.667742 -5.603226 -5.36129 -5.341936 -5.441936 -5.709677
-9999 -9999 -9999 -9999 -9999 -9999 -9999 -9999 -9999 -9999 -9999 -9999 -9999 -5.206451 -5.341936 -5.503226 -5.606452 -5.835484 -5.738709 -5.703226 -5.66129 -5.354839 -5.283871 -5.054839 -4.825807 -4.809678 -4.729032 -4.551613 -4.483871 -4.164516 -3.922581 -3.703226 -9999 -3.683871 -3.606452 -3.729032 -3.467742 -3.435484 -3.529032 -3.635484 -3.858064 -4.190322 -4.141935 -3.348387 -3.122581 -3.293548 -3.483871 -3.490323 -3.303226 -3.158065 -2.996774 -3.051613 -3.274194 -3.548387 -3.858064 -4.519355 -5.616129 -9999 -4.77742 -4.780645 -4.951613 -5.067742 -5.112903 -4.951613 -5.035484 -4.909678 -4.977419 -5.164516 -5.303226 -5.787097
-9999 -9999 -9999 -9999 -9999 -9999 -9999 -9999 -9999 -9999 -9999 -4.767742 -4.93871 -5.296774 -5.648387 -5.712903 -5.848387 -5.977419 -5.96129 -5.854839 -5.703226 -5.445161 -5.125806 -5.067742 -4.954839 -4.770968 -4.603226 -4.464516 -4.345161 -4.06129 -3.741935 -3.577419 -3.5 -3.509677 -9999 -3.354839 -3.306452 -3.229032 -3.245161 -3.309677 -3.535484 -3.809677 -3.758065 -3.190323 -3.316129 -3.387097 -3.477419 -3.441936 -3.419355 -3.16129 -3.203226 -3.145161 -3.2 -3.396774 -3.725806 -4.332258 -5.53871 -4.796774 -4.635484 -4.922581 -5.274194 -5.419355 -5.306452 -5.154839 -5.019355 -4.858065 -4.93871 -5.112903 -5.287097 -5.83871
-9999 -9999 -9999 -9999 -9999 -9999 -9999 -9999 -9999 -9999 -9999 -4.725806 -4.941936 -5.212903 -5.535484 -5.9 -6.006452 -6.096774 -6.096774 -6.009677 -5.709677 -5.216129 -4.974194 -4.896774 -4.851613 -4.774194 -4.641935 -4.477419 -4.329032 -4.029032 -3.66129 -3.503226 -3.445161 -3.390323 -3.3 -3.209677 -9999 -3.1 -3.093548 -3.212903 -3.23871 -3.241935 -3.506452 -3.306452 -3.383871 -3.893548 -3.841935 -3.535484 -3.419355 -3.045161 -3.009677 -2.980645 -3.029032 -3.096774 -3.254839 -3.712903 -9999 -4.290323 -4.693548 -5.093548 -5.309678 -5.380645 -5.364516 -5.238709 -5.106452 -4.893548 -4.851613 -4.964516 -9999 -5.551613
-9999 -9999 -9999 -9999 -9999 -9999 -9999 -9999 -9999 -9999 -9999 -4.641935 -9999 -9999 -5.616129 -5.845161 -5.980645 -6.1 -5.958065 -5.619355 -5.3 -5.13871 -4.970968 -4.796774 -4.761291 -4.645161 -4.5 -4.370968 -4.251613 -3.764516 -3.564516 -3.441936 -3.464516 -3.412903 -3.196774 -3.06129 -2.990323 -2.958065 -2.829032 -2.729032 -2.751613 -2.819355 -2.977419 -3.145161 -3.129032 -3.351613 -3.593548 -9999 -3 -9999 -9999 -2.919355 -2.941936 -2.9 -2.977419 -3.303226 -3.803226 -3.932258 -4.367742 -4.751613 -5 -5.174193 -5.235484 -5.032258 -5.203226 -5.035484 -4.916129 -4.977419 -5.16129 -5.432258
-9999 -9999 -9999 -9999 -9999 -9999 -9999 -9999 -9999 -9999 -9999 -9999 -9999 -9999 -5.16129 -5.432258 -5.625806 -5.854839 -5.683871 -5.396774 -5.148387 -4.970968 -4.916129 -4.738709 -4.677419 -4.606452 -4.416129 -4.183871 -4.03871 -4.032258 -3.7 -3.506452 -3.232258 -3.003226 -2.974194 -2.983871 -2.812903 -2.709677 -2.664516 -2.690323 -2.796774 -2.896774 -2.954839 -2.93871 -2.967742 -3.119355 -9999 -3.164516 -2.958065 -2.964516 -2.929032 -3.058064 -3.096774 -3.032258 -3.032258 -3.245161 -3.63871 -3.722581 -4.132258 -4.319355 -4.580645 -4.922581 -5.06129 -4.935484 -5.041935 -5.025806 -5.051613 -5.135484 -5.33871 -5.754839
-9999 -9999 -9999 -9999 -9999 -9999 -9999 -9999 -9999 -9999 -9999 -9999 -9999 -4.945161 -4.941936 -5.03871 -5.193548 -5.322581 -5.193548 -5.067742 -4.970968 -4.864516 -4.767742 -4.745161 -4.77742 -4.667742 -4.432258 -4.219355 -4.109677 -4.135484 -3.748387 -3.593548 -3.4 -3.132258 -2.958065 -2.964516 -2.86129 -2.66129 -2.732258 -2.845161 -2.812903 -9999 -2.819355 -2.790323 -2.712903 -9999 -2.941936 -3.064516 -3.070968 -3.025806 -3.054839 -2.916129 -3.016129 -3.116129 -3.135484 -3.193548 -3.225806 -3.33871 -3.735484 -3.974194 -4.33871 -4.677419 -4.764516 -4.867742 -4.854839 -4.951613 -5.109677 -5.158064 -5.367742 -6.290323
-4.348387 -4.487097 -4.380645 -4.467742 -9999 -9999 -9999 -9999 -9999 -9999 -9999 -9999 -4.435484 -4.603226 -4.783871 -4.696774 -4.870968 -5.058064 -4.993548 -4.919355 -4.870968 -4.790323 -4.8 -4.864516 -4.758065 -4.516129 -4.367742 -4.270968 -4.180645 -4.477419 -3.93871 -3.729032 -3.506452 -3.316129 -3.16129 -2.912903 -2.912903 -2.793548 -2.780645 -2.790323 -2.816129 -2.864516 -2.916129 -2.851613 -2.758065 -2.722581 -2.819355 -3.187097 -3.245161 -3.103226 -2.935484 -2.906452 -2.841935 -2.935484 -3.022581 -2.854839 -2.748387 -2.967742 -3.593548 -3.777419 -3.974194 -4.287097 -4.56129 -4.845161 -4.987097 -5.067742 -5.348387 -5.351613 -5.33871 -6.258065
-4.377419 -4.46129 -4.451613 -4.522581 -9999 -9999 -9999 -9999 -9999 -9999 -9999 -9999 -9999 -9999 -4.348387 -4.43871 -4.616129 -4.845161 -4.841936 -4.83871 -4.816129 -4.758065 -4.832258 -4.780645 -4.651613 -4.5 -4.432258 -4.425807 -4.406452 -4.387097 -4.03871 -3.774194 -3.548387 -3.358064 -3.235484 -3.164516 -2.970968 -2.774194 -2.76129 -2.787097 -2.883871 -3.093548 -3.329032 -3.222581 -2.964516 -2.890323 -2.958065 -3.016129 -3.090322 -3.254839 -3.080645 -2.993548 -3.006452 -2.977419 -2.964516 -3.070968 -2.951613 -3.132258 -3.577419 -3.929032 -4.170968 -4.393548 -4.664516 -4.980645 -5.051613 -5.196774 -5.635484 -5.535484 -5.212903 -5.983871
-4.422581 -4.580645 -9999 -9999 -9999 -9999 -9999 -9999 -9999 -9999 -9999 -9999 -9999 -9999 -4.225806 -4.261291 -4.370968 -4.53871 -4.719355 -4.741935 -4.703226 -4.706451 -4.732258 -4.66129 -4.645161 -4.593548 -4.470968 -4.532258 -4.651613 -4.241935 -4.077419 -4.06129 -3.754839 -3.329032 -3.080645 -3.096774 -3.096774 -2.803226 -2.525806 -2.535484 -2.790323 -3.164516 -3.590322 -4 -3.390323 -3.074193 -3.029032 -2.887097 -2.764516 -3.035484 -3.096774 -3.141936 -3.077419 -3.16129 -3.209677 -3.064516 -3.048387 -3.319355 -3.522581 -3.816129 -4.045161 -4.229032 -4.609677 -5.354839 -5.270968 -5.670968 -5.8 -5.570968 -5.367742 -5.72258
