features/re_bio16.asc
ncols         768
nrows         589
xllcorner     124.299398925
yllcorner     32.893460211367
cellsize      0.010567299164062
NODATA_value  -9999
[rows 306 to 339 of 589, columns 308 to 384 of 768]
746.2 770.1 810.2 816.3 803.2 826.2 835.4 834.1 818.8 819.6 780.4 772.6 767.5 772.5 777 795.5 832.8 871.3 887.4 934.3 974.7 1015.7 1059.7 1127.9 1166.6 1188.2 1152.4 1181.5 1214.7 1228.9 1179.8 1148.1 1148.9 1137.1 1095.4 1057.9 1007.6 928.2 917.7 946.7 929.9 886.9 871.8 842.9 813.2 814.5 785.2 756.3 768 799.2 799.4 756.4 802.1 777.5 703.1 691.2 684.2 681.3 684.3 682.7 680.8 691.2 697.9 702.3 716 729.8 733.3 744.6 738.1 723.7 722.9 726.9 730 714.8 714.2 713 715
802 805.5 856.2 873.5 859.2 851.4 854.9 856.9 844.4 837.6 833.9 797.9 789.6 793.3 799.5 817.1 844.1 866.6 902.8 972.2 985.7 981.5 1000.4 1054.8 1113.9 1146.1 1143.7 1178.6 1210.7 1175.5 1125.4 1101.4 1087.5 1085.5 1058.7 1008.3 958.4 908.6 914.1 929.4 920.4 899.9 879.9 853 810.4 827.7 803.6 762.7 748.2 755 786.1 803.1 792.5 782.1 723.4 710.2 700.8 699.9 704.8 697.8 694.2 700.7 704.4 716.7 732.5 739.2 745.2 733.6 752.8 741.3 725.5 728.2 719.6 718.8 722 717.6 718.5
863.5 860.2 892.8 876.2 893 879.4 882.6 883.9 873.2 865 855.4 819.1 820.9 819.7 830 845.1 862.1 883.9 918.3 995.4 984.8 980.1 1001.1 1038.6 1059.5 1075.7 1079.9 1103 1147.6 1119.7 1089.9 1044.7 1018.2 1017.1 984.6 938.2 944 917.3 915.8 924.9 922.7 931.5 906.8 852.2 805.5 831.5 803.5 755.6 732.9 734.5 767.7 770.1 751.2 751.3 761.5 744.3 725.4 724.5 717.3 715.7 715.3 710.1 715.3 733.2 748 748.8 749.3 731.3 741.2 756.3 732.6 731.3 746.7 733 728.2 719.6 719
926.6 911 938.9 927.3 943 943.7 937 940 936.3 919.7 895.2 859.7 853.4 851.8 868.9 890.5 912.8 931.2 953 1010.4 994.6 999.3 1020.5 1035.7 1034.8 1048.6 1035.5 1015.2 1060.1 1073 1061 1016.2 993.7 992 976.4 930.4 961.5 874.6 877.5 915.3 936.9 910.3 887.9 835 804.3 837.2 816.7 767.7 745.5 764.1 802.1 763.4 757.2 762.5 769.4 769.6 747.1 738.4 740.4 732.7 736.8 722.8 726.8 743.7 755.8 755.1 755.2 754.7 742.1 749.1 734.7 727.4 739.8 734.7 752.5 726 721.5
956.9 955.9 957.1 967 998.7 996.4 987.5 996.2 1005.7 981.2 949.2 930.1 897.5 888.1 912.6 925.1 936 951.7 974.2 1006.2 992.4 1005 988.9 977 973.9 981 988.7 1014 992.8 994.4 1002.7 965.7 943.3 944.8 927.5 906.7 893.8 860.5 877.5 906.3 896.5 878 908.3 862.9 836.5 835.1 839.3 805 780.5 799.7 862.4 829.3 814 824.9 847.9 830.7 800.3 762.5 761.4 753.7 739.4 727.6 730.9 742.7 753.2 753.4 749.6 757.1 742.5 751 740.9 730.4 724.8 715.6 714.5 718.6 715.5
956.8 984 1024.2 1062.8 1077.7 1068 1047.5 1044.7 1042.1 1022.9 1000.7 997.6 951.6 936.4 944.8 953.6 960.8 967.6 978.5 982.6 984.6 984.9 978.7 953 936.8 946.5 952.4 978.4 953.4 929.3 933.5 903.7 884 885.4 877.5 850.3 843.6 839.4 883.8 881 866.4 885.3 885.9 915.2 923.2 871.6 866.7 866.3 859.1 844.6 846.3 862.5 938.9 936.5 969.7 946.7 895.9 835.8 807 783.2 752.2 741.9 737.8 741.2 742.8 740.8 751.2 758.6 758 759 746.8 752.4 729.4 724.3 726.8 722 734.9
999.3 1041.5 1050.8 1078.2 1112.1 1117.1 1080.5 1067.8 1058.2 1055.7 1053.3 1066 1007.4 990.8 985.2 993.6 1002.4 1001.5 1003.3 942.9 944.3 944.7 968.3 957.5 920.4 904.7 915 941.7 918.8 883.7 869.5 844.5 847.1 866.2 863.1 831 794.3 826.1 857.4 860.4 853.2 874.3 901 962.8 916.6 878.1 866 853.6 836.8 815.9 840.3 914.2 952.8 953.9 1014.6 979.3 931.5 882.5 822.1 785.6 761 753.5 753.6 748.6 741.6 749.2 757.1 758.4 765 757.8 760.6 755.8 747.6 745.7 750.5 735.7 721.8
1036.4 1049.8 1092.9 1123.6 1121.5 1118.5 1111.5 1088 1073.1 1088 1100.2 1094.6 1064.3 1034.5 1007.1 1012.5 1009.8 1021.9 1020.3 980.8 956.1 926.9 931.6 931 905.4 876.5 871.1 893.1 882.3 857.4 830.8 806.4 814.1 823.4 794.1 764.8 758.8 797.1 823.9 840.7 838.1 859.6 906 896.1 853.8 821.2 811 817 830.4 862.7 893.3 901.3 894 907.8 958.3 943.1 878.2 814.2 792.9 776.4 787.8 774.4 776.1 766.2 756.8 753.2 755.1 762.9 764.8 757.3 767.2 767.4 774.7 767.5 756.2 753.9 748.6
1033.4 1047.3 1115.1 1117.2 1116.3 1114.9 1115.8 1101.4 1091.7 1090.6 1088.9 1095.3 1081.4 1054.2 1044.8 1038.5 1037.2 1067.2 1059.4 989.1 966 941.7 911.5 906.3 887.5 844.5 827.2 849.8 852.6 849.8 813.8 770.4 759.4 771.4 761.2 732.2 737.8 792.8 802.6 789.6 805.6 828.2 849.7 868.8 837.2 811.1 829.5 869.3 880.9 884.4 892 870.9 886 863 934.1 881.4 814.5 798.8 788.1 783.2 793.8 784.2 778.2 773.1 772.2 768.6 763.4 763.8 765.3 759.1 764.1 769 772.6 768.2 775.9 784.4 768.3
1007.8 1035.4 1091.3 1127.6 1159 1128.1 1114.7 1110.7 1110.5 1114.7 1121.1 1114.5 1089.2 1058.5 1057.4 1063.2 1062 1068.9 1054.5 964.6 939.2 933.5 899.6 873.4 854.9 824 804.7 819.4 826 808.7 766.5 740.7 734 742.1 744.2 721.7 720 788.1 788.7 780.8 792.7 807.8 821.5 815.2 806.3 827.8 869.5 896 879.6 850.3 824.2 830.5 823.7 807.4 820 813.5 806.8 802.8 805 797.8 820.8 816 786.8 777.5 781.5 787 785.8 774.8 777 771 761.6 771.1 767.9 772.8 791.8 790.3 764.7
1009.6 1044.8 1092.7 1093.7 1111 1101.4 1097.1 1096.1 1106.6 1126.2 1139.4 1139.6 1126.5 1062.7 1105.1 1082.2 1042 1022.4 1007.5 939.4 920.7 905.8 886.8 851.5 828 803.7 767 788.2 773 763.8 736.4 727 713.8 718.7 728.8 715.7 696.3 754.2 779.6 790 780.8 796.6 810.2 798 821.5 859 900 910.6 896.1 854.1 813.8 777.8 899.5 855.1 795.8 810.7 808 813.5 829.6 816.8 791 797.7 786.7 788.6 779.8 773.3 777.9 786.1 795.7 784 766.5 778.6 771.7 779.5 790.2 780.7 761.2
1001.3 1044.5 1081.3 1106.5 1081 1067 1069.3 1075.5 1083.6 1095.4 1122 1145.6 1160.4 1139.2 1077.7 1022.5 978.8 967.3 955.7 907.9 897.1 883.1 826.6 808.9 799.2 771.8 736.2 744.7 725.1 726.1 703.6 708.5 704.7 691.1 694.6 696.6 688.6 727.3 748.2 767.2 761 780.5 795.3 771.4 803.2 836.7 855.3 887.2 893.7 812.2 768.3 806 933.3 919.2 812.3 795.2 799.7 812 830.1 826.7 797.3 790.9 793.6 799.3 802.9 801.9 792.4 786.6 795.4 798 787.8 778.8 785.2 781.1 779.6 779.7 775.1
982.1 1023.6 1044.1 1067.5 1051.6 1051.3 1045.5 1045.2 1061.2 1061.7 1072.5 1094.9 1086.9 1099.3 1085.2 1030.7 969.2 931.2 900.2 871.4 857.9 830.2 816.3 822.1 796.1 753.6 721.7 712 693.9 691.6 693.2 714 705 684.5 675.9 683.6 687.7 704.1 729.1 769.6 773.7 769.2 772.2 774.7 783.1 812.6 831.3 883.3 892.5 866.2 827.9 820 855.1 897.5 823.6 802.8 805.6 808.5 809.4 817.4 816.1 824.3 830.1 818 812.3 814.2 809.3 801.3 796.8 794.7 793.5 783.2 792.2 785.4 785.3 793 789.8
946.5 967.3 986.2 1000.2 995.7 1021.1 1020.9 1033.2 1013.9 1008.9 1015.8 1019 1015.4 1015.1 1004.3 1005.7 963.2 929.5 899.5 882.1 854.2 821.4 823.4 818.3 775.7 727.8 698.1 686 670.2 661.2 665.9 700.9 693.6 681.4 683.5 690.5 699 714.6 727.1 775.8 773 744.9 743.4 773 801.7 830.5 856.2 882.3 888.9 852 818.8 811.9 814.7 822.2 817.4 808.6 810.9 808.7 805.5 809.3 833.9 862.4 844.1 819.2 811.7 811 813 814.3 816.3 806.6 798.7 789.7 793.7 799.5 799 786 773.7
908.7 921.6 935.1 943.4 939.2 949.6 970.9 984.4 966.8 956.9 967 974 958.9 947.6 942.4 947 932.5 917.2 882.3 887.7 856.3 863.2 820.6 797.2 745 699.5 672.4 655.3 652.5 663.8 668.8 698.2 694.4 693.3 695.8 698.4 701.5 727.2 737.2 752.7 754.7 750.2 750.2 760.1 785.2 824.6 847 833.4 873.8 854.3 827.4 815.6 811.3 813.1 803.5 814.8 812.7 808.6 810.3 817.8 837.3 -9999 854.7 838.6 840.4 839.1 828.5 817 812.5 806.2 801.1 817.3 793.7 786 790.4 793.7 789.1
867.6 887 889.9 883.8 881.7 887.7 913.9 916.9 905.5 898.3 909 931.3 921.1 896.8 898.8 899.2 896 901 875.2 858.7 858.9 826.2 794.9 747.2 710.9 693.6 676.2 664.8 671.5 662.2 668.9 686.4 704.2 704.1 700.6 702.2 708.3 734.5 766.3 760.2 757.6 758.4 759.9 761.7 774.9 791.3 805.1 813.8 874.1 891.2 854.3 840 828.2 820.7 810.9 815.7 829.1 822.2 809.6 812 834.3 848.4 863.6 846.8 840.1 838.3 835.5 838 832.9 807.5 804.6 831.2 803.9 812 807.3 806.5 820.8
827.8 824 801.3 790.5 810.3 835.7 831 806.8 805.9 827.3 848.5 848.9 835.1 808.2 817.7 835.8 842.1 839.6 842.5 783.7 793.2 802.2 805.6 779.5 736.2 725 714.1 688.1 676.9 677.2 681 703.8 709.8 708.8 710.7 715 718.7 739.4 746.8 750.2 763.8 772.4 775.6 777.4 783.8 792.5 798.9 810.1 829.2 838.3 851.6 855.3 852.1 855.1 843.5 841.5 843.7 832.1 814.9 812.6 812 824.5 835 848.1 827.7 820.6 820.6 815.2 815.6 820.1 810.4 811.9 806.4 792.6 802.1 807.5 792.6
814.9 812.5 762.7 759.1 793.2 818.2 815.3 775.5 781.9 820.2 842.9 830.7 797.2 786.2 779 781 776.3 783.1 799.7 772.1 755.2 780.6 785.2 760.1 737.6 708.3 685.4 683.4 683.7 683.3 695.4 709.3 715.7 713.1 718.8 725 730.4 742.9 746.8 755.5 773 780.5 785 786.3 789.1 792.2 804.5 812.2 822.4 830.4 848.4 861 873.1 883.8 852.2 849.8 846.4 832 831 822.8 822.5 828.4 831.5 838.3 837.1 835.9 829 815.9 815.5 825.6 818.5 819 817.7 804.5 813 822 805.5
772.3 760.1 729.3 742.3 757.4 792 785.2 748.4 772.1 799.6 797.1 771.1 762 751.2 749 749.3 746.5 758.2 783.7 769.7 736.8 749.1 739.4 715 722.3 699.6 684.6 683.6 688.8 693.6 704.4 708.9 721.4 719 724.5 731.3 736.2 749.8 755.4 764.3 777.2 787.7 791.7 796.7 798.4 803.3 811 829.9 842.7 855.9 865.4 874.7 894.5 906.3 852.5 844.9 844.3 848.3 846.6 836.5 826.4 824.9 828.8 832.3 824.6 832.9 825.7 815.6 817.9 829.7 829.8 820.6 826 813.7 804.8 817 816
763.3 744.8 734 734.2 715.8 733.2 748.8 731.7 751.1 779.5 759.5 738.3 732.2 723.5 711.3 723.4 750.8 780.2 813.9 783.3 714 687 678.2 668.1 682.6 688.6 689.4 691 698.5 703.4 715.8 719.2 732.3 727.4 731.3 737.7 742 752.9 766.8 776 786 783.3 794.2 803.8 803.6 805.4 821.9 847.9 871.5 891.9 899.2 891.3 889.2 888.8 845.7 852.8 837.7 833.5 833.6 840.2 838.3 825.5 820.8 817.3 810.5 815.5 813.6 821.3 832.6 840.8 849.1 840.6 837.3 838 813.4 808.9 -9999
745.7 742.9 744.5 723.1 713.4 742.6 728.5 734.1 763.3 775.8 747.2 725.3 710.1 703.8 701.4 722.4 727.7 745.3 794.1 777.1 719.3 670.5 655.8 662.5 674.8 686.9 691.5 698.1 709.9 715.1 724.2 734.5 743.2 734.9 737.7 743.1 748.4 759 774.6 781.6 793.9 791.7 792.7 800.2 806.7 815.8 843.1 870 870.3 890.5 912.8 904.1 881.5 866 852.3 839.3 860.1 858.7 861.4 851.2 837.4 828.8 824.4 819.9 827.7 820.3 826.8 824.2 832.4 837.1 830.3 826.9 822.5 833.6 816.3 819.4 826.4
722.3 726.1 761.6 744.1 714.9 728 757.5 784.7 781.2 754.8 734 719.5 700.5 691.3 716.2 698.5 720.1 771.5 786.2 771.2 748 711.6 660 665.4 671.6 678.5 691.3 703.9 715.8 722.2 724.7 735.5 742 741.7 744.7 748.1 752.9 763.3 775.7 784.6 796 798.4 805 810.1 815.2 831.3 862.1 876.3 860.4 885.5 896.4 884.7 873.4 856.5 845.5 848.7 872.3 873.2 882 878.8 868.9 863.7 854.8 845.6 828.6 837.4 848.7 839.1 837.4 843.4 838.9 833.8 832.8 847.6 824.1 821.5 837.7
704 739.8 767.5 748.7 719.4 739.1 772.8 803.5 786.5 768.6 758.1 727.8 711 699.8 690 701.3 719.5 736.3 728.1 767.3 754.1 722 676.3 665.8 675.8 687.3 693.2 702.6 715.9 726.2 732.7 744.6 745.9 753.6 752.2 752.9 757.9 769.4 778.8 794.2 796.9 799.1 808.5 813.5 820.3 835.2 854.5 873.2 855.8 875.6 874.8 864.5 859.9 856.4 854.5 851.1 872.1 876.9 880 877.1 865.5 856.6 853.4 837.1 833.8 832.9 849.8 854.9 845.3 849.6 856.1 844.8 829.9 895.9 877.3 848.7 837.5
737.9 815.4 835.4 821.2 770.2 791.5 771.5 793.6 754.1 740.4 725.4 727.2 728.4 709.7 684 680.5 669.2 678.8 667.1 722.9 697.2 665.6 661.7 664.6 676.7 685.2 697.3 710.2 724 736.4 740.4 751.5 756.5 758.1 755.8 759.5 766.3 782.7 796.7 791.2 791.8 795 801.6 810 817.4 823.8 834.9 848.8 841.9 852 850 853 857 860.5 858.9 851.3 861.4 854.5 852.2 850 842.5 835 834.9 843.6 849.3 867.4 846.5 838.5 840 843.4 838.4 829.7 838.3 881.5 883.3 864.2 840.3
821.1 884.5 887.7 904.2 898.6 868.6 763.2 792.9 784.9 773.5 768.7 759.6 730.4 691.4 706.5 707.4 684.8 659.1 636.2 652.8 645 651 657.4 670.9 677.4 688.4 705 718.9 732.1 741.2 743.5 758.2 748.8 754.1 761.9 774.3 787 795.7 790.4 793.3 801.6 805.8 805.6 810.7 822.5 832.9 840.6 838.4 832 851.4 854 861.7 871 873.5 866.9 857.7 840.7 841.7 847.2 844.1 837.8 828 819.6 823.6 824.5 839.7 842.3 823.6 835.8 834 837.8 854.2 851.9 837 845.5 851.5 847.9
866.5 834.7 863.5 918.9 946.2 882.3 782.9 857.8 833.3 798.7 791.8 763.2 723.5 723.6 757.3 760.9 723.4 680.4 656.7 633 645.3 658.1 663.4 674.9 685.2 704.2 713.2 722.8 733.6 742.7 751 759.8 751.7 765.1 776.6 782.9 800.3 806.7 819.1 816.7 810.2 815.1 820.2 825.6 837 841.7 833.5 830.7 835.6 867 865.8 869.2 871.8 872.9 848.4 845 841 846.5 834.7 830.5 832.5 828.2 827.8 837.1 831.8 819.4 840.5 826 820.7 824.1 843.1 862.4 863.6 879.1 863 856.4 855.9
830 778.9 877.4 886.4 873 852.1 781.8 831.4 886.7 870.3 827.2 773.8 744.5 774.6 811.5 805.4 739.2 719.4 699.2 662.8 658.9 665.3 669 677.4 691.7 710.1 724.2 728.3 735.5 749.2 765.5 766.7 758.5 780.4 804 810.9 818.4 832.2 838.8 819.2 823.3 846.8 846.7 845.4 837.4 827.5 826.2 833.9 847.1 854.2 862.5 879.2 872.3 853.1 837.6 843.8 831.3 831.8 818.8 830.6 832.8 821.3 822 834.9 821.2 832 825.2 821.1 832.4 834.7 849.9 865.9 860.2 896.1 916.3 917.3 882.9
777.4 780.9 830.5 818.7 787.3 799.3 811.2 752 808 796.4 827.9 863.6 898.6 945.9 961.8 928 922.9 847.1 770.4 694.2 665.8 663.4 675.3 683.2 696.3 714.2 735.7 740.9 749.9 768.6 775.2 768.1 773.7 794.8 813.6 822.5 833.9 832 815.5 819.1 839.8 843 828.1 828.2 832 833.2 832.9 841.4 862.5 845.4 846.6 859.6 867.9 861.3 852.9 842.4 830.4 821 827.6 830.1 820.9 825.2 822.5 826.4 827.2 820.6 836.5 829.1 831.2 833.9 851.2 863.8 875.9 862.2 866.1 901.6 -9999
796.1 725.1 794.9 765.7 806.3 938.2 934.6 816.3 726.9 742.5 810.8 913.6 918.7 893 939.4 950.7 927.1 926.9 792.4 675.4 672.4 679 698.8 686.8 720.7 718.2 741.8 760.5 770.4 771.8 767.7 778.6 788.4 797.6 814 835.8 843.8 823 812 811.4 816.7 820.6 822.2 826.2 836 844.1 840.2 837.5 855.1 840.3 844.5 861 851.5 854.6 835.5 838.6 825.6 817 837.5 823.5 820.3 820.3 826.2 829.2 824.4 817.1 836.5 838.2 836.1 839.1 848.4 849.3 878.7 872.3 884.9 892.2 877.5
772.6 700.4 739.5 791.9 833.3 878.2 918 831.2 706.5 757.6 770.6 863.5 868.3 831.3 853.6 848.6 840.3 875.8 750.2 670.7 661.5 669.5 685.2 691.6 736.8 717.2 736.2 775.3 781.4 777.8 793.6 798.7 800.8 791 812.9 817.6 814 817.9 812.3 819.1 831.2 831.4 827.5 831.1 831.1 834.1 836 835.7 836.1 831.8 856.9 848.1 835.3 832 822.7 823.2 824 809.7 821.1 813.2 820.1 820.1 821.1 823.8 826.7 826.4 829.3 846.9 853 850.6 851.6 852 872 863 884.1 873.8 875.7
743.2 691.9 814.5 862 846.5 789.7 760.7 732.1 668.5 727.9 800.3 854.8 821.2 790.9 850.7 869 743.1 798.1 756.4 666.8 657.5 665.5 684.1 703.6 719.8 717.5 736.8 769.1 784 800.2 818 820.1 829.2 807.2 797.5 803.2 808.3 819.9 822 831 855.1 850.9 840.5 838.7 838.6 841.5 840.4 840.5 846 864.8 848.9 846 840.3 833.9 829 825.8 825.6 818.5 817.5 821.1 826.7 825.6 822.8 826.9 841.9 845.5 854.6 838.8 861.7 867.4 861.1 859.4 865.3 877 872.7 880.6 878.9
673.9 711.4 811.8 879.8 861.3 748.1 720.6 747.2 667.6 721.9 856.7 860.8 752.4 740.8 775.9 718 666.5 698.8 732.2 657.9 659.4 665 676.9 698.8 708.7 721.2 758.4 758.7 782.3 802.4 816.9 841.4 841.5 821.6 816.4 819.8 816 840.1 839.8 852.1 866.8 858.2 861.3 850.1 847.2 847.8 845.6 848.5 863.3 874.3 863.9 852.2 847.8 848.3 831.6 828.1 830.8 824 821.2 823.7 828.1 828.1 838.8 841.9 852.4 877.4 851 834.4 846.9 853.1 858.4 869 877.9 885.1 901.9 906.3 894
714.4 756.5 810.2 833 809.8 775.5 744.1 673.6 651.3 708.5 761.7 770.1 701 679.1 707 659.7 653 707.4 756.3 657.8 658.7 668.1 682.4 705.5 732.3 742 764.1 773.7 787 792.9 805.1 837 855.9 833.4 846.8 854.5 829.2 862 870.4 867.4 854.6 846.4 852.2 846.8 849.2 850.3 855.4 858.7 858.4 852.9 851.2 846.8 848.1 841.4 834.8 833.1 836.1 837.2 841.6 834.8 847.4 842 846 870.9 886.6 884.2 863 856.8 855.4 853.2 848.6 859.9 888.8 896.2 921.7 910.4 895.8
637.1 682 792.4 807.6 793.2 786.8 769.5 723.6 720.6 645.3 659.1 656.7 642.7 642.6 648.4 628.1 636.9 651.9 657 663.2 669.6 682.2 706.2 727.5 742 734.5 762.2 778 786.2 788.5 805.6 842.6 858.2 855.4 877.8 873.5 847.1 876.1 877.2 860.3 849.9 848.8 843.5 850.8 856.2 858 859.3 861.8 866.9 863 867.7 851.1 854.8 848.2 843.6 846.2 858.1 860.3 851.6 838.1 843.7 855 864.1 893.7 909.8 881.3 869 866 865.2 866.4 867 872.7 898.7 919.4 928.6 904.7 903.4
