features/re_bio6.asc
ncols         768
nrows         589
xllcorner     124.299398925
yllcorner     32.893460211367
cellsize      0.010567299164062
NODATA_value  -9999
[rows 372 to 402 of 589, columns 350 to 419 of 768]
-4.680645 -4.290323 -4.012903 -4.387097 -4.345161 -3.954839 -3.841935 -3.590322 -3.803226 -3.764516 -3.703226 -3.922581 -3.806452 -3.883871 -3.877419 -4.070968 -4.206451 -4.083871 -4.874194 -5.577419 -5.303226 -4.309678 -3.432258 -3.051613 -2.967742 -3.122581 -3.725806 -3.119355 -2.9 -2.664516 -3.293548 -3.635484 -3.622581 -3.477419 -3.603226 -3.932258 -4.148387 -4.070968 -4.629032 -4.664516 -3.993548 -3.329032 -2.709677 -3.754839 -2.822581 -2.490323 -3.980645 -4.264516 -1.996774 -2 -1.567742 -1.735484 -9999 -9999 -9999 -9999 -9999 -9999 0.4903226 0.3225806 0.1645161 0.1225806 0.02903226 -0.1096774 -0.2 -0.2225806 -0.3032258 -0.1064516 0.0483871 0.1032258
-4.72258 -4.790323 -3.793548 -3.777419 -3.893548 -3.654839 -3.435484 -3.374193 -3.651613 -3.890323 -3.545161 -3.641936 -3.748387 -3.674194 -3.470968 -3.63871 -3.893548 -3.980645 -4.790323 -4.496774 -4.345161 -3.993548 -3.380645 -3.132258 -3.274194 -2.780645 -2.932258 -3.380645 -3.454839 -3.396774 -3.332258 -3.419355 -3.577419 -3.751613 -3.819355 -3.874193 -4.045161 -4.032258 -4.245161 -5.112903 -5.051613 -3.674194 -3.058064 -4.129032 -3.370968 -1.993548 -3.222581 -3.822581 -2.990323 -2.893548 -1.690323 -1.235484 -0.3258064 -9999 -9999 -9999 -9999 -9999 0.5709677 0.3548387 0.2193548 0.1548387 0.03225806 -0.2451613 -0.6193548 -0.5322581 -0.3870968 -0.03548387 -0.02258065 0.08709677
-4.135484 -4.13871 -3.306452 -3.490323 -3.667742 -3.451613 -3.296774 -3.445161 -3.816129 -4.022581 -3.554839 -3.403226 -3.625807 -3.612903 -3.319355 -3.312903 -3.725806 -3.916129 -4.535484 -4.183871 -4.035484 -4.232258 -3.767742 -3.258065 -3.451613 -2.935484 -2.629032 -3.33871 -3.4 -3.596774 -3.625807 -3.522581 -3.367742 -3.470968 -3.4 -3.735484 -3.032258 -4.467742 -5.43871 -5.067742 -5.312903 -5.470968 -3.909678 -5.077419 -3.812903 -2.419355 -2.096774 -3.016129 -3.33871 -2.548387 -1.470968 -1.106452 -0.4483871 0.0516129 -9999 -9999 -9999 -9999 -9999 0.316129 0.116129 -0.0516129 -0.2483871 -0.2548387 -0.4225807 -0.4516129 -0.3322581 -0.2870968 -0.5387097 -0.2967742
-3.125807 -3.6 -3.545161 -3.8 -3.906452 -3.941936 -3.964516 -3.958065 -3.890323 -3.358064 -2.86129 -3.074193 -3.493548 -3.212903 -3.051613 -3.206452 -3.287097 -3.754839 -4.396774 -4.412903 -3.622581 -3.732258 -3.851613 -3.725806 -3.43871 -2.948387 -3.351613 -3.516129 -3.435484 -3.519355 -3.567742 -3.248387 -3.070968 -3.658065 -4.087097 -2.977419 -2.254839 -2.970968 -3.464516 -3.664516 -4.287097 -4.5 -3.296774 -2.180645 -1.951613 -2.490323 -2.045161 -1.809677 -2.274194 -1.541935 -1.290323 -1.270968 -0.6193548 -0.05483871 -0.1516129 0.09354839 -9999 -9999 -9999 -9999 -9999 -9999 -9999 -9999 -9999 -9999 -9999 -0.08709677 -0.09677419 -0.09677419
-3.63871 -3.703226 -3.770968 -3.325806 -3.393548 -3.703226 -3.693548 -3.377419 -3.148387 -2.858064 -2.667742 -3.135484 -3.096774 -3.119355 -3.309677 -3.393548 -3.567742 -3.896774 -4.409678 -4.080645 -3.851613 -4.029032 -4.190322 -4.180645 -3.874193 -3.341935 -3.3 -3.751613 -3.874193 -4.16129 -4.741935 -4.048387 -3.187097 -3.490323 -3.435484 -3.467742 -1.951613 -2.929032 -3.896774 -5.477419 -5.996774 -4.670968 -2.945161 -2.390323 -2.312903 -1.696774 -2.2 -1.674194 -1.354839 -1.145161 -1.348387 -1.312903 -0.8580645 -9999 -9999 -9999 -9999 -9999 -9999 -9999 -9999 -9999 -9999 -9999 -9999 -9999 -9999 -9999 -0.01290323 -0.2387097
-3.467742 -4.112903 -3.322581 -3.474194 -3.770968 -3.5 -3.225806 -3.206452 -2.796774 -2.251613 -2.290323 -2.819355 -2.987097 -3.051613 -3.519355 -3.467742 -2.851613 -3.296774 -3.767742 -4.009677 -4.109677 -4.109677 -4.122581 -4.180645 -4.190322 -4.022581 -3.745161 -4.006452 -4.132258 -4.445161 -5.083871 -4.574193 -4.454839 -4.86129 -4.680645 -2.935484 -2.109677 -2.735484 -3.73871 -4.374194 -4.406452 -3.929032 -3.074193 -2.370968 -1.883871 -2.274194 -1.641935 -1.56129 -2.558064 -2.322581 -1.890323 -1.103226 -0.983871 -0.3096774 -9999 -9999 -9999 -9999 -9999 -9999 -9999 -9999 -9999 -9999 -9999 -9999 -9999 -9999 -0.05483871 -0.3032258
-3.403226 -4.335484 -3.490323 -3.029032 -2.883871 -2.980645 -2.896774 -2.719355 -2.832258 -2.735484 -2.558064 -2.8 -2.480645 -2.703226 -2.980645 -2.935484 -3.051613 -3.125807 -3.006452 -3.896774 -3.964516 -3.964516 -4.058064 -4.141935 -4.109677 -4.054839 -4.180645 -4.416129 -4.945161 -4.780645 -4.435484 -4.783871 -5.129032 -5.180645 -4.909678 -4.067742 -3.122581 -2.829032 -2.622581 -3.109677 -2.629032 -2.245161 -2.190323 -1.690323 -1.796774 -1.906452 -1.735484 -1.625806 -1.9 -9999 -9999 -9999 -9999 -0.5774193 -9999 -9999 -9999 -9999 -9999 -9999 -9999 -9999 -9999 -9999 -9999 -9999 -9999 -9999 -0.1258065 -0.2967742
-3.274194 -3.403226 -2.880645 -2.3 -2.345161 -2.829032 -3.06129 -2.983871 -2.825806 -2.53871 -2.706452 -2.735484 -2.625807 -2.506452 -2.796774 -3.535484 -3.774194 -2.967742 -2.925807 -2.616129 -3.858064 -3.758065 -3.622581 -3.66129 -3.877419 -4.367742 -4.890323 -4.858065 -5.841936 -5.290323 -4.541935 -4.306452 -4.383871 -4.46129 -4.396774 -4.470968 -3.9 -4.467742 -2.603226 -1.664516 -1.270968 -1.158064 -1.187097 -9999 -9999 -9999 -9999 -9999 -9999 -9999 -9999 -9999 -9999 -0.7806451 -0.6741936 -9999 -9999 -9999 -9999 -9999 -9999 -9999 -9999 -9999 -9999 -9999 -9999 -9999 -9999 -0.2322581
-2.896774 -2.222581 -2.032258 -2.535484 -2.6 -2.674194 -2.63871 -2.458065 -2.283871 -2.335484 -2.664516 -2.751613 -3.103226 -3.090322 -2.912903 -3.280645 -3.458065 -2.6 -3.241935 -2.587097 -3.396774 -3.532258 -3.858064 -4.080645 -4.119355 -4.045161 -4.051613 -4.441936 -4.922581 -4.670968 -3.896774 -2.490323 -2.206452 -2.583871 -3.616129 -5.177419 -4.225806 -2.967742 -2.222581 -1.470968 -1.074194 -0.9935484 -1.087097 -9999 -9999 -9999 -9999 -9999 -9999 -9999 -9999 -9999 -9999 -9999 -9999 -9999 -9999 -9999 -9999 -9999 -9999 -9999 -9999 -9999 -9999 -9999 -9999 -9999 -9999 -9999
-2.564516 -2.541935 -2.33871 -9999 -9999 -9999 -9999 -9999 -2.493548 -2.506452 -2.658065 -2.790323 -3.235484 -3.267742 -3.441936 -3.403226 -3.26129 -3.296774 -2.854839 -2.612903 -4.132258 -4.803226 -4.625806 -5.077419 -5.341936 -5.445161 -5.254839 -4.261291 -5.312903 -5.306452 -2.903226 -1.854839 -1.564516 -2.222581 -3.416129 -4.148387 -2.474194 -1.874194 -2.687097 -2.296774 -1.341936 -1.206452 -1.693548 -9999 -9999 -9999 -9999 -9999 -9999 -9999 -9999 -9999 -9999 -9999 -9999 -9999 -9999 -9999 -9999 -9999 -9999 -9999 -9999 -9999 -9999 -9999 -9999 -9999 -9999 -9999
-2.293548 -3.016129 -9999 -9999 -9999 -9999 -9999 -9999 -2.722581 -2.725806 -2.709677 -2.867742 -3.151613 -3.387097 -3.622581 -3.996774 -4.012903 -3.625807 -3.535484 -2.970968 -3.641936 -4.183871 -4.493548 -5.406452 -6.13871 -6.616129 -6.658064 -5.309678 -2.954839 -3.835484 -2.916129 -2.258065 -1.932258 -1.983871 -2.203226 -2.4 -1.948387 -2.180645 -2.63871 -1.996774 -1.748387 -1.841936 -9999 -9999 -9999 -9999 -9999 -9999 -9999 -9999 -9999 -9999 -9999 -9999 -9999 -9999 -9999 -9999 -9999 -9999 -9999 -9999 -9999 -9999 -9999 -9999 -9999 -9999 -9999 -9999
-1.964516 -3.090322 -9999 -9999 -9999 -9999 -9999 -2.754839 -2.825806 -2.822581 -2.722581 -2.683871 -2.858064 -3.309677 -3.412903 -4.174193 -4.487097 -3.667742 -3.209677 -3.641936 -2.935484 -3.748387 -5.254839 -5.951613 -5.554839 -5.658064 -6.396774 -6.270968 -4.541935 -2.983871 -1.803226 -1.670968 -2.109677 -2.635484 -2.209677 -1.36129 -1.654839 -1.196774 -1.13871 -1.254839 -9999 -9999 -9999 -9999 -9999 -9999 -9999 -9999 -9999 -9999 -9999 -9999 -9999 -9999 -9999 -9999 -9999 -9999 -9999 -9999 -9999 -9999 -9999 -9999 -9999 -9999 -9999 -9999 -9999 -9999
-2.183871 -2.070968 -9999 -9999 -9999 -9999 -9999 -2.580645 -2.680645 -2.819355 -3.080645 -3.56129 -2.53871 -2.422581 -2.76129 -3.603226 -4.316129 -4.66129 -4.761291 -4.087097 -3.06129 -4.054839 -5.454839 -6.093548 -4.954839 -4.612903 -5.580645 -5.770968 -4.358065 -3.893548 -1.416129 -1.045161 -1.148387 -1.167742 -1.148387 -9999 -9999 -9999 -9999 -9999 -9999 -9999 -9999 -9999 -9999 -9999 -9999 -9999 -9999 -9999 -9999 -9999 -9999 -9999 -9999 -9999 -9999 -9999 -9999 -9999 -9999 -9999 -9999 -9999 -9999 -9999 -9999 -9999 -9999 -9999
-9999 -9999 -9999 -9999 -9999 -9999 -9999 -2.545161 -2.583871 -2.712903 -2.916129 -3.264516 -3.987097 -2.648387 -2.43871 -3.33871 -4.209677 -4.606452 -4.770968 -4.66129 -3.554839 -3.322581 -4.390323 -4.080645 -4.025806 -3.9 -3.874193 -4.458065 -4.770968 -2.6 -2.425807 -1.793548 -1.448387 -0.9677419 -0.5064516 -9999 -9999 -9999 -9999 -9999 -9999 -9999 -9999 -9999 -9999 -9999 -9999 -9999 -9999 -9999 -9999 -9999 -9999 -9999 -9999 -9999 -9999 -9999 -9999 -9999 -9999 -9999 -9999 -9999 -9999 -9999 -9999 -9999 -9999 -9999
-9999 -9999 -9999 -9999 -9999 -9999 -2.225806 -2.319355 -2.696774 -3.593548 -4.116129 -2.922581 -2.574193 -3.822581 -2.696774 -2.632258 -3.925807 -4.270968 -3.46129 -3.719355 -4.132258 -2.580645 -2.948387 -3.422581 -3.929032 -4.016129 -4.432258 -4.767742 -3.777419 -2.693548 -2.193548 -3.103226 -1.748387 -1.025806 -0.7741935 -9999 -9999 -9999 -9999 -9999 -9999 -0.4387097 -0.5580645 -9999 -1.212903 -9999 -9999 -9999 -9999 -9999 -9999 -9999 -9999 -9999 -9999 -9999 -9999 -9999 -9999 -9999 -9999 -9999 -9999 -9999 -9999 -9999 -9999 -9999 -9999 -9999
-9999 -9999 -9999 -9999 -9999 -9999 -9999 -2.077419 -2.835484 -4.432258 -5.27742 -3.809677 -2.483871 -3.025806 -3.158065 -2.832258 -2.809677 -3.290323 -3.522581 -3.551613 -4.625806 -2.858064 -3.658065 -3.464516 -4.564516 -4.72258 -5.322581 -5.767742 -4.645161 -3.316129 -1.825806 -3.470968 -2.119355 -1.125806 -9999 -9999 -9999 -9999 -0.8096774 -1.883871 -3.206452 -4.151613 -3.335484 -3.364516 -2.693548 -0.8516129 -9999 -9999 -9999 -9999 -9999 -9999 -9999 -9999 -9999 -9999 -9999 -9999 -9999 -9999 -9999 -9999 -9999 -9999 -9999 -9999 -9999 -9999 -9999 -9999
-9999 -9999 -9999 -9999 -9999 -9999 -9999 -1.93871 -2.248387 -3.587097 -5.209677 -5.064516 -2.5 -3.406452 -4.33871 -4.080645 -4.112903 -3.458065 -3.432258 -4.63871 -3.425807 -3.287097 -2.967742 -2.906452 -4.725806 -4.845161 -4.667742 -4.22258 -2.870968 -2.048387 -1.722581 -2.093548 -1.825806 -9999 -9999 -9999 -9999 -9999 -0.6258065 -0.716129 -1.570968 -4.941936 -3.677419 -2.109677 -2.7 -2.706452 -9999 -9999 -9999 -9999 -9999 -9999 -9999 -9999 -9999 -9999 -9999 -9999 -9999 -9999 -9999 -9999 -9999 -9999 -9999 -9999 -9999 -9999 -9999 -9999
-9999 -9999 -9999 -9999 -9999 -9999 -9999 -1.832258 -2.43871 -2.809677 -2.829032 -3.393548 -2.690323 -2.812903 -4.629032 -3.574193 -3.325806 -2.806452 -2.248387 -3.058064 -3.63871 -3.074193 -2.129032 -2.783871 -4.577419 -5.254839 -4.696774 -3.509677 -2.177419 -1.203226 -1.43871 -1.554839 -1.322581 -9999 -0.4096774 -9999 -9999 -1.693548 -1.245161 -0.3870968 -0.7322581 -3.003226 -2.558064 -1.36129 -1.025806 -9999 -9999 -9999 -9999 -9999 -9999 -9999 -9999 -9999 -9999 -9999 -9999 -9999 -9999 -9999 -9999 -9999 -9999 -9999 -9999 -9999 -9999 -9999 -9999 -9999
-9999 -9999 -9999 -9999 -9999 -9999 -1.509677 -1.9 -3.23871 -4.151613 -4.183871 -4.72258 -4.322581 -3.806452 -1.890323 -3.548387 -3.13871 -2.129032 -1.903226 -1.96129 -1.819355 -1.309677 -1.412903 -2.235484 -2.970968 -4.870968 -4.348387 -2.583871 -1.5 -1.129032 -0.9387097 -0.7483871 -0.6548387 -0.5258064 -0.6064516 -0.8129032 -2.293548 -3.806452 -9999 -9999 -9999 -9999 -9999 -9999 -9999 -9999 -9999 -9999 -9999 -9999 -9999 -9999 -9999 -9999 -9999 -9999 -9999 -9999 -9999 -9999 -9999 -9999 -9999 -9999 -9999 -9999 -9999 -9999 -9999 -9999
-9999 -9999 -9999 -9999 -9999 -9999 -9999 -1.53871 -2.612903 -4.293549 -5.632258 -6.345161 -5.929032 -3.403226 -2.458065 -2.883871 -3.080645 -3.093548 -2.754839 -3.283871 -4.535484 -2.467742 -2.141936 -2.325806 -2.245161 -2.487097 -2.570968 -2.470968 -1.987097 -1.341936 -0.9096774 -0.8774194 -0.8258064 -0.8096774 -0.7870968 -0.9064516 -2.245161 -3.809677 -9999 -9999 -9999 -9999 -9999 -9999 -9999 -9999 -9999 -9999 -9999 -9999 -9999 -9999 -9999 -9999 -9999 -9999 -9999 -9999 -9999 -9999 -9999 -9999 -9999 -9999 -9999 -9999 -9999 -9999 -9999 -9999
-9999 -9999 -9999 -9999 -9999 -9999 -9999 -0.7548387 -0.9483871 -2.23871 -3.093548 -2.622581 -3.525806 -1.870968 -3.003226 -3.696774 -4.483871 -4.058064 -2.519355 -2.087097 -2.983871 -2.580645 -2.609677 -2.996774 -3.580645 -2.616129 -3.432258 -3.070968 -1.903226 -1.341936 -1.016129 -0.9580645 -1.083871 -1.032258 -0.983871 -0.9903226 -0.983871 -1.103226 -1.132258 -9999 -9999 -9999 -9999 -9999 -9999 -9999 -9999 -9999 -9999 -9999 -9999 -9999 -9999 -9999 -9999 -9999 -9999 -9999 -9999 -9999 -9999 -9999 -9999 -9999 0.8645161 -9999 -9999 -9999 -9999 -9999
-9999 -9999 -9999 -9999 -9999 -9999 -9999 -0.9709678 -0.316129 -0.8064516 -1.416129 -1.583871 -1.574194 -0.667742 -1.329032 -2.254839 -3.896774 -3.454839 -1.970968 -1.012903 -0.7096774 -0.4903226 -0.7064516 -0.9193549 -1.293548 -0.5967742 -1.241935 -1.767742 -2.258065 -9999 -9999 -9999 -9999 -0.9935484 -1.619355 -2.06129 -2.16129 -2.290323 -2.154839 -9999 -9999 -9999 -9999 -9999 -9999 -9999 -9999 -9999 -9999 -9999 -9999 -9999 -9999 -9999 -9999 -9999 -9999 -9999 -9999 -9999 -9999 -9999 -9999 -9999 0.9032258 0.9 -9999 -9999 -9999 -9999
-9999 -9999 -9999 -9999 -9999 -0.1516129 -0.7967742 -1.412903 -0.1967742 0.2935484 0.1032258 -0.2290323 -0.1387097 -0.3387097 -1.36129 -1.616129 -2.864516 -2.264516 -1.167742 -9999 -9999 -9999 -9999 -9999 -9999 -9999 -9999 -1.464516 -1.319355 -1.03871 -9999 -9999 -9999 -9999 -0.7741935 -1.074194 -2.53871 -4.483871 -4.358065 -9999 -9999 -9999 -9999 -9999 -9999 -9999 -9999 -9999 -9999 -9999 -9999 -9999 -9999 -9999 -9999 -9999 -9999 -9999 0.6741936 0.5193548 0.5064516 0.5774193 0.6483871 0.7451613 0.8870968 1.029032 -9999 -9999 -9999 -9999
-9999 -9999 -9999 -9999 -9999 -9999 -9999 -9999 -9999 0.7225807 0.6193548 0.5387097 0.006451613 -0.4516129 -1.116129 -1.809677 -2.667742 -1.254839 -9999 -9999 -9999 -9999 -9999 -9999 -9999 -9999 -9999 -9999 -9999 -9999 -9999 -9999 -9999 -9999 -9999 -0.7516129 -1.348387 -2.777419 -3.56129 -2.674194 -9999 -9999 -9999 -9999 -9999 -9999 -9999 -9999 -9999 -9999 -9999 -9999 -9999 -9999 -9999 -9999 -9999 -9999 -9999 0.5322581 0.6580645 0.6258065 0.6774194 0.5935484 0.7516129 1.077419 1.2 -9999 -9999 -9999
-9999 -9999 -9999 -9999 -9999 -9999 -9999 -9999 -9999 -9999 -9999 -9999 -0.03870968 -0.1677419 -0.9161291 -0.9483871 -1.141935 -0.9677419 -9999 -9999 -9999 -9999 -9999 -9999 -9999 -9999 -9999 -9999 -9999 -9999 -9999 -9999 -9999 -9999 -9999 -0.6387097 -2.212903 -2.5 -1.283871 -0.4354839 -9999 -9999 -9999 -9999 -9999 -9999 -9999 -9999 -9999 -9999 -9999 -9999 -9999 -9999 -9999 -9999 -9999 -9999 -9999 -9999 -9999 0.7741935 0.7645161 0.6967742 0.8129032 1.064516 1.170968 -9999 -9999 -9999
-9999 -9999 -9999 -9999 -9999 -9999 -9999 -9999 -9999 -9999 -9999 -9999 -0.2129032 -0.7419355 -9999 -1.358065 -0.9548387 -0.7322581 -9999 -9999 -9999 -9999 -9999 -9999 -9999 -9999 -9999 -9999 -9999 -9999 -9999 -9999 -9999 -9999 -9999 -9999 -0.8967742 -1 -1.003226 -9999 -9999 -9999 -9999 -9999 -9999 -9999 -9999 -9999 -9999 -9999 -9999 -9999 -9999 -9999 -9999 -9999 -9999 -9999 -9999 -9999 0.5580645 0.683871 0.5903226 0.7129032 0.9096774 1.096774 -9999 -9999 -9999 -9999
-9999 -9999 -9999 -9999 -9999 -9999 -9999 -9999 -9999 -9999 -9999 -9999 -9999 -9999 -9999 -9999 -9999 -9999 -9999 -9999 -9999 -9999 -9999 -9999 -9999 -9999 -9999 -9999 -9999 -9999 -9999 -9999 -9999 -9999 -9999 -9999 -0.7193549 -0.3774194 -0.216129 -9999 -9999 -9999 -9999 -9999 -9999 -9999 -9999 -9999 -9999 -9999 -9999 -9999 -9999 -9999 -9999 -9999 -9999 -9999 -9999 -9999 -9999 -9999 0.5838709 0.7129032 0.8354838 1.193548 -9999 -9999 -9999 -9999
-9999 -9999 -9999 -9999 -9999 -9999 -9999 -9999 -9999 -9999 -9999 -9999 -9999 -9999 -9999 -9999 -9999 -9999 -9999 -9999 -9999 -9999 -9999 -9999 -9999 -9999 -9999 -9999 -9999 -9999 -9999 -1.66129 -0.9483871 -0.9903226 -0.4322581 -0.4483871 -9999 0.2096774 -0.1 -9999 -9999 -9999 -9999 -9999 -9999 -9999 -9999 -9999 -9999 0.8580645 0.6935484 0.7935484 -9999 -9999 -9999 -9999 -9999 -9999 -9999 -9999 -9999 0.4709677 0.6225806 0.7870968 0.9193549 -9999 -9999 -9999 -9999 -9999
-9999 -9999 -9999 -9999 -9999 -9999 -9999 -9999 -9999 -9999 -9999 -9999 -9999 -9999 -9999 -9999 -9999 -9999 -9999 -9999 -9999 -9999 -9999 -9999 -9999 -9999 -9999 -9999 -9999 -9999 -9999 -9999 -9999 -9999 -9999 -9999 -9999 -9999 -0.1032258 -9999 -9999 -9999 -9999 -9999 -9999 -9999 -9999 -9999 0.9 0.6709678 0.5516129 0.4387097 0.716129 0.4032258 0.3129032 0.3645161 0.06451613 -9999 0.1677419 -9999 -9999 0.4290323 0.5322581 0.8935484 0.9903226 -9999 -9999 -9999 -9999 -9999
-9999 -9999 -9999 -9999 -9999 -9999 -9999 -9999 -9999 -9999 -9999 -9999 -9999 -9999 -9999 -9999 -9999 -9999 -9999 -9999 -9999 -9999 -9999 -9999 -9999 -9999 -9999 -9999 -9999 -9999 -9999 -9999 -9999 -9999 -9999 -9999 -9999 -9999 -9999 -9999 -9999 -9999 -9999 -9999 -9999 -9999 -9999 -9999 0.8483871 0.7774193 0.8774194 0.8 0.6903226 0.4483871 0.3741935 0.5806451 0.4870968 0.1967742 -0.09032258 -0.1322581 0.2548387 0.4225807 0.4935484 0.9483871 1.06129 1.5 -9999 -9999 -9999 -9999
-0.4967742 -9999 -9999 -9999 0.05806452 -9999 -9999 -9999 -9999 -9999 -9999 -9999 -9999 -9999 -9999 -9999 -9999 -9999 -9999 -9999 -9999 -9999 -9999 -9999 -9999 -9999 -9999 -9999 -9999 -9999 -9999 -9999 -9999 -9999 -9999 -9999 -9999 -9999 -9999 -9999 -9999 -9999 -9999 -9999 -9999 -9999 -9999 -9999 0.7612903 0.8419355 0.8612903 0.6387097 0.3806452 0.5225806 0.5 0.5322581 0.616129 0.5677419 0.3322581 0.1290323 0.2322581 0.416129 0.6354839 0.9774194 0.8129032 1.43871 1.658064 -9999 -9999 -9999
