features/re_bio16.asc
ncols         768
nrows         589
xllcorner     124.299398925
yllcorner     32.893460211367
cellsize      0.010567299164062
NODATA_value  -9999
[rows 204 to 237 of 589, columns 231 to 307 of 768]
908.1 896.4 894.6 -9999 -9999 -9999 -9999 -9999 -9999 -9999 -9999 -9999 803.3 804.4 790.9 783.7 793.3 799.7 798.5 802.2 798.7 806.6 809.5 813.4 825.2 825.2 838.1 840.3 840.7 841.5 846.7 850.4 849.7 848 850.8 850.5 854.1 847.6 851.5 856.4 858.8 856.9 859.3 875.4 885.2 883.4 893.3 905.8 901.3 912.7 898.3 901.9 935 1000.1 1016.2 946.8 983.3 959.3 990.9 1007.4 1011.5 1028.9 1079.8 1046.2 1042.1 994.8 957.4 962.1 971.6 954.8 965.6 966.3 996.1 1006.4 1006.8 1018.4 1038.8
915.2 896.9 876 856.8 -9999 -9999 -9999 -9999 -9999 -9999 -9999 -9999 -9999 -9999 -9999 800.9 804.4 803.7 799.2 801.1 795 801 822.1 819.9 816.5 817.8 835.4 839.2 838.7 842.4 839.8 843.3 847.2 850.9 853.2 852.3 849.2 851.6 850.4 851.9 855.4 860.3 862.8 882.6 888.1 881 879.8 894.1 898.1 906.4 899.1 905.6 934.5 1002.7 1042.6 995 994.7 995.9 1034 1066.9 1071.9 1057.5 996.4 1019.9 991.9 961.6 948 949.3 933.7 925.4 941.8 965.9 983.3 974.9 979 992.5 1005.4
917 895 867.9 842.4 -9999 -9999 -9999 -9999 -9999 -9999 -9999 -9999 -9999 -9999 -9999 -9999 800 808.3 811.6 802.5 793.4 818.5 827.2 822.5 818.3 817.4 830.4 834.4 834.2 841.6 844 840 840.7 843.8 847.3 851.9 851.3 849.2 847.8 850.6 851.2 869.7 881.8 880.5 885.4 876.4 872.2 881.3 883.1 893.3 895.8 934 975 1050.5 1105.7 1041.6 1042.9 1050.9 1047.3 1063.2 1070.8 1106.3 1023 1002.6 994.7 956.3 935.6 923.7 919 925.6 944.5 953.4 957 959.7 957.9 955.8 973.3
902.8 883.1 861.9 845.8 -9999 -9999 -9999 -9999 -9999 -9999 -9999 -9999 -9999 -9999 -9999 -9999 -9999 796.6 796.9 796.2 802.5 -9999 808.2 809.2 816.5 821.6 833.2 841.4 835 839.7 841.3 846.1 844.5 842.9 842.4 852.1 843.4 836.4 839.3 849.9 857.1 873.7 864.2 867.3 873.8 878.7 878.1 878.8 888.4 898.3 909.7 983 1078.4 1154 1155.6 1094.9 1072.1 1077.8 1011.3 997.2 1015.3 1151.2 1080.4 1032.5 991 950.6 925.5 924.4 925.6 928 922.8 924.6 918.3 927.3 923.9 924.2 945.4
892.9 871.9 858.9 -9999 -9999 -9999 -9999 -9999 -9999 -9999 -9999 -9999 -9999 -9999 -9999 -9999 -9999 -9999 -9999 -9999 -9999 -9999 804.3 804.7 805.5 810.3 825.8 831.3 836.2 842.4 843.8 846.8 847.9 832.5 836.3 848 836.9 839.7 845.4 862 869 873.5 898.4 862.7 873.8 883.3 883.7 892.2 908.3 908.7 934.8 977.6 1049.5 1113.6 1111 1061.4 1021.7 1002.1 1003.2 986.3 1004.9 1104.8 1057.2 1072.6 982.4 935.8 921.4 918.8 921.7 915.2 899.7 900 900.9 896.6 901.1 914.2 917.2
883 859.9 -9999 835.7 821.9 808.1 -9999 -9999 -9999 -9999 -9999 -9999 -9999 -9999 -9999 -9999 -9999 -9999 -9999 -9999 792.7 795.7 798.5 801.9 802.5 806.1 815.3 836.7 835.4 832.8 840.4 836.8 837.8 831.8 837.4 849.3 840.9 834.7 839.2 853.4 869.5 877 876.4 860.5 863.6 870.9 876.2 886.1 899.5 917 961.1 972.6 977.3 1029.3 1084.4 1090.6 1047.7 1006.4 992.9 986.7 1031.8 1069.6 993 1040.6 991.4 940.1 915.4 901.9 893.1 896 889 896.9 902.3 886.5 888.3 894.9 893.6
873.2 851.4 834.1 824.6 811 809.8 806.2 -9999 -9999 -9999 -9999 -9999 -9999 -9999 -9999 -9999 -9999 -9999 -9999 788.8 787.2 791.9 797 801.6 807.8 810.5 812 821.3 820.5 812.1 813.5 834.8 849.7 858.2 863.1 850.2 837.7 836.7 850.8 886.1 912 880.8 867.2 865.2 877.5 882.8 888.1 901.4 914.7 950.3 972.8 1044.2 1037.1 1070.2 1100.3 1077.6 1038.5 1156.3 1066.2 994.3 990.9 1033.9 972.4 991.3 1001.7 937.7 909.1 904.4 899.3 892.6 886.2 890.1 880.5 872.5 871.6 867.6 875.3
865.3 844.8 829.3 820.2 808.4 803.9 800.4 789.9 -9999 -9999 -9999 -9999 -9999 -9999 -9999 -9999 -9999 -9999 781.5 784.3 789.5 793.3 795.5 817.2 848.5 836.9 827.2 815.4 809.1 811.2 814.8 820.1 830.9 841.3 853.6 842.4 839.6 843.5 845.5 852.6 865.3 876.3 875.2 870.9 876.6 919 933.3 915.6 968.8 1080.7 978 1063.1 1088.5 1064.7 1056.5 1056.9 1015.1 1025.2 1068.7 1005.8 972.2 967.4 967.6 948.4 973.5 927.1 909.7 913.5 906.7 883.5 865.3 863.1 871.1 860.5 861.1 851.8 851.9
855.6 839 825.4 820 810.8 804.1 794.2 789.7 -9999 -9999 -9999 -9999 -9999 -9999 -9999 -9999 774 781.1 783.7 780.3 783.8 786.6 790.2 812.2 839.6 832.4 829.8 807.8 800.7 818.9 836.2 836.6 831.3 843.9 870.1 852.8 845.2 853.3 854.3 854.1 861.8 875.8 889.8 882.2 883.3 921.7 959.9 965.7 1006.2 1134.6 1122.9 1063.6 1043.9 1043 1063.6 1106.8 1106.7 1091.4 972.1 958.1 958.7 920 932 914.3 924.5 910.1 904.9 910.4 917.6 900.3 885.6 864 872.4 853.3 844 839 839.3
851.4 831.6 820.3 812.9 802.5 794.3 788 785.8 -9999 -9999 -9999 781.1 776.3 769.5 773.3 771.9 781 804.4 816.3 800.9 779.1 787.6 794 818.1 816.1 821.5 830.7 805.2 812.1 818.7 854.2 863.2 854.3 863.6 887.6 847 843.5 852.2 859.8 859.2 860 871.4 882.5 900.8 916.8 929.4 981.5 1038.6 1039.6 1117.5 1055.2 997.3 980.5 990.5 1038.5 1064.9 999.1 1017.5 991.4 1072.5 1038.4 948.7 922 920.9 912.6 906.2 901.4 900.1 898.6 895.4 896.2 872.7 849.7 828.7 823.8 829.4 828.8
843.5 826.8 812.7 803.2 789.7 784.5 781.2 778.4 766.3 -9999 -9999 780.5 774.3 776.6 776.3 783 787.6 804.4 812.1 797.8 781.6 796.1 841.8 888.9 881.1 863.1 834.6 820.4 836.5 863.3 907.8 906.9 874.3 867 892.2 860.9 861.6 855.9 860.2 858.3 861.8 878.4 918.7 933.6 962.5 986.5 1036.9 1079.5 1050.3 1024 974.4 971.8 990 1020 1062.3 1067 1009.3 1030.1 1091.4 1115.3 1055.8 947.1 944.3 942.7 915.3 905 896.8 890.2 891.3 880.5 871.9 865.9 849 820 816.8 830.7 825.9
827.7 816.1 799.8 786.4 777.9 774.4 766.9 762.1 761.8 762.9 765.3 769 772.1 779.3 782.5 788.6 789.2 833.9 866 859.3 857.8 790.1 845.3 855 857.3 858.2 808.4 830.2 857.4 858.8 884.1 883.6 851 839.8 841.9 846.4 853.8 857.6 858 861.6 872.5 906.8 944.9 958.3 976.6 1035.5 1113.7 1125.5 1058.5 992 934.5 968.7 968.7 1023.5 1060.7 1019.6 988.8 1067.4 1197.8 1120.9 1025 1038.4 1001.8 983.9 926.5 940 909.5 887.9 884.7 868.8 854.5 841.6 834.2 807.5 825.4 812.4 779.5
817.1 801.1 781.9 772.1 764.8 759.6 756.4 751.7 754.4 755.6 746.5 746.6 748.6 758.2 760.8 771 764.4 753.5 779.8 836.7 849.4 812.7 784.4 822.4 823.6 799.9 814 877.3 910.5 885.5 864.1 856.1 828 810.9 821.1 843.8 843.9 854.5 863.8 871.8 892.8 893.3 906.5 979 1054.9 1053.7 1011.3 987.7 1003.4 993.3 907.1 916.9 942.8 982.4 960.7 922.5 946.3 1015.6 1020.2 1070.5 1035.9 921.9 897.4 895.3 886.9 991.8 930.5 880.8 873.7 865.6 842.7 827.3 816.7 812.9 784.2 762.6 761
808.4 794.6 773.4 765.2 752.4 747.1 743 744.7 749.3 738.8 737.2 739.8 739.7 741.1 744.2 747.5 740.3 744.3 747.2 762.1 770.8 779.4 793.2 787.8 793.1 787.5 799 830.2 891.2 878.1 850.4 865.1 838.4 809.5 823.4 845.1 835.8 862.1 865.5 859.9 881.2 897.8 925 969.9 1076.3 1008.1 952.8 966.8 1001.6 969.5 921.5 887.6 908.9 974.7 975.8 923 908.6 961.5 952.5 1005.8 989.7 929.7 908.7 875.8 856.2 901 906.5 888 880.3 876.8 852.8 816.9 767.6 761.3 750.7 756.1 798.2
796.8 783.5 771 761.3 754.3 742.3 737.1 738 742.2 731.1 730.1 731.1 731.1 732.1 733.3 743 742.8 743.9 757.3 757.3 757.4 761 765.9 764 765.9 777.4 790.5 821.5 866.1 815.8 822.4 845.3 837.4 835.2 838.2 842.6 842.3 897.4 865.5 856.1 874.1 883.7 896.3 991.3 1009 935.1 915.3 924.7 929 929.8 934.1 877.5 893.1 986.6 989.7 911.7 874.3 898.5 906.7 937.7 940.3 922.7 957.5 887.7 838 840.6 824.1 853.9 849.7 842.4 835.9 793.6 766.8 756.9 743.5 757.1 805.7
765.8 764.2 759 749.8 747.4 737.4 732.1 739.6 727.8 726.5 725.4 727.2 729.3 729.3 730.2 747.5 745.2 746.9 753.2 758.4 758.2 753.4 761.9 758.7 765 780.2 792.9 797.4 806.4 812.2 829.8 826.8 829.6 836 835.9 840.1 851 864 860.2 863.1 861.3 871.9 912.1 981.9 1039.7 1009.6 930.2 879.4 899.5 931.7 897.3 878.8 932.6 1021.1 1004.3 910.2 865.6 898.2 933.5 888.5 886.6 869.9 887.9 871 818.2 822.5 784.8 802.3 812.6 805.5 799.8 786 760.3 749.1 738.2 745.1 774.4
754.2 743.4 755.2 741.9 727.4 724.3 725.8 720.7 716.2 721.2 721 723 724.7 730.9 735.9 748.2 744.4 750.5 757.9 763.1 767.9 764.4 768.5 766.8 771.9 785.7 806.1 797.7 796.1 798 803.7 810.5 820.9 824.1 816 826.9 871.9 859.7 856.1 851.1 863.6 877.2 881.4 923.4 1053 978 891.6 848.6 866.6 885.4 848.3 938.6 951.4 915 882.1 860 845.9 872.2 887.5 860 843.9 831.9 841 839.2 812.2 811.4 775.2 767.6 791.3 788.8 767.2 744.6 743.1 734.8 734.4 724.3 713
744 738 740.4 726.1 723.1 721.4 727.9 719.3 712.9 708.3 708.1 711.4 714.6 723.7 740.2 735 743.7 761.9 774.4 780.9 777.6 780.8 783.2 789.4 806.2 810.5 793.9 796.9 797.5 802.9 808.5 810.5 810 814.8 817.6 822.7 831.9 832.8 834.6 843.5 862.4 866.2 892.1 928 924.3 888.1 865.8 846.6 837.7 850.2 828.8 873 917.1 862.5 844.4 840 823.3 834.1 822.8 814.1 801.4 800.6 797.2 781.7 773.2 780.7 743.5 748.2 754.5 751.9 742.1 727.2 718.7 702.3 709 697.7 681.2
736.5 726.4 722.3 724.4 723.8 725.1 729.3 720 711.5 710.3 712.8 713.6 715.1 736.7 749.2 742 744.3 751.2 778.1 789.6 783.3 798.9 814.8 824.1 848.8 835.8 822.4 808.5 803.7 817.9 841.8 833.4 824.9 822.3 823.3 835.2 841.1 848.6 831.3 841.5 846.1 875.7 906.1 933.3 889.4 867.8 858.4 850.4 837.2 824.4 806.5 816.6 797.7 839.5 820 798.8 819.4 820.2 791 805.4 847.9 764 766.1 768.4 752.6 758.3 748.3 725.9 743.1 773.3 764.1 729.7 704.7 687.4 682.7 672.6 675
713.1 713.1 716.7 716.7 719.7 721.3 726.1 717.7 708.3 706 710.9 715.2 717.8 738.2 739.6 739.3 745.8 763.6 788.1 801.3 797.4 790.6 805 825.4 873.6 853.3 853.3 842.3 844.4 893.5 890 872.9 846.3 835.5 828.7 832.1 844.2 862.2 859.8 847.6 839.1 850.7 871.9 900.7 864.3 861.4 854.5 850.7 824.3 800.5 799.1 791.5 787.8 779.2 772.2 774.9 788.3 803 803.8 812.3 764.5 759.4 749.8 727.6 716.2 724.6 732.8 715.1 714.2 729.4 732.9 707.4 686.1 679.7 675.7 670.4 672.1
707.8 706.9 711.7 715.9 724.2 726.3 728.9 713.4 703.2 700 704.7 717.7 721.5 736.9 741.8 747.7 759 783 798.6 822 838.9 808.3 821.4 840.7 869.1 875.1 870.2 886.5 924.2 905.6 953 911.7 872.1 853.8 856.8 838.7 822.9 822.1 854.5 854.3 849.5 847.8 857.2 865.5 852.3 839.4 822.4 829.9 826.1 803 791.7 775.7 772.6 762.6 755.6 753.5 747.7 769.1 785.4 760.3 755.2 736.6 728.4 716.8 706.7 712.7 721 703.7 706.7 703.7 697 686.2 678.7 677.6 681.5 672.5 667.9
699.6 696.2 698.7 702.2 720.5 723.7 725.7 707.9 697.5 700.7 704.2 714.2 720.6 745.2 768 767 768.1 776.4 790.1 818.6 863.8 909.2 927.4 903.4 904.8 944.4 909.1 964.8 1049.8 925.2 937.2 936.8 909.8 881.3 866.9 856.7 836.7 824.1 820.9 828.6 832.4 832.8 839.1 843.2 828.7 797.9 779.9 758.8 756.4 754.1 747.5 744.1 743.9 727.9 755 761.8 749.2 746.2 733.8 727.2 728.6 719.6 717 710.9 707.3 725.9 717.9 706.9 691.2 684.4 677.9 675.3 671.4 672.8 670.5 665.1 658.2
699.1 697.1 696.5 698.1 710.8 716.9 718.2 702.2 697.4 700.8 704.9 713.6 728.2 762.2 804.5 796.9 803.7 787.4 798.1 831.5 882.2 929.3 980.9 955 977.9 967.9 936.1 982.7 1047.8 970 931.6 1002.7 992.6 949.1 912.5 875.4 846.9 822.1 808.7 802 803.7 803.7 811.1 863.1 845.6 780.3 761.6 748.4 742 744.6 736.3 726.8 727.6 722.7 742.4 734.4 713.7 706.5 715.5 699.2 697.4 688.9 696.7 700 689.6 711.2 703.9 688.9 680.1 682.1 670.4 663.4 666 663.5 662.5 667.9 669.6
697 693.7 687.5 687.2 699.3 704.6 698.9 687.8 691.1 700.5 706.2 720.4 739.3 768.4 800.5 827.3 806.3 789 806.7 840 889.4 928.8 950.1 936.3 954.2 971.2 995.8 1028.2 1112.1 1022.4 1044.3 1014.6 1058.1 1077.6 1026.5 938.3 862.7 811.6 801.4 805.7 788.3 776.2 785.9 825.7 834 795.2 772 752.2 740.3 736.7 728.1 719.2 713 715 710.4 704.7 709.7 710.4 691.2 677.5 682.6 687 691.9 693.5 701 704 673.2 673.5 673.5 671.7 666 658.8 659 663.7 670.1 674.9 663.4
696.1 692.9 682.5 681.9 684.7 696.2 696.9 680.3 685.3 697 706.3 728.6 756.6 789.8 846.2 833.3 833.8 811.6 825.3 884.9 948.2 952.3 991.2 1026.4 1072.8 1036.1 1083.2 1116.2 1197.6 1190.3 1181.6 1118.4 1097.5 1041.6 972.4 937.3 869.9 810 803.5 787.1 779.2 794.2 793.5 761.9 786.1 775.1 781.9 779.1 749.2 724.3 721 710.4 707.9 -9999 -9999 730.1 735.8 727 677 662.4 653.7 675.8 680.4 680.1 673.5 671.3 664.8 667.9 673.1 668.8 664 660.8 662.3 663 679.3 666.8 661.1
692.8 689 677.1 674.4 677.8 689.4 686.5 673.6 682.3 698.9 717.4 746.3 780.4 807.5 793.7 838.3 839.7 855.9 859.8 920 1012.5 1033.1 1045.9 1023 1023.1 1079 1134.4 1190.9 1201 1265.8 1230.2 1148.9 1099.4 1049.2 971.4 899.5 860.1 854.2 825.5 806.6 805.9 802 800.6 730.3 738.7 737.2 750.3 756.8 757.4 738.1 710 714.5 736.1 737.2 714.9 696.6 698.8 703 680.7 660.5 653 677.2 676.1 662.2 648.1 658.5 663.1 663.2 659.8 660.9 659.9 659.4 661.9 659.6 665.1 658.2 666.5
687.1 687.2 680.3 671.7 680.9 696.7 694.8 684.4 697 703 718.3 753 785.2 834.2 853.8 808.1 839.2 855.9 888.2 930.4 984.4 1006.3 1111.5 1170.2 1082.9 1136.2 1219.1 1288 1367.7 1320.4 1161.6 1127.9 1045.6 975.1 929.3 892.6 860.9 817.6 805.2 791.4 761.8 756.3 761.6 705.6 696.4 698.2 711.9 748.9 775 758.7 712.7 716.1 756.5 779.6 767 713.2 666.9 650.7 652.3 645.7 670 660.5 657.2 646.5 638.7 652.8 652.6 651 648 651.6 655.3 658.2 657.5 656.6 666.6 658.1 668.1
685.2 689.3 680.9 678.8 691.2 697.9 695 681.4 692.1 705.2 717.8 731.7 755.9 796.1 820.1 839.1 855.2 867.8 886.2 931.3 993.9 1064.7 1168.7 1189.6 1153.2 1180.2 1296.9 1334.5 1293.6 1242.8 1159 1078.5 1024.9 1007.4 1009.3 987.7 924.6 882.4 824.3 787.4 761.2 730.5 717.6 692.8 683.8 682.8 687.6 705.9 712.8 690.3 665.5 655.9 665.3 682.1 691.1 675.9 651.6 641.1 646.1 645.9 657.6 660.6 651.8 637.7 634.7 648.6 649.8 647.9 645 646.1 650.9 655.3 656.7 656.7 672 670.7 695.6
693.7 700 684.9 677 688.7 697.7 696.9 681 692.2 704.6 731.3 742.2 758.8 790.1 811.8 844.6 845.1 875.4 907.8 972.6 1076.8 1176.6 1225.2 1188.2 1175.3 1202 1341.8 1357.5 1219.6 1189.7 1132.8 1135.9 1092.4 1118.1 1142 1088 975.5 937.9 876.2 783.1 742.7 730.1 715.9 680.8 680.5 671.7 659 656.9 655.4 652.9 646.7 644.4 660.1 667 656.5 647.4 651 653.6 654.9 655.7 656.5 656.6 645.7 642.7 637.6 649 650.3 652.2 644.5 643.6 649.7 657.2 659.2 663.2 681.5 704.1 775.2
692.4 688.1 691.3 678.3 688.7 705.8 710.1 681.5 701.5 718.4 754.5 763.9 774.5 810.8 802.7 827.9 851.3 894.2 917.7 975.5 1072.2 1161.7 1214.5 1229.6 1204.8 1218.2 1369.2 1370.5 1337 1287.9 1253.3 1232.9 1146.4 1128.5 1117.8 1049.4 952.9 863.5 814.9 773.9 748.3 726.1 712.7 669.3 684.2 650.7 658 646.8 634.3 634 639 648 657.2 653.2 654 647.1 657.4 663.2 657 667.6 665.1 665.6 655.2 653 662.3 663.2 651.8 659.5 653.8 654 654.2 658.7 670.2 679.7 688.6 737.1 800.5
694.2 691 693.6 694.7 712.4 717.8 713.6 708.7 716.9 728.6 741.4 765.5 799.3 802.5 817.6 836.3 876.7 911.6 953.2 1026.1 1103.5 1165.1 1196 1221.2 1243.1 1289.4 1419.8 1460 1384.7 1320.9 1280.5 1282 1150.9 1076.3 1021.6 960.1 904.8 852.6 838.3 793.7 758.9 717.5 687.5 683.7 666.5 635.6 628.8 625.8 621 618 617.8 623.2 635.5 629.8 634 632.5 633 640.3 657.9 667.4 659.5 658.2 657.7 670.3 671.1 668.9 654.9 656.4 663 676 670 661.6 677 707.2 697.6 724.1 781.6
677.5 681.5 701.8 711.5 716.4 715.7 698.9 701.7 715.5 723 743.4 787 805.9 802.2 819.3 857.1 905.2 932.5 1027.6 1099.7 1154.1 1193.4 1185.2 1236.4 1365.6 1381.6 1471.9 1502.7 1417.7 1308.5 1229.8 1173.8 1128 1080.3 1027 969.9 911.2 845.5 818.5 801.1 753.4 710.9 678.5 660.3 642.8 621.7 621.8 620.3 613.5 615.1 619 618 627.1 629.5 626.6 630 634.7 640.3 653.4 668.4 664.7 660.9 673.1 688.9 694.6 672 666.7 660.5 655.5 673.9 675.6 666.4 667.7 681.6 690.6 687 763.7
677.7 674.2 704.3 691.5 705.4 703.2 695.8 708.9 705.5 722.5 747.1 779 794.1 806 830.9 877.6 933.4 955.6 1043.8 1147.1 1190.1 1215.5 1254 1236.6 1400.2 1440.7 1515.1 1452.4 1364.1 1287.7 1240.8 1205.2 1156.1 1093.3 1028.9 968.5 901 846.4 806.5 789.5 744.5 710.5 673.6 662.5 639.1 623.6 624.5 607 606.7 615.1 622.4 619.9 636.7 629.8 623.5 628.1 635.2 635 641.8 659.2 661.7 671.7 677.5 676.3 681.5 684 687.9 672.6 668.9 678.5 697.6 692.7 674 672.8 684.5 694.1 708.9
681.9 674.3 682.6 709.2 710.8 705.2 695.5 702.6 719.1 747 759.3 769.8 791.4 813.4 844.7 885 931.8 978.4 1078.7 1151.5 1192 1232.6 1262.8 1246.3 1408.8 1450.2 1456.9 1382.6 1361.1 1321.7 1260.5 1239.4 1179.6 1107.2 1042.5 976.9 902.3 848.1 822.4 779.6 740.5 691.7 663.6 654.5 634.9 614.9 616.4 606.3 603.3 614 621.1 621.2 623.9 621.7 620.1 624.2 628.4 627 633.7 649.5 663.2 681.2 681.2 679.7 678.9 689.5 686.3 673.6 676.3 681.3 679.2 676.4 668.8 668.9 686 691.4 686.7
