features/re_bio17.asc
ncols         768
nrows         589
xllcorner     124.299398925
yllcorner     32.893460211367
cellsize      0.010567299164062
NODATA_value  -9999
[rows 340 to 373 of 589, columns 308 to 384 of 768]
189.3 189.7 192.4 190.4 189.1 188.9 188 188 188 184.3 183.5 182.1 178.7 173.2 168.9 167.3 165.6 164.7 164.8 166.4 161.8 161.7 162.6 161.8 163 165 163 165.6 151.5 166.1 167.1 164.8 176.2 171.5 173.5 176.3 179.2 176.5 180.2 181.3 174.5 167.9 161.9 163.6 157.7 153.8 156.7 155.9 151.9 150.2 147.4 145.3 141.1 144.5 138.8 139 138.8 137.9 136.2 133 130.9 129.9 129.3 131 134.6 137.4 129.4 123.2 123.4 127.6 129.8 133.3 124.1 122.8 120.4 118.8 120.7
184.1 188.1 192.4 192.8 193 191.3 187.4 185.3 185.5 184.6 184.8 184.9 179.5 175.4 173 169.8 165.6 163.2 162.7 165.3 165.6 162 160.6 160.5 159.6 160.7 161.6 158.2 151.2 169.7 172.3 174.4 176.3 169.5 170.1 171.1 176.3 175 177 180.1 177.2 171.3 171.1 168.6 161.7 156.5 156.7 155 151.5 148.9 146.2 145.2 140.9 139.6 140.1 143.3 140.2 137.5 135.6 132.8 130.7 131.2 130.8 131.6 131.9 132.2 130.4 127 131.5 130.9 129.6 130 126.7 125.5 123 122.4 116.8
181.9 192.2 193.2 193.9 194.2 190.3 186.1 184.8 183.7 188.3 188.1 184.7 183.3 180.5 176.6 169.7 164.7 164.8 167.9 165.1 167.1 169 168.4 164.2 159.2 160.5 160.1 145.8 160.5 162.7 164.4 168.1 170.3 163.8 155.4 156.8 176.5 179.5 186.9 191.7 189.1 184.7 180.9 174.3 166.9 159.8 156.4 156.3 157.1 152.6 149.6 147.7 143.6 135.3 140.5 142 140.6 136.6 135.7 133 131 130.6 130.9 131.7 128.7 126.9 127 131.1 135.1 129.8 125 124.8 124.6 122.2 120.3 118.4 115.7
190.6 196.8 195.6 188.5 187.2 185.6 184.3 184.4 185.5 187.4 190.6 186 183.4 178.2 171.4 165.8 165.6 168.7 167.5 163.6 166.3 170 168.2 163.1 157.9 157.5 158.6 144.1 160.3 158.8 160.9 165.9 169 169.4 171.9 164.4 162.4 178.6 182.8 186.4 191 187.8 178 179.4 169.6 161.3 160 158.8 156.7 153.4 148.8 146.2 140 140 140.7 140 140 138.4 136 133.7 132 132.3 130.2 131.4 128.8 126.2 125.3 131.9 128.9 127.6 128.3 127.2 120.7 120.1 117.4 116.3 115.5
190.2 192.8 189.3 186.7 188.5 185.7 183.5 186.9 190.3 190.9 184.8 180 175.4 170 165.8 165.8 168.6 169.8 163.6 163.5 163.8 163.8 162.2 160.3 158.5 155.1 148.9 142.4 157.3 157.1 160 164.3 166.2 169.8 172.5 175.4 161.9 166.3 180.2 180.8 184.2 186 178.9 167.2 165.9 162 155.6 154.4 156.1 152.3 148.1 143.4 142.3 141.2 139.4 138.8 138.9 137.4 135.9 135.1 136.3 133.1 130.5 130.2 128.4 126 122.8 122.3 121.1 121.1 123.7 121.6 119.4 118.4 116.5 115.9 115.4
192.8 194.7 192.9 188.3 186.1 188.3 192.2 182.8 158.8 157.4 156.2 155 154.2 153.5 152.2 151.6 151.3 152.2 150.8 147.8 146.7 146.2 147.6 151.8 157.8 154.9 159.8 157.8 158.5 156.9 159 161.7 162.9 168 172 174.5 170.8 169.4 166.1 176.2 178.6 181 171 163.9 160.5 158.3 151.8 150.1 151.4 149 145.4 143.7 139.1 139.7 136 137.4 137.3 137.3 137.2 135.5 134.8 131.9 130.8 130.8 131 132.4 127.7 121.8 119.4 120.4 122.1 114.1 117 115.8 115 114.6 114.7
189.6 186.9 188.3 185.7 168 186.8 189.7 191 192.5 191 186.7 184 185.7 182.3 177.2 173.9 173.6 171.9 168.1 160.5 159.9 157.9 157.1 142.1 146.4 144.9 152.3 163.9 161.4 156.7 157.8 160.7 162.3 167.9 174.2 171.8 171.2 172 169.8 165.6 174.9 177.8 169.1 160.5 160.7 157.2 153.7 149.6 149.7 147.9 142.3 140.5 139.5 137.7 135.6 138.1 136.8 136.2 136.6 134.5 134.4 133.7 132.1 131.4 134.2 133.9 126 119.9 119.3 121.1 122.4 114.6 114.8 114.8 115 115.7 115.3
191.5 188.8 166.8 192.8 190.3 186.9 190.1 197.1 200.1 202.7 201.8 194.8 191.3 189.8 182.3 178.7 180.8 180.9 177.3 168.6 164.8 161.5 160.4 161.9 164 167.7 149.6 154.7 158.2 156.7 159 162.2 163.9 165.8 168.7 168.5 171.4 168 169.6 166.5 171.4 171.7 173.3 163.1 159 152.4 149.6 143.1 143.4 141.3 142.8 140.3 138.4 135.2 134.1 135.7 134.5 133 132.2 132.7 133.7 132.8 131 129.1 132.4 131.6 125.1 118.9 118.4 117.3 118.5 114.3 116.9 115.3 114.8 115.3 114.8
193.8 192.1 168.4 197.4 195.1 188.3 186 190.6 196.1 197.8 193.4 192.8 194.5 185.4 181.4 183.4 183.8 176.1 168.5 159.8 159.4 159.5 162.5 166.1 169.9 177.7 174.2 150 159.3 158.7 159.1 160.9 162.2 163.1 166.7 171.6 169.6 172.2 167 166.2 162.5 167.8 169 160.7 160.4 153.1 144.4 144.1 143.7 142.1 140 136.2 138.3 132.6 135.7 133.3 134.6 133.9 133.2 131.9 129.9 131 134.9 136.5 129.1 125.5 124.3 120.2 118.1 117 120.3 117.7 114.8 114.2 114.4 115.1 114.9
195.1 194.3 174 201 198 192.2 185.5 184.1 187 185.6 185.5 190.8 185.9 184.7 183.8 185.7 182.4 171.2 164.2 169.9 168 166.6 164 165.5 178.9 188.1 184.7 161.1 165.2 162.2 158.2 159.7 161.4 163.6 171.9 173.1 172.3 179.5 170.4 165.8 160.3 163.9 162.1 159.6 156.6 154.3 147.7 145.8 144.3 142 139.9 136.7 136.1 132.9 135.8 134.2 135.6 135 133.9 131.3 131.4 133.9 136.2 132.1 134.5 134.5 128.8 120.5 121.7 120.7 117.6 117.7 115.2 118 120.5 118.1 116.5
198.3 194.1 200.4 204.2 201.2 196.6 187.9 182.9 182.6 181.8 186.5 191.8 185 178.1 177.6 183.6 179.4 170.5 168.9 179.9 179.6 171.5 168.1 169.2 176.7 174.7 173.1 169.3 150.6 159.2 160.6 160.5 162.4 165.6 166.7 166.6 176.4 188 177.4 170.3 162.5 154.6 159.8 156.1 154.7 154.6 150.1 150.4 148.1 143.7 139.4 136.6 132.9 132.4 133 131.3 132.4 132.1 131.6 131.6 133.9 138.3 133.5 136.2 136.5 131.7 128.7 125.8 125.8 123.8 120.5 117.1 119.2 121.7 120.8 118.6 119.4
200.1 196.6 202.6 200.9 197.1 193.4 188.5 185.9 186.9 186.8 184.8 188.5 183.7 177.4 177.2 177.3 175.8 176.6 183 191.3 187 178.2 176 176.8 175.5 170.4 166 164.6 163.1 165 163.1 161.8 164.1 166.5 168 167.6 174.1 177.6 177.3 171.2 163.4 155.8 160.9 159 150.4 151.5 150.2 148.4 151.5 143.5 139.9 137.2 134.4 133.3 132.9 132.6 135.3 135 133.6 132.5 136.6 144.6 138.9 139.5 136 135.8 133.6 126.2 124.7 124.5 121.1 119 122.1 122.6 120.2 119.1 121.2
202 198.3 205.5 205.3 195.5 192.8 194.1 195.4 194.9 192 184.3 182.9 184.3 180.9 180.2 183.8 187.1 188.7 192.5 197.8 194.3 187.4 184.9 184.9 183.8 177.2 170.4 170.8 156.7 175.2 176.3 167 166 167.2 167.4 169.7 170.6 175.6 173.8 169.3 163.8 154.4 157.7 159.2 150.4 149.2 149.5 147.1 152.1 150.8 146.4 137.7 136.1 138.6 134.6 133.2 136.8 135.7 134.8 136 137.6 146.4 142.4 142.7 138.7 138.5 136 128.4 129.2 128.5 126.2 123.3 122.2 121.3 120.2 118.9 119.2
207 199 201.1 201.3 194.4 196.2 201.1 204.8 204 196.3 184.8 184.2 192.2 194.1 186.2 186.8 193.5 197.5 200.4 203.5 199.6 193 194.9 194.4 188.9 182 180 187.4 170.5 184.4 183.7 173.9 167 169.4 167.1 171.1 175.6 188.5 186.8 179.4 172.7 158.6 157.4 156.3 154.7 154.6 155.9 151.7 153.3 151.7 146.1 137.2 135.4 138.3 135.9 136 137.7 137.8 137.2 136.7 136.9 142.7 146.7 140 133.3 130.8 135.9 135.2 128.3 131.2 129.7 128.9 122.1 121.7 120.2 119.5 122.2
194.4 202.1 204.4 196.5 198.9 201.8 205.5 210.5 210.9 201.2 195.2 188.6 192.2 197.9 193 191.8 199.5 204.8 208.2 208.8 203.5 201 198.5 200.2 199.6 194.2 191 194.8 177.1 190.2 195.9 182.8 183.4 185 177.5 173.5 178.9 190.8 188.1 178.8 175.6 162.5 163.6 159.5 156.6 155 156.4 153.5 151.6 148.3 146.5 144.3 141.3 138.5 140.1 139.5 140.2 139.4 139.7 139.4 139.2 143.7 150.9 147 139.5 132.5 134.6 135.1 130.8 124.6 125.7 126.9 125.9 119.3 119.8 117.3 125.9
176.2 174.8 196.4 197.1 204.7 210.1 213.3 213.1 208.3 200.3 196.9 193.7 195.1 195 201 203.8 205 210.2 220.9 210.9 206.9 201.9 199.1 197.3 199.9 201.9 198.5 192.5 169.4 186.8 201.8 197.3 199.3 193.3 182.2 176.6 176.3 188.3 184.6 177.8 174.7 162 149.6 156.7 155 156.5 161.1 159 156.1 151.3 147.7 144.5 141.9 140 140.1 135.1 142.3 145.2 143.7 142.3 142.2 141.1 145.2 149.3 142.5 138.4 135.1 133.3 131.7 129.2 125.4 123.6 121.4 118.1 119.2 118.7 116.1
203.7 202.3 204.1 206.7 205.7 208.9 213.3 213.2 206 197.4 199.5 202 203.5 199 206.5 207.7 213.4 221.2 229.8 217.8 210.6 209.2 205.1 200.4 196.8 197.6 200.4 195.4 166.4 186 199.4 209.1 206.5 197.3 187.7 179.8 177.2 177.6 182.2 176.5 171.5 167.3 155.9 159 156.9 157.6 156.8 156.2 155.9 153.1 150.9 147.7 144.1 143.2 144.4 144.9 135.6 136.7 139.6 141.4 140.7 138.9 138.7 143.5 139.6 140.1 135.1 134.3 132.4 131.2 131.6 129 128.5 123.5 121.6 116 115.5
196.5 200 204.1 209.3 208.1 212.9 215 216.3 211.7 211.3 215.6 220.5 212.5 212.1 216.5 223.3 230.7 235.4 239 226.8 221.7 218.6 214.5 215 209.1 203.1 197 191.2 171.4 201.5 196 211.4 206.7 194.2 188.6 189.9 188.7 176 177.4 171.9 170 167.7 158.8 164 161.3 160 159.1 159.4 157.4 158.1 156.1 152.6 151.3 149.5 145.7 147.3 146.5 148.2 148.2 144.5 140 137.7 129.5 130.5 130.9 132.5 133.4 132 132.8 134.3 132.6 132.2 130.8 130.9 132.5 132.9 130
196.7 201.8 212.5 210.2 209 209.7 220.6 221.7 216.9 213.7 224.2 226.7 226.3 226 220.9 228.9 239.1 237 234.7 223.8 220.5 218.5 211.6 213.2 214.7 211.4 203.7 194.8 176.6 210.8 209 216.5 209.1 195.3 188.2 189.1 188.7 175 176.5 175.1 172.9 163.8 155.6 165.4 164.2 164.4 165.9 166.5 166.5 163.8 158.7 156.9 153.5 152.7 151.3 147.1 150.4 151.1 149.5 148.5 146.9 142.9 138.9 137.3 137 135.9 129.3 129.1 133.2 135.9 133.6 133.1 133.7 133.5 133.8 134.1 132.9
200.3 203.5 221.8 217 213.4 212.7 215.7 215.2 216.9 217.1 220.6 230.4 231.5 227 231.9 240.4 238.1 230.8 224.9 219.1 217.9 221.8 218.5 216.7 210.5 209.1 204.3 196.3 180.7 209.3 210.2 218.1 210 195.1 189.5 190.4 188.2 178.7 176.9 173.2 172.1 160.5 168.7 168.2 169.5 170.2 174.2 170.3 176.3 168.4 161.9 160.5 157.7 153.2 153.9 150.5 149.6 148.5 147.2 147.7 145.9 143.1 143.3 144.2 148.1 147.5 141.2 137.9 128.8 132.2 135.2 135.3 136.6 136.1 135.8 134.3 133.9
200.9 205.9 221.1 219.6 219.6 217.9 214.2 209.5 210.3 211.9 211.9 221.5 220.5 222.1 231.3 235.1 230.2 228.1 225.1 214.3 218.9 220.1 214.9 212.1 214 211.5 204.9 200.7 186.4 213 209 214.2 210.2 196.9 192.6 192.7 190.4 179.9 175 174.1 174.8 164 170.8 170.4 172.2 175.4 179.9 179.3 178.1 171.8 167.2 164.4 160.1 157.1 154.5 152.8 150.4 150.8 149.5 151 148.9 146.4 147.5 145.9 148.5 144.5 141.6 140.9 143 133.8 134.6 139.6 138.4 137.9 137.3 135.4 133.8
210.6 215.4 218.1 222.3 213.8 218.1 214.6 211.3 207.9 206.6 209.4 208.8 212.7 218 223.2 228.8 223.9 221.7 220.1 210.9 208.1 213.7 214.3 218.1 209 207.4 205 203 191.1 215.7 207.8 212.5 206.2 203.2 194.2 189.3 188.9 183.1 177.4 175.9 179.1 165.5 175.2 175.8 177.9 178.2 176.8 179.3 174.6 173.5 172.1 168.1 162.6 159.8 156.4 154.7 155.3 154.3 153.4 155.3 151.3 147 149.1 151.1 148.9 156.4 146.9 147.4 147.1 143.4 140.5 133.7 141.3 140 139.3 137 136
217.1 218.1 218.8 219.3 213.7 212.4 207.5 207.6 208.2 202.7 201.8 205.9 206.7 216.4 223.1 221.5 218 217.1 215.4 205.1 208.4 211.8 207.8 217.8 213.5 208.8 205.4 202.9 188.7 210.8 211.2 218.5 208.7 204.6 193.6 189 189 186.3 177.6 177.1 179.6 169.2 181.4 180.9 180.4 177.2 173 176.1 177.9 171.5 170.9 168.2 164.1 161.8 160.1 156.8 157.7 159.1 156.7 156.5 153.2 150.7 150.4 149.3 152 157.6 152.4 146.5 147.9 148.9 146.7 143.3 142 142 142 139.4 138.1
213.4 219.6 213.2 215.6 216.3 208 204.1 206.9 208.3 204.6 200.9 202.7 209.2 210.7 213 221 216.6 213.3 206.7 208 213.7 212.7 206.9 219.5 218.9 212.4 205.6 203.5 187.9 204 212.3 212.2 209.6 199.8 195.7 192.4 191.8 186.4 183 178.4 166.1 166.3 181.6 182.4 183.3 180.7 176.5 175.2 178.1 174 173.1 170.2 167 164.5 163.6 158.5 159.7 162.1 158.9 159.4 158.1 155.7 153.3 151.4 152.8 154.1 152.5 150 150.4 150.5 148.8 146.1 145.7 134.5 142.3 141.3 141.4
212.2 219.6 211.4 208.3 211.4 211.9 206.7 201.6 201.9 200.1 199.9 204.9 209.6 211.5 210.8 223.6 216 214.6 214.6 212.7 213.8 213.9 210.6 214.4 222.4 216.4 208.9 185.5 196.4 205.9 207.9 208.3 206.2 195.1 195.8 197.7 191.6 182.8 178.6 174.4 168.2 186.9 183.5 186.1 188.7 185.4 181.4 180 178.3 179.5 174.8 173.6 171.1 168.1 165.1 161.6 162 163.1 163.5 163.5 160.2 158.9 158.1 154.4 151.8 153.7 151 150.6 150.2 150.2 150.4 150.9 147.4 146.8 145.8 141.3 144.5
219.1 224.2 213.4 206.6 207.9 209.2 211.6 205.7 200.1 201.6 205.2 207.4 212.5 216.8 216.2 223.4 226.1 222.3 220.2 211.8 210.1 212 209.7 209.6 220.9 216 208.8 195.9 209.5 207.2 210.3 211.4 208.8 198.5 197.4 196.7 193.2 187.5 180.9 182.9 184.6 184.1 185.5 187.7 188.5 185 180.7 179.7 183.7 183.4 176.7 178.9 174.9 171.7 167.6 166.3 164.7 164.9 166.1 162.7 159.9 161.8 162.7 159 155.2 152.7 152 151.9 152.7 152.9 155.4 158.6 152.4 150.3 149.7 147.6 141.8
215.6 221.3 214.9 210.1 202.7 208.2 213.8 212 204.5 201.1 205.3 212.7 218 223.5 228.1 223.2 224.7 220.4 219.7 221.4 212.9 215.4 206.5 204.2 211.6 210.5 208.9 199.8 211.9 208.5 213.9 211.7 210.1 198.6 199.5 199.9 196.3 184.5 177.8 186.6 187 185.2 187.3 191.8 190.7 186.8 185 183.7 184.6 182.6 178 178.6 178.7 176.7 169.8 167.6 167.2 167 165.5 165.5 163.5 163.5 165 162.7 157.8 156.4 155.9 155.3 156.2 155.6 157.5 163.5 157.5 154.4 152.2 151.2 148.3
214.2 224.9 216 208 198.3 210.3 217.4 215.2 203.9 197.1 200.9 208.8 216.9 223.6 225.3 217.6 214.9 216.8 217.5 225.3 224.4 221 215 212.3 209.2 208.8 209.2 200.2 214.2 214.7 213.6 205.9 205.1 198.7 200.8 200.4 196.3 175.8 185.1 187.5 189.4 189.6 189.9 192.9 192.6 189.9 187.2 186.7 187 189.4 183.9 181.9 177 175 173.1 170.6 169.4 170.3 169.3 167.5 168.2 165.2 164.5 164.9 160.6 158.6 158 157.6 158.6 157.9 161.5 167.3 163.1 158.1 153.6 155.2 154
213.7 225.2 214.8 208 197.9 204.1 209 209.4 200.6 196.1 197.7 204.1 209.2 217.4 223.8 222.9 215.7 216.3 215.2 219 226 222.7 219.6 215.2 214.8 215.2 212.8 201.4 215.8 217.1 214.8 210 203.2 202.1 203.6 202.5 197.7 188.6 185.6 186.8 189.4 192.4 193.3 194.9 193.1 192.2 193.2 193.5 189.3 189.5 189.7 189.1 186 181.2 176.6 173.6 173.1 173.4 174.6 170.6 167.8 166.8 168.6 168.7 163.6 161.2 160 159.6 160.8 160.7 162.7 165.5 169.9 161.2 156.2 156.9 157.6
213.3 221.9 211.7 208.3 201.3 198.5 202.7 208.2 199.3 197.1 199.4 205.7 209.1 212.2 219.3 224.4 220.4 216.1 221.2 207.9 220.4 226.7 226.7 223.8 225.8 214.2 212.4 212.6 217.8 218.7 211.1 206.3 206 204.3 206.8 204.2 191.7 194.4 191.4 189 189.9 195.5 197 198.3 196.3 194.4 194.4 194.8 193.5 192.8 195.6 191.1 185.6 182.9 181.5 179.4 180 179.3 180.6 180.3 173.3 171.5 170.3 167.4 166 164.2 163.9 162.3 163.8 165.5 166.6 166.2 167.2 163.4 159.6 159.9 161.6
215.2 213.7 209.8 206.3 198.3 198.1 203.4 205.2 197.9 196.3 203.3 208 212.1 218.2 224.5 220.2 215.7 213.9 225.7 223.7 221.1 221.2 224.2 221 220.7 213.3 216.3 215.7 213.8 212.7 211.2 205.3 207.4 204.7 205.5 192.7 182.6 197.8 196.8 193.5 192 197.6 199 199.1 200.3 200.2 197.9 194.8 193.7 195.5 195.8 192.9 189.1 187.5 183.7 182.5 183 182.1 183.4 185.1 186.5 185 181.8 176.7 170.8 170.3 170.6 171.6 168.8 171.2 170 169.1 167.2 165.3 166.2 168.6 169.5
205.5 208.8 208.1 205.9 197.4 198.3 198.9 198.3 197.9 200.8 211.5 216.1 217.3 217.1 219 213.4 209.9 209.5 220.8 229 228.5 224.3 218.7 223.2 220.7 220 217 214.4 211.3 207.7 207.1 208.6 206.3 203.5 191.3 188.3 204.5 199.5 199.8 199.7 197.5 198.4 200.9 202.8 200.7 200.1 199.2 195.1 193.9 195.9 197.3 196.6 193.5 192.1 187.2 186.7 187 187.4 186.8 187.4 190.7 191.6 188.8 185.4 180.9 175.4 174 174.1 173.7 170.1 171.2 171.1 170.4 170.4 171.2 168.6 168.2
198.8 202.5 209.5 211.4 205.8 206.8 199.9 197.3 200.6 205.8 214.8 219 220.8 228.8 214.6 211 205.7 198.1 208.7 229.2 231.1 226.2 220.1 222.9 227.6 198.7 209.5 212.3 211.1 211.5 213.1 212.7 204.5 183.9 185.3 208.4 207.4 203 202.5 200.1 199.2 200.5 202.6 202.1 199.8 198.7 197.9 195.7 195.9 195.7 195.3 192.9 193.4 193 190.1 189.6 188.6 188 190.1 189.3 194.6 202 198.1 190.5 185.3 181.7 180.8 179.7 179 178.9 177.1 174.9 174.6 173.2 173.1 172.7 170.3
198.7 202.6 215.6 213.1 209.4 217.5 204.4 201.5 200.2 202.8 206.8 212.7 218.3 224.2 217.3 211.3 208.3 207.5 212.3 228.1 228.4 224.7 219.4 225.3 227.1 222.8 220.2 218.8 219.1 215.9 211.1 204 206.5 207.2 205.8 208 208.9 207.4 205.8 205.5 205.8 206.2 204.6 206.1 201.7 197.5 198.8 198.1 197 195.9 193.9 195.2 193.6 192.9 190.3 191.9 191.7 190.7 190.9 191.1 195.9 194.7 192.4 189 186.6 184.3 183.7 182.8 180.6 179.3 178.7 179.4 177.4 175.5 174.5 179 176.6
