features/re_bio16.asc
ncols         768
nrows         589
xllcorner     124.299398925
yllcorner     32.893460211367
cellsize      0.010567299164062
NODATA_value  -9999
[rows 238 to 271 of 589, columns 308 to 384 of 768]
785.8 780.6 731.1 735.2 767.1 741.4 731.5 730.8 759.3 767.1 777.8 780 748 708.6 703.9 729.5 750.8 776.9 797.1 781.9 799.3 840.8 837.2 891.8 891.7 858.9 844.1 853.9 878.6 910.9 957.8 999.1 1014.5 1005.2 1000.7 1095.1 1216.9 1167.4 1131.6 1115.3 1121.8 1089.6 1023.1 1004 985.9 932.3 909 882.9 852.5 856.8 890.5 831.7 761.5 744.1 682 679.6 695.2 705.3 693 705.6 703.3 709.5 709.1 703.5 707 711.7 712.4 715.2 715.1 714.3 711.8 710.6 722.7 720.6 723.5 723.4 730.1
782.5 751.9 716.5 738.9 752.3 755.1 707.3 745.9 781.6 775.3 745.9 729.6 755.5 718.4 739.9 755.8 755.3 783.8 796.1 793.1 869.8 882.3 826.1 855.4 855.6 839.1 854.3 861.6 875.5 897.3 922.4 931.9 969 1001.4 986.6 1018.7 1095.3 1118.1 1113.4 1106.1 1115.3 1070.2 1000.5 965.3 936.4 896.6 880.9 883.5 882.9 850.7 793.9 720.8 674.9 692.8 688.2 691.9 675.9 691.9 685.4 705.5 701.6 701 701.3 697.5 700.4 700.9 707.2 709.3 711 711.6 709.5 707.8 717.1 715 720.8 728.8 732.3
788.8 759.8 703.4 702.9 707.9 704.8 736 777.2 763.8 744.1 717.8 705.3 713.6 738 721.1 727 761.8 768.5 758 779.9 866.6 823.3 802.4 812.9 848.7 891.5 931.9 937.8 923 953.2 948.1 954.3 983.7 992 969.5 961.1 1007.1 1046.1 1072.6 1055.3 1034.9 988.5 939.6 908.4 904.5 868 849.4 845.8 852 824.2 740.6 668.3 661.8 685.9 681.5 678.4 682.6 690.3 699.4 696.9 693.3 696.1 693.4 690.7 692.1 701.6 713.1 712.1 711 710.7 709 706.4 723.2 714.7 719.3 725.1 730.9
758.7 735.3 710.6 725.3 728.3 714 793.8 768.8 742 729.7 724.2 725.6 724.4 751.3 729.9 708.8 746.9 735.7 740.2 761.2 771.6 777 813.3 849.5 849.3 878.6 939.5 972.6 975.3 1012.3 1026.6 1006.3 980.5 949 932.3 928.1 960.6 971.4 994.8 1000.2 954.6 918.8 900.6 901 873.7 887.6 851.9 815.5 801.3 779.9 713.2 652.2 654.9 667.7 685.6 680.8 683.7 686.6 688.3 691.7 693.8 691.4 692.7 694.5 695.1 701.3 707.8 714 712.5 712.1 711.8 708.3 723.4 715.3 726.7 734.1 740.4
705.8 707.1 717.6 746.3 763.3 752 794.9 794.8 762.1 751.2 733.7 728.5 737.9 749.7 724.6 708.6 745 758 769.2 758.1 749.4 755.6 781.8 833.7 840.7 862.2 891.3 884.7 895.1 924.7 997.2 1050.4 1023.5 984.9 968.4 939.9 906.2 974.1 1001.1 972.7 941.4 934.6 898.1 909.7 884.5 900.1 862.6 792.7 770 758.6 741.1 679 654.8 667.9 678.7 686.5 692.6 683.6 687.5 691.2 687.9 690 696.3 703.9 704.5 713.1 718.5 721.4 733.5 731.8 729.4 721.4 724.3 721.4 726.5 734.9 741.9
707.2 709.9 754.2 792.3 791.3 800.4 781.4 756.4 752.2 755.9 740.3 749.3 771 753.3 753.4 753.8 779.3 768.6 750.3 763.1 780.2 813.3 781.8 809.2 812.7 847.6 875.6 851.5 840.8 890.4 962.9 1058 1059.3 1062.8 1067.3 998 937 1062.4 1028.4 938.4 937.9 962 914.4 888.9 898.8 914.7 861.5 788 740.4 731.6 735.9 708.4 665.7 686.4 679.5 688.3 690.6 685 691.9 698.9 697.4 697.2 700.9 703 708.4 722.8 724.2 727.3 724.7 717.6 714.7 718.4 746.1 721.1 732.4 736.3 744.5
713.2 720.8 773.5 796.6 791.4 794.7 748.4 755.6 773.9 760.6 751.8 739.6 748.3 781.9 760.7 750.3 730.8 735.1 745.3 767.2 790.4 810.7 785.3 800.4 816.5 836.9 859.1 869.2 869.1 873.3 952.7 1018.6 990.3 985.3 993.7 965 916.7 1010 960.2 899.5 920.8 968.3 953 880.5 903.4 881.2 846.8 775.9 723 699 696.1 704.3 680.9 685.3 685.5 687.8 693.9 699.5 694.7 708.4 711.8 713.4 715 712.4 718.7 732.9 725.5 728.1 727.1 728.1 736.4 739.4 736 729.3 727.5 724.8 725.7
708.2 725.9 773.2 784.9 781 755.5 741 774.9 773.7 769.3 749.7 746.8 763.3 773.1 753.2 727.1 727.7 740.2 757.6 779.7 766.1 814 778.1 800.2 845.7 838.5 820.9 830.7 881.5 894.7 895.6 908.8 948.4 983.4 984.8 959.8 901.9 976.6 992.6 908.5 919.4 964.7 955.5 903.5 898.4 903.4 874.3 839.3 776.3 706.2 670.5 682.8 704.5 699.8 698.3 700.9 707 715.7 705.6 712.2 730.7 735.4 732.1 729.3 728.4 733.8 738.1 740.4 734.4 743.2 751.4 747.2 755 736.2 736.3 733.8 724.7
705.4 728.5 768.8 759.3 741.4 731.2 722.6 774.5 777.1 766 764.4 763 763.3 766.7 770 728.9 731.6 718.2 736.2 745.9 758.2 824.4 795.9 766.2 804.3 798 790.3 819.1 843.2 871.3 851 901.7 898.7 890.6 906.2 924 912.4 928.8 969.8 958.1 958.4 976.7 963.8 924.7 917.8 924.2 989.2 958.6 844.7 734.4 698 705.7 700.7 704.4 722.1 724.7 715.2 715.6 715.4 718.6 736.3 745.6 752.7 757.8 757.5 757.8 764.8 773.8 755.3 750.9 756.6 758.2 745.4 742.4 737.5 751.2 748.5
718.2 728.8 757.5 753.1 723 712.8 727.4 759.3 759.8 750.8 770 753.2 726.2 740.2 745.1 728.8 712.4 709.1 728 730.8 754.3 818 801.3 787.9 778.9 775.8 785.1 801.6 808.7 811.7 838.5 887.9 893.6 899 940.7 969.5 951.7 988.9 1010.8 970 976.7 983.9 976.4 948 958.1 985.4 963.7 960.8 903.9 805.3 725.9 715.4 727.7 732.5 735.7 731.2 725.4 727.4 733.7 737.6 751.3 758.8 765.6 779.8 791.9 792.4 792.5 806.9 773.8 769.9 768.1 771 755.3 754 749.1 760.6 748.5
712.6 722 733.1 738.5 720.2 706 726.8 732.2 768.5 783.7 773 764.5 738.9 708 709 717.8 723.3 710.9 717.7 724.7 744.1 790.4 760.8 794.1 777.9 777.7 798.4 821.6 801.3 782.1 840.7 847.6 852.3 877.8 935.4 976.2 957.2 1032.7 1008.5 957.8 972.2 966 918.9 894 868.9 888 883.4 905.1 834 741.8 716.1 727.8 761.2 737.7 740.5 733 734.4 747.9 763.7 768.4 764.3 769.3 773.6 783.8 796.6 804.4 811.5 825.3 791.9 782.6 777.9 774.1 768.1 764.4 758.1 767.9 755
718.3 714.4 752.6 741.8 704.3 694.5 702.6 696.2 724.2 747.4 735.9 757.9 756.5 743 726.3 705.9 710.1 705.2 711.9 729.6 732.6 739.9 738.5 785.4 762 755.6 758.3 775.2 779.2 788 807.8 839 844.8 864.1 886.2 930.7 945.5 1024.3 946.9 928.2 959.7 974.1 930.9 890.4 889.6 824.4 841.4 821.6 782.8 731.4 727 754.3 768.7 749.6 746.5 745.4 749.7 768.1 794.2 792.5 769.9 776.9 784.9 794.7 803.2 806.8 809.7 815.2 801.5 790.9 786.5 783.5 773.7 770.3 766.5 761.4 767.8
705.3 718.5 686.8 720.6 725.3 704.2 694.7 683.9 705.6 752.5 732.2 739.8 743.3 735 700.4 694.6 697.3 698.4 706.7 741.1 722.1 722 731.5 768.7 753 732.3 752.5 786.1 811.5 822.8 844.3 848.5 854.5 870.8 887 908 924.7 946.3 920.4 921.9 927.4 932.4 903.1 879.5 872.5 866.1 823.5 781.3 778 738.8 732.8 754.1 756.4 767.3 760.1 761.9 766 774.8 777.2 783.6 780 782.2 792 801.3 810 814.2 814.7 811.4 806.6 802 814.7 803 778.7 776.5 781.4 754.6 764.8
699.8 687.5 670.6 662.6 658.4 690.5 729.1 723.5 750.2 743.3 729.2 727.3 753.1 756.3 711.8 707.6 733.5 720.2 700.4 708.6 709 706.1 707.9 706.5 703.5 719.5 747.7 775.8 792 802.6 851.1 862.1 898.8 907 892.5 906.2 934.7 1006 940.2 952.6 882 885 900.4 909.4 886 846.6 821.5 766.9 759.1 740.1 758.4 776.5 757.8 756.5 770.6 766.8 784.4 793.5 784.3 781.5 788.2 792.1 801.2 805.4 810.1 821.7 830.8 820.6 822.9 822.6 828.8 848.4 806.7 785.2 763.1 750.1 738.4
677.9 663.6 663.1 654.2 667.3 707.7 757.6 778.7 758.6 773.1 738 729.5 743.5 748.2 722.1 708.9 709.1 691.4 690.3 714.7 702.6 711.8 701.4 695.3 686.3 712.2 722.8 727.8 743.7 759.6 757.5 771.1 815.1 818.9 804.8 827.6 865 932.5 896.9 910.1 891.3 875.5 873.7 892.7 886.9 825.4 790.3 787.8 779.5 759.7 753.7 769 782 797.1 763.6 774.5 802.8 799.3 778.1 779.9 787.7 791.5 802.4 808.8 813.3 820.3 830.6 832.5 820.2 835.9 842.9 851 804.5 783.2 759.3 749.2 733.9
665.3 658.8 650.2 661.8 680.4 705.5 737.5 776.2 751.8 778.6 744.6 723.2 738.6 740.9 719.3 710.4 724 686.3 684 685.4 697.5 721.3 747.7 733.7 709.2 686.2 687.7 714.3 721.4 737.7 793.9 752.6 795.1 818 857.4 843.8 830.8 883.3 886.6 898.1 908.4 889.4 881.4 871.2 829.4 795.2 831.5 807.9 780.5 777 749.8 754.4 816 841 763.2 763.1 789.9 785.4 766.6 772 778.1 784.8 796.2 807.3 810.2 811.9 812.8 811 811.5 836.6 828.4 821.8 804.6 782.3 763 741.4 725.6
670 660 652.2 670 693.8 708.7 731.1 759 756.3 714.4 732.1 717.9 720.3 734.5 726.2 713.2 700.7 683.6 676.6 671.3 690.5 696.2 687.7 689 691.2 684.5 691.5 691.6 727.8 764.6 771.8 785.7 821.2 895.8 898 854.4 833.9 861.8 878.1 919 899.6 886.8 887.8 859 814.6 799.7 815.6 785.4 739.8 742.1 734.4 764.3 825.4 814.9 752 742.2 761.7 760.6 752.5 761.6 770.3 773.7 781.9 789.9 803.3 806.9 803.5 801.8 801.4 810.1 803.3 801.4 784.4 759.3 747.5 733.7 718.3
680.7 667.5 666.4 663.9 689.5 712.5 725.8 734.9 753.6 682.3 719.4 702 711.2 744.2 753 744.5 753.5 709.3 678.7 665.8 673.7 681.4 689.7 686.1 696.2 686.4 709.5 705.7 702.2 723 750.3 791.4 837.1 874.1 903.2 865.4 826.7 845.9 864.9 941.9 881.3 874.4 851.1 815.3 795 777.6 776.3 787.8 758.1 722.5 734.5 767.1 768.8 739.3 740.8 723 731.4 733.4 734.7 743.5 752.7 762.3 770.6 781.5 815.3 807.1 788.4 788.2 788.3 788.6 789.3 788.7 755.8 743.7 741.5 746.1 721.5
665.3 665.6 678.5 676.3 694.1 706.1 710.2 715.6 743.7 664.8 690.3 678 689.6 721.4 761.6 805.7 830.3 712.9 675.8 663.2 674.2 695 722.6 719.8 744.8 730.8 697 703.3 736.7 765.5 770.5 755.8 748.6 810.4 862.2 849.3 821.1 845.4 911.9 876.3 861.1 844.9 849.8 837.2 799.1 749.2 753.5 779 753.6 707 692.4 689.5 695 701.4 700.9 706.2 708.4 712.7 718.1 727.9 741.4 769.4 781.6 781.3 783.7 778.7 773 768.3 763.2 765.4 766.2 750.9 741.4 736 730.1 713 704.4
665.3 655.9 675.2 687.3 702.1 696.3 695.3 719 731.7 649.5 671.7 666.5 673.2 685.9 719.8 741.9 760.9 685.4 671.3 689.4 719.3 727 719 711.7 710.4 657.3 683.2 718.2 732.7 769.5 778.8 756.2 726.9 757.8 814.4 836.5 831.9 834.1 841 839.3 829.3 831.4 838.1 792 745.6 733.6 731.5 750.2 706.3 746.6 705.9 675.1 680.1 697.9 730.9 704.9 694.8 700.8 704.5 710.2 726.8 759.6 790.9 789.8 783.8 771.5 758 749.1 744.9 745.7 746.8 739.8 725.5 720.1 714.1 714.2 702.8
660.3 654.8 685 715.8 710.4 699.9 701.8 719.2 749.5 676.4 642.8 645.2 679.7 696.5 719.5 710.8 688.8 679.9 665.7 713.3 751.2 745.8 709.8 711 721.9 664.7 672 672.1 697.7 719.8 715 703.1 726.3 772.4 831.4 849.8 843.8 838.1 810.8 803.3 804 779.4 773 769.4 759.9 737.9 728.2 757.3 766 742.4 774.7 773.3 729.7 721.5 713.9 683.2 684.3 679.9 679.8 688 709.6 748.1 780.8 772.5 750 746.1 736.2 725.9 727.5 734.3 737.3 733.2 711.1 711.3 714.8 710.7 706
657.9 658.1 655.7 658.4 645.1 674.8 706.6 693.8 645.4 645.1 656.1 661.5 671 673.4 679.9 711.3 744.7 728.2 671.6 728.9 768.4 738.2 695.4 692.3 707.8 696.6 692.7 666.1 663.3 702.1 726.1 741.7 775.3 785.8 808.5 802.7 807.7 795.8 800.3 788.4 794.3 802.8 787.9 776.4 779.2 767.1 734.1 735.6 785.7 782.4 751.4 725.7 724.2 712.6 666 666.3 658.6 653.5 655.6 664.2 687.6 720.2 723.6 719.6 726 715.8 706.7 703.8 710.1 721.4 719.2 705.9 696.6 696.9 702.8 702.4 702.7
675.9 663.3 649 636.2 634.4 636.5 644.6 654.2 636.4 629.6 645 647.6 653.5 662 662.8 709.4 752.6 695.9 669.6 745.6 744.5 718.2 706.9 708.3 725.3 659.8 675.3 705 697.5 709.9 747.8 785.2 795.9 799.5 788.4 795.3 806.4 791 774 768 778.8 789.4 792.3 756.2 745.8 744.7 711.6 739.7 801 739.5 718.7 688.1 664.3 658.4 692 652.9 629.3 630.9 662.6 677.3 680.4 687.6 684.6 683.2 687.1 683.4 682.2 691.3 704.6 706.7 700 678.3 678.6 680.1 682.6 681.6 685.5
724.6 693.5 654.1 635.8 636.2 648.1 676 689.1 636.2 682.3 669.5 668.7 645.3 634.8 659.2 672.6 700.6 668.5 673.3 728.7 704.4 715.4 735 684.8 692.6 628.8 633.3 670.5 678.7 703.6 733.3 766 802.4 887 848.9 841 806.9 781.6 762.6 754.6 753.3 774.4 793.8 766.8 722.3 722.5 749 723.9 787 728.3 681.9 663.4 652.3 647.3 635.4 624.5 626.4 631.7 665.7 726.9 774.6 756 680.8 683.2 666.1 660.4 669.5 693.8 708.2 694.1 679.2 659.1 669 671.1 672.9 682.2 692.2
717 666.1 661.6 670.2 651.7 656.6 661.2 635.3 625.8 609.6 627.9 664.6 626.8 636.2 668 699 734 705.8 672.1 712.6 694.8 666 647.9 629.4 627.2 645 625.4 642.1 669.1 709.5 740.2 747.9 775.8 827.8 842.5 815.1 785.5 754.9 757 750 744 779.8 786.2 752.6 731.6 755.5 795.3 773.6 751.6 746.5 681.2 649.5 641.1 633.2 629.5 633.6 631.7 654.8 690.3 740.2 825.7 870.5 780.8 718.5 650.3 644.3 656.2 678.6 686.2 668.4 653.8 644.2 664.8 671.1 676.5 692.2 712.9
718.8 684 680.5 694.2 690.5 647.5 640.5 653.7 651.2 615.5 639 623.2 631.2 646.3 679.2 682.4 651.1 697.5 618.9 658.4 663.3 628.5 592.8 596.3 595.8 599.5 603.9 624.4 663.3 709.8 759.3 787.5 756.6 784.5 756.3 749.9 759.3 752.4 747.2 729.6 727 745.9 737 736.8 757.1 791.6 811.7 776.6 752 732.5 668.6 662 657.3 643 626.6 631.5 644.3 688.9 723.6 780 856.7 846.3 708.1 638.4 628.1 653.9 664.9 653.7 640.8 639.2 641.7 642 648.9 663.6 671.3 684.8 707.2
705.7 695.2 686.9 706.6 717.2 674.7 647.3 652.3 651 662.8 657.3 655.2 656.8 661.2 679.5 685 670.9 646.6 639.6 665.7 628.2 602.4 609.9 625.3 612 614.5 626 627.3 660.7 699 766.5 784 737.7 731.5 734.5 772.8 834.4 778.3 744.9 750.8 719.7 722.8 722.8 745.1 773.2 802.1 800.1 766.1 784.7 694.7 671.8 706.4 716.9 676.9 632.2 639.3 671.8 685.1 694.8 741 779.1 748.5 662.5 618 630.2 763.2 682.6 650.4 639.3 631.4 632.3 633.8 644.1 647.9 656.5 673.3 687.4
692.9 692.7 709.8 695.1 700.9 678.7 641.8 646.8 682.8 720 742.3 697.9 641.6 644.1 684.1 700.4 663.1 617.2 632.8 620.4 617.8 619.8 625.2 631.9 641.7 645.3 647 667.4 701.8 703.8 716.5 737.2 729.1 693.2 743.2 866 864.9 789.4 732.7 721.9 707.1 710.8 715 742.8 759.5 768.3 769.7 769.4 785.8 704.6 671.1 720 730.3 682.4 641.7 649.8 672.1 665.2 648.9 681.7 690.3 649.4 615.8 614.6 629.6 743.6 687.2 659 649.9 635.7 629.2 630.7 -9999 641.4 655.2 658.4 656.4
702 700.3 695.5 678 678.7 669.5 640.9 642 670.3 709.6 727.1 659.2 653.7 644.4 656.1 679 671.5 634.4 611.1 632.5 641.9 639.4 637.2 661.7 701.7 695.3 678 722.1 761.6 732.6 691.9 675.5 682.9 729 798.8 892.3 885 764.9 705.1 705.7 705.8 714.7 779 762.1 767.9 754.5 736.3 736.7 715.1 672.5 642.4 652.7 661.5 643.6 661.6 677.4 708.5 736.9 719.9 745.8 747.2 696.6 654.2 643.6 630.6 711.6 689.1 670 649.9 634.7 625.5 628.4 639.6 636.3 638.4 645.9 661.5
717.8 718.6 670.7 671.8 678.1 677.1 664.4 641.5 653 682.6 684.6 629.6 633.8 648.6 646.2 649.1 640.5 620.3 646.8 659.2 636.2 646 656.6 676.4 695.4 681.8 682.2 678.6 718.7 706.5 662.7 669.3 697.4 747.7 879 894.8 798.2 733.6 719.9 698.6 698 718.6 739.7 714.6 717.2 722.3 741 744.5 712.8 644 631.4 627.6 629.3 637.1 657.3 677.2 689.1 793.4 789.9 796.3 770.7 730 693.5 663.9 646.5 642.7 645.5 688.4 660 634.8 623.2 621.9 626.5 629.4 -9999 639.7 663
746.2 724.9 663 669.6 675.3 672.4 658.9 637.4 636.7 642.9 653 656.3 668 660.9 632.7 672.7 687.6 635 665.9 665.7 662.8 674.7 669.3 666.8 683.8 675.7 642 669.8 712.2 707.2 678.1 686.3 752 826.4 783.2 725.3 701.8 676.5 682.7 706.9 702.7 689.4 764 757.6 756.2 755.7 740 701.9 664.4 622.8 617.8 628.2 630.5 638.2 657.1 678.2 697 780.7 768 758.9 733.7 709.2 694.3 688.5 634 612.3 624.4 634.6 631.1 624.2 623.8 628 642.9 641.5 633.9 633 639.1
782.8 814.7 672.2 665.3 667.2 652 628.8 612.8 596.7 606.5 637.9 722.2 629.6 625.8 628.5 639.7 645.4 633.8 655.8 658.2 674.6 647.5 651.3 650.3 647.8 650.1 630.2 648 633.1 668.4 659.9 681.2 737.2 748.1 669.3 705 719.5 704 689.1 701.8 746.6 832.1 727.3 707.3 769.8 742.1 709.9 704.9 710.6 673.4 635.3 612.3 627.5 654.7 686.7 686.6 657.1 619.2 607.9 593.8 599.5 597.6 602.4 617.9 609.8 601.4 608.8 604.6 623.5 655.5 661.1 649 662.3 641.1 633.2 629.7 642.9
773.5 812.5 723.5 678.6 669.8 692.3 702.6 674.5 636.9 613.9 605.7 622.6 663.5 699.4 666.2 657.4 665.6 639.7 619.7 627.8 641.1 617.5 618.1 635.1 654.2 659.9 610.9 616.9 622.5 639.3 641 661.7 678 656 673.2 681.3 667.5 680.7 697 732.5 786.5 810.7 739 698.4 726 714.3 718.4 751.9 764.3 730.4 645.1 607.4 629.4 660.4 764.9 740.6 727.6 658.3 662.2 610.2 591.2 584.7 586.1 591.3 593 591.4 610.3 598.3 614.7 641.9 647.8 638.3 634.7 640.9 625.5 619.8 625.7
857.9 791.7 842.8 722.6 742.1 659.5 622.9 603.5 590.2 585 597.1 604.1 598.2 624 645.5 652.8 639.9 632.9 655.1 595.1 619.6 600.5 606.3 623.2 633.6 626.8 622.1 630.2 625.3 619.5 639.1 640.4 646.5 661.3 675.3 669.4 640.8 661.6 687.3 729.2 760.8 772.6 697.3 719.9 692 692.4 725 756.2 746.2 697.2 624 615.6 632.6 622.2 704.9 745.8 733.5 658.9 620 653.4 674.2 635.8 591.8 587.5 589.1 585.4 595.5 597 600.8 611.7 625.5 628.4 618.7 634.8 621 618 625.4
