features/re_bio5.asc
ncols         768
nrows         589
xllcorner     124.299398925
yllcorner     32.893460211367
cellsize      0.010567299164062
NODATA_value  -9999
[rows 96 to 127 of 589, columns 288 to 359 of 768]
28.49355 28.14516 29.00968 29.6871 29.83871 30.32903 29.70968 28.95807 28.6129 28.73871 28.93548 28.49355 29.02258 30.22258 30.42903 30.34194 30.60323 30.87097 30.52258 30.69355 29.5 28.40645 29.31613 29.63871 29.52903 29.93226 30.6129 30.81613 30.95807 31.6129 31.89032 31.94193 32.27742 32.21936 -9999 32.25806 32.35161 31.02581 30.83871 30.79677 31.4129 -9999 -9999 -9999 31.64839 31.85161 31.83226 31.18064 30.6129 31.53548 31.50645 31.49355 31.29677 30.65484 29.5 28.74839 30.22581 29.87419 28.96774 29.15484 30.44516 31.50323 31.6 30.63871 30.29355 30.85806 31.35161 31.14839 30.55807 29.70968 29.78065 28.59032
28.52903 28.22903 28.99355 29.93226 30.81936 30.95807 29.89355 29.05807 29.21613 29.67742 29.50323 29.3129 29.15161 30.46129 30.85161 30.46774 30.28387 -9999 31.27097 30.6871 29.40968 28.5129 29.66452 30.04516 30.09355 30.54193 30.50968 30.45807 30.65161 31.08064 31.17419 31.35484 -9999 -9999 32.12258 32.40645 32.39677 32.45807 32.19355 32.06129 32.10323 31.75806 31.53548 31.44516 30.5 30.75161 30.46129 30.26452 30.71613 -9999 31.73226 30.63548 30.12258 29.23871 28.26452 27.97742 28.89355 29.94839 28.95161 29.01936 30.27742 31.37097 31.64516 30.80323 30.80968 31.16774 31.14839 30.93226 30.91936 29.9871 29.58064 28.24194
28.82581 28.7871 29.2871 30.01936 31 31.23226 29.96774 29.9 30.39677 30.3129 29.40645 29.15484 29.87742 30.45807 31.06774 31.13871 30.83871 30.92581 31.60645 30.58387 30.55807 29.79355 29.0871 29.48064 29.36774 29.7871 30.18387 30.86774 31.27419 31.22258 31.48387 31.10323 -9999 -9999 32.25806 32.19032 32.19677 31.91936 32.0871 32.07097 31.1871 30.48387 30.92581 31.34516 29.72258 29.43226 28.70968 29.05807 30.3 30.53226 31.36774 30.2871 29.29677 28.04516 26.70323 26.09032 26.9871 28.16774 28.37742 29.2 30.4129 31.28065 31.60323 31.27419 31.39677 31.33548 30.98064 30.77419 30.77419 29.6129 29.66129 28.79032
29.66129 29.44839 29.50323 29.85484 31.18064 31.25484 30.93548 31.10968 30.54839 29.47097 28.6871 28.73226 29.91613 30.32258 31.1 31.49355 31.40322 31.4 31.87419 30.99677 31.32903 30.88387 29.7129 30.42581 29.97097 29.60968 29.86452 30.13226 30.63548 31.40645 31.9 31.06452 -9999 -9999 32.10645 31.9 31.79032 31.27742 30.76452 30.34194 29.48387 29.75161 -9999 -9999 30.26129 29.36129 29.14516 29.64839 30.21935 30.23871 30.47097 30.18064 29.30645 27.5871 25.87742 25.45484 26.83871 27.81936 28.96129 29.28065 29.83226 31.07097 31.39032 31.27419 31.35806 31.33226 31.03226 30.63871 30.23548 29.34839 29.53226 29.45484
30.60323 29.2 29.30645 30.07097 31.46774 31.50645 31.11935 30.64516 30.1129 29.49677 29.00645 28.86774 28.82903 29.89355 30.90322 31.42258 31.48064 31.52258 31.97419 31.52903 31.65484 31.32258 30.19032 30.63226 30.46452 29.90645 30.4129 30.44839 30.52258 31.09032 31.80645 31.89677 31.90322 32.24194 32.15484 31.67097 31.18064 30.9871 30 28.80968 29.39032 30.71935 31.45807 31.68064 31.38065 30.90322 30.55161 29.68387 29.12258 29.67742 29.58064 30.64839 30.1129 28.75484 26.86452 25.98064 27.47419 29.62581 29.69355 29.45161 29.82258 30.80968 31.33871 31.13226 31.00968 30.92903 30.45807 30.15161 29.95484 28.89677 30.01613 29.63871
30.91936 30.2129 30.23226 30.75161 31.71935 31.16452 31.11613 30.80645 30.23548 29.54193 28.97742 28.82258 29.06452 30 30.9129 30.83548 30.81936 31.55161 31.53548 31.95484 31.88065 31.74516 31.53548 31.59678 31.29677 31.33226 31.84516 31.95807 31.91936 32.02258 32.2 -9999 32.18064 32.07419 31.52258 31.30968 31.33226 30.76452 30.55807 28.95807 29.8129 30.89355 31.27419 31.50645 31.43548 31.14194 31.12903 30.65484 29.58387 28.58387 28.72581 29.61935 29.98064 29.67419 28.49032 27.37097 27.41936 30.60645 31.07097 29.95484 29.82581 30.8129 30.85161 30.23871 30.07419 30.04193 29.26774 29.56129 30.2871 28.83548 30.19355 30.52903
29.8871 29.70323 30.23548 31.15484 31.94839 31.46129 30.2871 29.85161 29.6129 29.16774 28.61935 28.63548 29.73548 30.27742 30.3129 30.94516 31.37742 31.2129 31.67419 31.57419 31.35806 30.85806 30.56452 30.22258 30.5871 31.84194 31.64194 31.86774 31.82581 31.80645 -9999 32.01936 32.3129 31.70323 31.02258 31.06129 31.24839 30.45484 29.55807 29.03871 29.66129 30.20323 30.47097 31.08064 30.95807 31.03548 31.13226 30.8 29.96774 29.15161 29.24839 29.77742 29.42258 29.33871 28.87742 28.8 29.51936 30.67742 31.25484 30.46452 30.34839 30.75484 30.14516 28.88387 27.73226 28.3 28.87742 29.96774 30.63226 29.46452 29.7129 30.44193
30.43548 29.70323 30.38065 31.43548 31.77419 31.15161 30.32903 29.52903 28.64839 28.4871 28.77419 28.63548 29.02581 29.76129 30.6 30.84516 30.70968 30.60645 30.75161 30.2871 29.65806 29.05484 29.70968 30.57419 31.38387 30.90968 30.39355 30.46774 31.23871 32.06129 32.41613 32.3 31.47097 30.90322 30.74194 30.7 30.69032 30.45484 29.11935 28.77097 28.87742 29.16774 29.5871 30.41936 30.2 31.05484 31.22581 30.88065 30.19355 29.60645 29.80645 30.7 30.24516 30.0129 29.33548 29.25806 30.13548 31.04516 31.33226 31.28387 30.54839 29.62258 29.03226 28.35484 28.91613 28.98064 30.13548 31.24839 30.88387 29.52581 31.2 29.7871
31.03871 31.06452 31.41936 31.82581 31.87742 31.5871 30.73548 29.40645 28.05484 28.23871 29.03871 28.52903 28.23226 29.5129 30.16452 29.47097 29.23548 29.88065 29.83548 28.3871 27.63548 27.71613 28.40968 29.23226 29.85806 29.7871 30.24516 30.64516 31.45807 32.23871 32.46129 32.34516 32.27097 31.89677 31.67097 31 30.29355 30.06774 29.98387 29.78065 29.28065 28.97742 28.99677 29.43548 30.19677 30.93548 30.98064 30.87419 30.42581 29.55161 28.79355 30.21613 30.81613 30.71935 29.8 29.35161 30.04193 31.46452 31.18064 30.66129 30.70323 31.09678 31.01613 30.06774 30.69032 30.82581 30.74194 31.16129 31.26452 30.73548 31.58064 31.53226
32.05484 32.1258 32.20322 32.19355 32.02903 31.36774 29.72903 28.19032 27.7871 28.61935 29.18064 28.17419 27.32903 28.2 28.81936 27.96129 27.70323 28.35484 28.40968 27.77097 26.09355 27.14839 28.69355 28.86774 29.7 30.63871 31.34516 31.96774 32.1129 31.62258 30.96452 30.9871 32.09032 30.92903 31.30645 31.22258 30.51613 30.16129 30.64516 30.6871 29.92581 29.23226 29.14516 29.79677 30.60323 30.64516 30.35806 29.98064 29.78387 29.46452 28.97742 30.03226 31.00645 31.07419 30.83548 30.58387 30.69677 31.54839 30.66129 29.99032 30.07419 30.78387 31.33548 30.92581 31.26129 30.67097 31.01613 31.58064 31.34839 30.67097 31.47742 31.53548
32.51291 32.54516 32.43226 32.31613 31.84839 31.1871 29.38065 27.36129 27.63871 29.13226 29.78065 28.75484 28.00968 27.66452 27.86774 26.90322 26.21935 26.6129 27.45161 27.14839 25.85806 27 29.73871 30.44516 30.06774 30.76452 31.14516 31.63548 32.15161 32.0871 31.72903 32.20645 31.94516 31.40645 31.78065 31.64194 30.88065 30.52581 31.44193 30.69355 29.76774 29.69032 29.86774 29.63548 29.6 29.28387 28.85806 29.18064 29.82903 30.10645 29.83548 30.22258 30.63226 30.42903 30.57097 30.94516 31.27419 31.46452 30.82903 30.32903 30.13548 30.49032 30.97419 30.83548 30.45484 29.99355 30.33226 31.12258 31.32581 30.9871 31.31936 30.74516
32.57419 32.62258 32.5 32.24194 31.24516 30.27097 28.25161 28.10968 28.94839 29.91613 30.17419 29.64194 29.12581 28.75484 27.9129 26.35484 25.80645 26.52258 27.46774 27.36129 26.05161 26.91936 29.22581 30.1871 31 30.84839 31.37419 31.22581 31.33548 31.85161 32.19355 31.76774 31.91936 32.06452 31.86774 31.48387 31.52258 31.85806 31.7129 30.77742 30.34194 30.44839 30.15161 29.43226 29.72581 29.32258 29.49677 29.49032 29.97419 30.31613 30.15484 30.65484 31.00968 30.58387 30.25161 30.2871 30.78387 31.10323 30.5871 30.26452 30.10645 29.91936 29.88065 30.10323 30.40968 30.72258 30.50968 31.0871 31.55807 31.23871 30.49677 30.45484
32.68387 32.64194 32.42903 32.15484 30.43226 29.22903 28.54839 28.70323 29.4 30.07742 30.47097 30.31613 29.4 28.85161 28.00645 26.44516 26.6 27.92258 28.72903 28.64839 27.02903 27.92581 29.99032 30.74516 31.3871 31.56452 31.53548 31.06452 31.39677 31.93548 32.22581 32.18064 31.61935 31.93871 32.04516 31.95807 31.86129 31.54839 30.87097 30.85484 30.80323 30.96129 30.57742 29.87742 30.18064 30.79032 30.63226 30.12903 30.40322 30.58064 30.30645 30.80968 30.86452 30.96452 30.68064 30.47742 30.73226 31.4129 30.85161 30.6 30.52258 30.20968 29.90645 30.17742 30.79032 30.89677 30.73548 31.27742 31.46452 30.87419 30.32258 31.06452
32.8 32.50323 31.99355 31.57097 29.66774 29.66452 30.1871 29.74194 30.07742 30.22258 30.52258 30.86774 30.25484 29.59678 29.35806 28.07097 28.19677 29.20968 29.65161 29.25161 27.60645 28.35806 30.66774 31.22258 31.41936 31.70968 30.82903 31.68064 31.97419 31.85806 31.62581 31.59678 32.13226 31.75806 31.38065 30.72258 30.54193 30.88065 31.17742 30.78387 30.7 30.85806 30.70968 30.44193 30.8 31.22581 31.07097 30.27419 30.44193 30.9129 30.77742 30.23871 30.65161 30.94516 31.3 31.38065 31.40322 30.98387 30.7871 30.61935 30.70645 30.14839 29.91936 30.58387 30.63548 31.17097 31.12581 31.14194 31.35161 31.26129 30.93548 31.66129
32.40968 32.40322 32.0871 31.44839 28.81936 28.95161 29.50645 30.03548 29.82581 29.09032 29.00645 29.5129 29.94516 31.24839 31.06129 29.69677 28.45807 28.8129 30.36129 31.10323 30.2 30.02258 31.24516 31.10968 30.34194 29.72258 30.12258 30.54516 30.0871 30.31936 30.99355 31.41936 31.5129 31.83548 31.87419 31.9 31.96129 32.05484 32.09032 32.06129 32.11613 32.04839 31.63871 31.10968 30.92581 31.25806 31.1871 30.64194 30.7 30.91613 31.19677 31.53871 30.98064 31.28065 31.56452 31.19677 31.25161 30.44516 29.76774 29.16129 29.61935 29.81936 30.0871 30.62258 30.89677 30.44516 30.41936 30.27097 30.72903 31.28387 31.36774 31.03548
32.12258 31.64194 31.3129 31.09032 28.83226 27.87419 28.10645 29.7 28.64839 27.22581 26.81936 27.39677 28.20323 29.34516 31.10645 31.01936 29.9129 29.59355 30.3 30.8871 31.14839 30.47742 31.59355 31.3871 30.20968 28.84516 28.65806 29.50645 29.68064 30.37742 31.15484 31.28387 31.05807 31.29677 31.93871 32.16774 32.1871 32.20322 32.2 32.07742 32.15807 32.14839 31.90322 31.55161 31.34516 31.47742 31.66774 31.3129 31.52581 31.73871 31.72581 31.68064 31.73548 31.56129 31.72258 31.02258 30.52903 31.44516 30.85161 30.27742 30.58064 30.21613 29.82903 29.94193 30.28065 30.08387 30.25161 30.44193 30.88387 31.37742 31.38387 30.6129
31.1129 31.33871 30.86452 30.04516 29.23226 29.34194 29.14839 28.03226 27.57097 27.43871 28.33548 29.71613 30.56129 31.02258 30.83226 31.19355 30.75484 29.8871 29.82903 31.09678 31.91613 31.77419 31.65806 31.28387 30.79677 29.97419 29.17097 29.78387 30.65161 31.30645 31.55807 31.49355 31.45807 31.90645 32.07742 32.17097 32.2129 32.27419 32.25806 32.08065 32.19355 32.23226 32.23549 32.17097 31.94193 31.42258 31.33226 31.39032 31.44193 31.56774 31.70968 31.72581 31.70645 31.79032 31.80323 31.35484 30.70645 30.57419 30.93871 30.70323 30.66129 30.48387 30.27419 30.24516 30.42581 30.2129 30.81613 30.79677 31.09678 31.30323 31.07419 30.50645
30.33871 30.63548 30.05161 29.32581 30.12258 29.96129 29.84516 28.87742 27.80968 28.17097 28.2129 28.26774 28.95161 29.07742 30.41613 31.85161 31.22903 29.83871 29.62581 30.70968 30.01613 31.06129 31.41613 31.02903 30.42258 29.26452 28.61613 29.7 30.76774 30.90322 30.86452 31.19355 31.78065 32.07097 32.12258 32.1129 32.13871 32.19677 32.19677 32.16452 32.22258 32.22258 32.2871 32.22258 31.96452 31.60645 31.15161 30.88065 30.96452 31.38065 31.79677 31.8 31.30323 31.35806 31.49032 31.73871 31.4871 30.97419 31.21613 30.85484 30.67419 30.08387 30.22258 30.73871 30.90322 31.10645 31.29355 30.85484 31.0871 31.33871 31.22903 30.9129
30.37742 30.96452 29.87742 30.45484 30.62581 30.75806 29.47097 28.43548 28.75806 29.74516 30.09678 29.50968 29.02581 30.37097 30.52903 31.82903 30.72581 29.65161 30.07742 31.37419 31.39032 31.95161 32.16452 31.74516 31.0871 30.20645 29.49677 29.48064 29.84516 30.43226 31.2129 31.84516 32.01936 32.11613 32.15484 32.15161 32.17097 32.19355 32.17742 32.21936 32.09678 32.04516 32.18064 31.94839 31.54516 31.44516 30.64839 30.8 31.0871 31.44516 31.78387 31.88065 31.48387 30.68064 31.24839 31.51936 31.14839 30.92581 30.82581 31.13226 30.75161 30.27742 30.46452 30.75484 30.7129 30.97097 31.10323 31.16452 31.24839 30.96452 30.35484 30.03871
30.56129 31.3129 30.59032 30.90322 30.84839 30.09678 29.30968 27.44839 28.26452 29.49355 30.58387 30.96774 30.86774 31.14839 30.77419 31.52903 31.50645 31.37742 31.61613 31.96452 31.8129 31.90645 31.67742 31.58064 31.57097 31.17742 30.52903 29.99032 30.05484 30.97097 31.71935 32.03226 32.11935 32.06452 32.1871 32.20968 32.20322 32.19355 32.17742 32.21936 32.07419 32.07742 32.17097 32.04516 31.75484 31.5129 30.69032 30.52258 30.93871 31.30645 31.54516 31.64516 31.58387 31.36452 30.79677 31.10323 31.2 31.25484 30.79677 30.87419 30.44839 30.70968 30.86452 31.06774 31.23226 30.99677 31.5871 31.69677 31.4 30.77742 29.86129 29.13226
30.37742 31.02258 31.23548 31.35806 30.48064 29.41613 28.13548 27.49032 28.29677 29.39677 30.21935 30.41613 30.06129 29.77419 30.6129 31.50645 31.70323 31.67742 31.96452 32.53226 32.57419 32.63226 31.96774 31.44839 30.80968 30.04193 29.20323 30.31613 30.70645 30.82258 31.33871 31.98064 32.27742 32.27742 32.25484 32.31936 32.2871 32.22903 32.21936 32.24194 32.23226 32.18064 31.84839 31.63871 31.40645 30.96452 30.50645 30.42903 30.9129 31.53548 31.60323 31.3 31.25161 31.50323 30.80645 30.59678 30.72581 31.25484 30.87742 30.35484 30.13226 30.84194 30.91936 30.99677 31.31936 31.41613 31.65484 31.48064 31.27097 30.84194 30.47742 30.04839
29.69355 30.68387 31.41613 31.7129 30.15484 29.12258 27.78387 28.5871 28.66774 28.79677 29.33871 29.54516 29.41613 29.47419 29.23548 29.92903 29.79677 30.47742 31.65484 32.51936 32.7129 32.44839 30.96452 31.10645 31.08387 30.55807 30.05484 31.18387 31.17742 31.37097 31.54193 31.58387 31.66452 32.07419 32.27742 32.38065 32.3742 32.29678 32.23226 32.28064 32.37097 32.27097 31.93871 31.83226 31.53548 30.83871 30.64839 31.29355 31.44839 31.46774 31.33548 30.98064 30.75806 31.27742 31.12903 30.60968 30.29032 30.54516 30.28387 30.1 29.95807 30.31613 30.54839 30.83871 31.30323 31.72581 31.79677 31.47097 31.32581 30.65484 30.06774 29.52581
29.75806 30.85161 31.54839 31.49032 30.17419 29.55161 28.62258 28.74839 29.15484 29.03226 29.47742 29.97097 30.14839 29.96452 28.98064 30.28387 30.74516 31.51936 32.35806 32.73549 32.53226 32.26774 31.93226 31.85484 31.59678 31.38065 31.13226 31.15161 31.54193 31.79355 31.98387 31.78387 31.60968 32.3742 32.48709 32.48709 32.3871 32.35806 32.35161 32.29032 32.33548 32.43226 32.39355 31.88065 31.33548 30.88387 30.3871 31.17097 31.8 31.30968 30.62581 30.15161 30.20645 31.17742 31.23226 31.02581 30.40645 29.86129 29.52581 29.62581 30.13871 30.36774 30.59032 30.92258 31.32258 31.67742 31.72581 31.37097 30.87742 30.20968 29.60323 29.11613
30.02258 31.05484 31.66129 31.59032 30.50645 30.45484 29.77419 28.29032 28.74194 28.63226 28.76129 29.73548 30.83226 31.05807 30.83226 30.96129 31.77097 32.38387 32.73549 32.56452 31.95161 32.39355 31.76129 31.95807 31.88387 31.62258 31.59355 31.75161 31.35806 31.51613 32.06129 32.02581 31.79355 32.43226 32.73226 32.49032 32.37742 32.44516 32.49677 32.41613 32.34839 32.36774 32.38387 32.1 31.34516 30.75806 31.22258 31.62258 31.50323 31.36452 31.06774 30.35161 29.69677 30.09032 30.32581 30.56774 30.41936 30.14194 29.62903 29.47742 30.55484 31.13226 31.20323 31.31613 31.6 31.86452 31.79032 31.40968 30.55807 30.24839 30.20645 30.10968
30.72258 31.24194 31.47742 31.10645 30.76129 30.32581 29.90322 28.64839 28.7871 29.35806 29.67419 30.26129 31.03226 31.63548 32.20322 31.66774 32.40322 32.52581 -9999 32.19355 31.94193 32.30645 32.02581 32.05806 32.04516 31.98387 31.75484 31.87742 31.65161 31.8 31.93226 32.06129 32.25161 32.50323 32.65484 32.51613 32.42903 32.39032 32.48064 32.54516 32.50323 32.43226 32.47419 32.22903 31.28065 30.17097 29.94516 30.6 31.37742 31.57742 31.13548 30.32581 29.86452 30.22903 29.76452 29.53871 30.00645 30.46452 30.14839 29.70323 30.50323 31.14839 31.37419 31.45484 31.68064 31.85806 31.4871 31.62903 31.14516 30.79677 30.42903 29.87742
31.07742 31.27742 31.52581 31.11935 31.04839 30.92903 30.13226 28.88387 28.30645 28.64194 29.94839 30.85806 31.20323 31.48064 32.06774 32.30645 32.70322 32.45484 32.32258 32.38387 32.48709 32.67419 32.60968 -9999 -9999 -9999 32.49355 32.19355 32.0871 31.95161 31.5129 31.55807 32.05161 32.41613 32.34839 32.11613 32.22581 32.32903 32.46129 32.36129 32.47742 32.58387 32.5 32.09032 31.20323 30.02581 29.22903 30.15806 30.50968 30.91613 31.03871 30.75806 30.55161 30.63226 29.65484 29.67097 30.10968 30.55807 30.7 30.47097 30.67097 30.84839 31.07097 31.43226 31.8129 31.93871 31.65806 31.44839 30.82903 29.89032 29.65161 29.54193
31.4129 31.5129 31.24194 31.36452 30.95807 30.35161 28.69032 27.68064 29.82581 30.42581 30.50323 30.95484 31.55484 31.8129 31.83548 32.4 32.6129 32.65807 32.75161 32.63548 32.35484 32.54839 32.4129 32.5 32.62258 32.70322 32.68064 -9999 32.15807 -9999 31.28065 31.56129 31.9871 32.33548 32.07097 31.74516 32.13871 32.38065 32.53226 32.20968 32.50323 32.57742 32.35161 31.48387 30.54839 30.03226 30.19677 30.69677 30.1129 29.72903 30.01936 30.46129 30.90322 31.21935 30.22903 29.94193 30.2129 30.67742 30.30645 30.68387 30.60323 31.10968 31.47742 31.5871 31.77097 31.8129 31.42258 30.81613 30.56129 30.19677 30.29032 30.4871
31.1129 31.37742 31.53871 31.66129 31.20968 31.00645 30.25806 29.37419 29.97419 30.55484 31.30323 31.47419 31.45161 31.56129 31.75161 32.23226 32.48064 32.66129 -9999 32.69032 32.30968 32.17419 31.96452 32.37097 32.6258 32.6 32.57419 32.56774 32.29678 32 31.85161 31.87742 32.10323 32.35806 32.25484 32.38065 32.49032 32.56129 32.44839 32.26774 32.4 32.28387 31.76452 30.89677 30.43226 30.22903 30.14516 30.77419 31.03548 30.55484 30.46774 30.72258 31.02903 31.14516 30.97419 30.36774 30.56774 31.41613 31.47742 31.4 31.36774 31.47097 31.58387 31.82903 31.90968 31.60645 30.96774 30.57742 30.95161 31.24194 31.30323 31.38065
31.29677 31.53871 31.76452 31.36774 30.95484 30.99032 31.08387 30.43871 30.66452 31.26774 31.96452 32.06774 32.03548 32.02258 31.83226 32.25806 32.61935 -9999 32.9129 32.93871 32.63871 32.14194 32.39355 32.43548 32.47742 32.40322 32.07419 31.8129 32.60968 32.7 32.11935 31.67419 31.90322 32.4129 32.41613 32.62903 32.64194 32.50645 31.98387 31.22903 31.60323 31.74839 31.03871 30.68064 30.75161 30.70645 30.4129 30.60968 31.13871 31.2871 30.62581 30.3 30.65161 31.26452 31.54193 31.25806 30.5871 30.60968 31.17742 31.6129 31.55807 31.88387 31.67097 31.86774 31.90322 31.56129 31.13548 31.07419 31.56452 31.87742 31.88387 31.78065
31.36129 31.8 31.74516 31.98387 31.54839 31.57097 31.48387 30.79032 29.86129 30.88387 31.28387 30.85484 31.03548 31.99032 32.48387 32.47097 32.36129 32.51291 32.80645 32.89355 32.51291 31.82258 32.28387 32.33871 32.28064 31.93871 31.76452 32.33226 32.21936 32.63226 32.22903 31.95484 31.93226 32.11613 32.34193 32.1 32.54193 32.50968 31.96774 30.66774 31.02258 31.64839 31.21935 31.19355 31.08064 30.52258 29.98387 30.24194 30.7871 31.5129 31.3129 30.83548 30.84516 31.25161 31.29032 31.62258 30.94193 30.95484 31.37742 31.83871 31.77742 31.55807 31.96452 31.95484 31.95161 32.02903 32.02903 31.98064 31.99677 31.9871 31.78065 31.6871
31.7 31.77097 31.87097 32.10645 32.04516 32.12258 31.80968 30.93871 30.66774 31.8129 30.75161 31.01936 31.73871 32.19355 32.49032 32.54839 32.66129 32.52581 32.74516 32.76451 32.5871 32.53548 32.00968 32.44839 32.30645 31.9871 31.88387 32.0871 32.23549 32.91613 32.5871 32.12903 31.76774 31.8129 32.20322 31.43871 32.00323 31.87419 31.97742 31.63871 31.67097 31.64194 31.23548 30.95807 30.98064 30.76774 30.4 30.55161 30.71935 31.24839 31.70323 31.5129 31.36774 31.47742 31.47097 31.81936 30.99032 31.47097 31.46452 31.59678 31.85484 31.53871 31.99032 31.75484 31.53226 31.4129 31.46452 31.70323 30.86452 31.12903 30.79355 31.01936
30.94516 31.17097 31.46129 32.01936 31.29355 31.53871 31.84516 31.30323 31.22581 32.11613 31.28065 31.77419 32.15807 32.2 32.32258 31.9871 32.47097 32.35484 32.65484 -9999 32.64839 32.24839 31.54839 31.78065 31.70645 31.22581 31.00323 31.47742 32.19032 32.87742 32.76451 32.48709 32.01291 31.86129 32.15807 31.42258 31.60323 31.54839 31.83871 31.97742 31.90645 31.7129 31.30645 30.94193 31.28387 31.55484 31.23226 30.65161 30.8 31.02581 31.57097 31.74516 31.53226 31.35806 31.58387 31.99355 31.45161 31.67097 31.50323 31.4871 31.8871 31.90322 31.91613 31.56774 31.26774 31.16129 31.17097 31.05161 31.03871 31.08064 30.44516 30.42258
