features/re_bio15.asc
ncols         768
nrows         589
xllcorner     124.299398925
yllcorner     32.893460211367
cellsize      0.010567299164062
NODATA_value  -9999
[rows 124 to 154 of 589, columns 213 to 283 of 768]
-9999 -9999 -9999 -9999 -9999 -9999 -9999 -9999 -9999 -9999 -9999 -9999 -9999 -9999 -9999 -9999 -9999 -9999 -9999 -9999 -9999 -9999 -9999 -9999 -9999 -9999 1.164608 1.167407 1.169896 1.174583 1.174917 1.176474 1.175535 1.175361 1.174946 1.173651 1.174583 1.17468 1.17298 1.173253 1.175898 1.179113 1.182263 1.182275 1.183291 1.184731 1.17911 1.181152 1.183354 1.184088 1.187931 1.189568 1.191526 1.20182 1.205652 1.204465 1.205217 1.209765 1.210425 1.205171 1.20528 1.199478 1.197201 1.20135 1.19624 1.188184 1.182668 1.185015 1.190107 1.183591 1.181151
-9999 -9999 -9999 -9999 -9999 -9999 -9999 -9999 -9999 -9999 -9999 -9999 -9999 -9999 -9999 -9999 -9999 -9999 -9999 -9999 -9999 -9999 -9999 -9999 -9999 -9999 1.169899 1.172656 1.17754 1.179849 1.182014 1.18246 1.185567 1.184401 1.181851 1.178984 1.177148 1.171158 1.168608 1.171132 1.176623 1.177952 1.183257 1.186357 1.186885 1.181582 1.180864 1.183406 1.184915 1.187372 1.188348 1.190089 1.199319 1.204196 1.206294 1.20658 1.205941 1.206266 1.207035 1.203867 1.20342 1.193662 1.195019 1.199138 1.192725 1.187327 1.18831 1.190327 1.181509 1.176334 1.173651
-9999 -9999 -9999 -9999 -9999 -9999 -9999 -9999 -9999 -9999 -9999 -9999 -9999 -9999 -9999 -9999 -9999 -9999 -9999 -9999 -9999 -9999 -9999 -9999 -9999 -9999 1.170295 1.174442 1.179454 1.184431 1.187218 1.187585 1.191375 1.187006 1.184872 1.180872 1.176491 1.172065 1.170099 1.172993 1.173616 1.175964 1.17923 1.184504 1.194775 1.189316 1.183774 1.186848 1.189305 1.191781 1.19298 1.194508 1.205664 1.208299 1.207859 1.21429 1.214682 1.213943 1.213214 1.206596 1.202759 1.196283 1.200984 1.203574 1.196349 1.193308 1.195822 1.190581 1.180608 1.175597 1.178107
-9999 -9999 -9999 -9999 -9999 -9999 -9999 -9999 -9999 -9999 -9999 -9999 -9999 -9999 -9999 -9999 -9999 -9999 -9999 -9999 -9999 -9999 -9999 -9999 1.165093 1.169959 1.172604 1.176775 1.182221 1.191218 1.193743 1.192773 1.195082 1.193814 1.187132 1.183504 1.178853 1.175012 1.173326 1.172874 1.173324 1.173178 1.176566 1.181626 1.193109 1.198951 1.195976 1.194749 1.19528 1.194596 1.195003 1.195709 1.204566 1.207008 1.212597 1.217153 1.217197 1.217308 1.221703 1.214759 1.206248 1.205791 1.207911 1.206041 1.204917 1.202276 1.199726 1.191345 1.176918 1.176679 1.18776
-9999 -9999 -9999 -9999 -9999 -9999 -9999 -9999 -9999 -9999 -9999 -9999 -9999 -9999 -9999 -9999 -9999 -9999 -9999 -9999 -9999 -9999 -9999 -9999 1.178878 1.179651 1.183378 1.185474 1.189563 1.194678 1.197591 1.199178 1.202262 1.194559 1.190295 1.187081 1.179829 1.174226 1.175722 1.172742 1.168372 1.169465 1.171725 1.176872 1.187021 1.190686 1.196977 1.200181 1.200791 1.199698 1.202269 1.206297 1.207466 1.213651 1.220191 1.219634 1.223728 1.228271 1.235377 1.236161 1.230183 1.230503 1.221409 1.218073 1.218758 1.216464 1.206399 1.190903 1.187942 1.198379 1.198212
-9999 -9999 -9999 -9999 -9999 -9999 -9999 -9999 -9999 -9999 -9999 -9999 -9999 -9999 -9999 -9999 -9999 -9999 -9999 -9999 -9999 -9999 -9999 -9999 1.17789 1.176613 1.182039 1.18553 1.190223 1.195675 1.199897 1.202793 1.202146 1.196185 1.191957 1.190201 1.183195 1.178396 1.176232 1.174574 1.174662 1.173525 1.172917 1.1714 1.182526 1.186066 1.187832 1.195712 1.200507 1.204226 1.205532 1.209441 1.207881 1.219318 1.226445 1.226505 1.224651 1.228542 1.237191 1.248517 1.244434 1.237697 1.233333 1.224496 1.222006 1.219962 1.21384 1.196934 1.195303 1.205525 1.20751
-9999 -9999 -9999 -9999 -9999 -9999 -9999 -9999 -9999 -9999 -9999 -9999 -9999 -9999 -9999 -9999 -9999 -9999 -9999 -9999 -9999 -9999 1.179872 1.177158 1.179582 1.181146 1.186268 1.191409 1.196847 1.205151 1.20948 1.211968 1.212371 1.204512 1.206363 1.20076 1.186361 1.180658 1.181276 1.17982 1.17747 1.177057 1.176965 1.17357 1.177278 1.181455 1.184477 1.189053 1.19996 1.204247 1.207173 1.210453 1.213575 1.222132 1.227797 1.226028 1.222581 1.227748 1.238576 1.243758 1.242542 1.237741 1.23255 1.225752 1.221339 1.218742 1.212396 1.205834 1.204563 1.211541 1.221215
-9999 -9999 -9999 -9999 -9999 -9999 -9999 -9999 -9999 -9999 -9999 -9999 -9999 -9999 -9999 -9999 -9999 -9999 -9999 -9999 -9999 -9999 1.173532 1.173358 1.171166 1.181183 1.188172 1.193322 1.197791 1.203713 1.209695 1.215344 1.222575 1.214303 1.130465 1.119355 1.190684 1.187255 1.184457 1.183771 1.178408 1.179623 1.180431 1.178812 1.178844 1.178157 1.18431 1.189042 1.201254 1.205546 1.207776 1.209942 1.210795 1.213851 1.220773 1.221914 1.221423 1.227234 1.223869 1.232235 1.235691 1.234163 1.234704 1.226607 1.222456 1.223102 1.212892 1.202787 1.197746 1.205999 1.210531
-9999 -9999 -9999 -9999 -9999 -9999 -9999 -9999 -9999 -9999 -9999 -9999 -9999 -9999 -9999 -9999 -9999 -9999 -9999 1.187042 1.180177 1.176369 1.173058 1.171534 1.172699 1.179806 1.187544 1.192233 1.199084 1.205298 1.128487 1.132054 1.138697 1.13476 1.134627 1.12293 1.199098 1.193177 1.189051 1.186502 1.183805 1.182157 1.180029 1.18048 1.176354 1.178236 1.183202 1.19099 1.201114 1.212542 1.213459 1.216259 1.217553 1.220315 1.218688 1.224161 1.226449 1.228181 1.225526 1.229689 1.232223 1.227119 1.228116 1.223392 1.217513 1.21959 1.212564 1.212617 1.214417 1.220261 1.215529
-9999 -9999 -9999 -9999 -9999 -9999 -9999 -9999 -9999 -9999 -9999 -9999 -9999 -9999 -9999 -9999 -9999 -9999 -9999 1.188577 1.182784 1.178711 1.174813 1.176346 1.177484 1.18061 1.187848 1.192253 1.205708 1.213232 1.136157 1.139424 1.142161 1.141867 1.132869 1.128768 1.208461 1.201011 1.189524 1.187664 1.18548 1.18412 1.181261 1.179756 1.178412 1.180698 1.187756 1.19314 1.203791 1.21303 1.211063 1.211654 1.21384 1.221903 1.229298 1.225504 1.228061 1.223506 1.227865 1.227954 1.231351 1.227087 1.22684 1.224378 1.218946 1.215734 1.208533 1.220461 1.223395 1.212591 1.198523
-9999 -9999 -9999 -9999 -9999 -9999 -9999 -9999 -9999 -9999 -9999 -9999 -9999 -9999 -9999 -9999 -9999 -9999 -9999 1.193475 1.18766 1.181942 1.180883 1.179083 1.180305 1.181054 1.185825 1.198723 1.209954 1.216962 1.137897 1.137055 1.14229 1.142258 1.133068 1.130273 1.125715 1.123361 1.113536 1.104729 1.185649 1.185538 1.099513 1.098165 1.178229 1.180487 1.19207 1.197607 1.204208 1.213341 1.21106 1.213475 1.216295 1.219862 1.230301 1.233774 1.228582 1.224522 1.227736 1.229914 1.231707 1.22571 1.225459 1.221431 1.222385 1.219766 1.219658 1.222477 1.226405 1.217817 1.198315
-9999 -9999 -9999 -9999 -9999 -9999 -9999 -9999 -9999 -9999 -9999 -9999 -9999 -9999 -9999 -9999 -9999 -9999 -9999 1.205508 1.199909 1.192889 1.190624 1.191616 1.191109 1.1922 1.199113 1.20741 1.212781 1.214803 1.137518 1.137254 1.143741 1.144866 1.138606 1.127868 1.128718 1.126642 1.123108 1.109054 1.103185 1.103114 1.100222 1.099184 1.099703 1.104998 1.110469 1.199443 1.205356 1.20578 1.210732 1.212568 1.21635 1.221753 1.230788 1.233484 1.228926 1.228802 1.228605 1.227829 1.231629 1.224702 1.225286 1.225096 1.224838 1.224917 1.223638 1.225808 1.227362 1.222079 1.204239
-9999 -9999 -9999 -9999 -9999 -9999 -9999 -9999 -9999 -9999 -9999 -9999 -9999 -9999 -9999 -9999 -9999 -9999 -9999 1.210967 1.205676 1.201775 1.200064 1.201711 1.199494 1.198071 1.206131 1.211904 1.216863 1.218288 1.220504 1.140951 1.146876 1.147082 1.142944 1.135459 1.129579 1.126316 1.122201 1.11176 1.10654 1.104428 1.100245 1.100163 1.103804 1.108387 1.113684 1.20324 1.205257 1.208374 1.217037 1.216434 1.218591 1.221606 1.230803 1.232663 1.23418 1.234469 1.227855 1.228383 1.228544 1.222391 1.223855 1.225649 1.22509 1.227466 1.224553 1.225728 1.225102 1.219635 1.207417
-9999 -9999 -9999 -9999 -9999 -9999 -9999 -9999 -9999 -9999 -9999 -9999 -9999 -9999 -9999 -9999 -9999 1.224899 1.218243 1.212928 1.211102 1.20692 1.203339 1.201867 1.204524 1.204943 1.211126 1.216155 1.136767 1.139131 1.137987 1.144321 1.147799 1.145177 1.142478 1.136969 1.130627 1.125055 1.117462 1.11759 1.111519 1.108607 1.103129 1.103009 1.10966 1.109205 1.116534 1.204293 1.209636 1.211778 1.222997 1.224057 1.22193 1.22485 1.233492 1.234064 1.233082 1.233487 1.23386 1.235953 1.234569 1.217486 1.221891 1.225849 1.222532 1.221919 1.224565 1.225831 1.223981 1.221916 1.227511
-9999 -9999 -9999 -9999 -9999 -9999 -9999 -9999 -9999 -9999 -9999 -9999 -9999 -9999 -9999 -9999 -9999 1.227669 1.221996 1.220601 1.219487 1.215719 1.212059 1.204881 1.205111 1.211545 1.037874 1.041895 1.042839 1.046344 1.04729 1.056472 1.056749 1.053874 1.050727 1.046764 1.04291 1.137981 1.1228 1.121059 1.117768 1.109899 1.102324 1.102888 1.114864 1.116191 1.118326 1.208936 1.208569 1.207392 1.218131 1.21995 1.217988 1.219075 1.230675 1.232391 1.232255 1.232707 1.233529 1.236027 1.236562 1.227365 1.224699 1.227696 1.220289 1.219997 1.224973 1.226544 1.228568 1.224692 1.233791
-9999 1.193278 1.19203 1.197455 1.112441 1.117468 1.120426 1.218788 1.219711 1.219016 1.21807 1.223162 1.222138 1.224538 1.224691 1.222408 1.223515 1.225857 -9999 -9999 1.222692 1.218894 1.21406 1.20737 1.205675 1.204992 1.035769 1.040762 1.043311 1.050647 1.052471 1.150443 1.151663 1.147212 1.143452 1.046275 1.046278 1.041123 1.121277 1.122179 1.118775 1.105399 1.186535 1.106602 1.197511 1.199673 1.206207 1.206989 1.207906 1.207148 1.210219 1.22008 1.216857 1.215729 1.220234 1.226941 1.229371 1.228483 1.230452 1.236336 1.233777 1.234311 1.227891 1.222623 1.224805 1.228066 1.229346 1.228844 1.21902 1.220266 1.224044
-9999 -9999 1.109242 1.1132 1.116817 1.116901 1.123279 1.224094 1.216661 1.214344 1.210907 1.218162 1.219273 1.222498 1.222677 1.223002 1.223252 1.222585 1.224519 1.229525 -9999 -9999 1.216828 1.209675 1.209356 1.209291 1.040367 1.041989 1.047364 1.053476 1.054 1.151227 1.148277 1.14302 1.04338 1.039075 1.132064 1.125884 1.125694 1.123963 1.114544 1.111475 1.099095 1.097522 1.113346 1.114957 1.205439 1.205033 1.202612 1.206137 1.211296 1.217725 1.215632 1.217855 1.219986 1.222585 1.22676 1.224121 1.226448 1.228285 1.228659 1.23019 1.231267 1.234259 1.22782 1.228622 1.229816 1.226065 1.227134 1.217435 1.219712
-9999 -9999 1.01849 1.113971 1.116187 1.201438 1.206708 1.218985 1.212397 1.209908 1.208321 1.216576 1.220718 1.225203 1.226826 1.227108 1.227899 1.226218 1.223105 1.228188 1.227134 -9999 1.21965 1.21435 1.213026 1.211506 1.03865 1.040593 1.049021 1.055769 1.05562 1.14925 1.145932 1.140464 1.043322 1.034926 1.119015 1.122412 1.123841 1.119742 1.116384 1.113893 1.101034 1.09241 1.107383 1.108182 1.113559 1.116023 1.202215 1.206369 1.212534 1.215813 1.223712 1.225785 1.221087 1.219322 1.221716 1.226809 1.226744 1.226898 1.229375 1.231472 1.231657 1.233179 1.230949 1.226293 1.228088 1.225464 1.224448 1.224743 1.218329
-9999 -9999 1.020227 1.025958 1.11813 1.130227 1.130872 1.214478 1.207887 1.204894 1.198364 1.209889 1.208474 1.222558 1.224661 1.225461 1.227075 1.227259 1.224285 1.227697 1.227965 1.225126 -9999 -9999 1.216876 1.214614 1.039344 1.042045 1.047588 1.049211 1.047981 1.048358 1.044357 1.044347 1.04392 1.037982 1.206761 1.116482 1.027728 1.025755 1.028282 1.026665 1.10639 1.094363 1.10473 1.112401 1.11603 1.122589 1.20381 1.207081 1.214996 1.218313 1.219385 1.215275 1.221316 1.22001 1.220673 1.222338 1.224739 1.226987 1.230734 1.233037 1.233811 1.235421 1.234932 1.234174 1.231607 1.225991 1.227662 1.227354 1.228834
-9999 -9999 -9999 -9999 1.035224 1.13882 1.141136 1.227208 1.222295 1.222077 1.212455 1.20969 1.212218 1.221224 1.21961 1.223653 1.226501 1.227981 1.229245 1.229888 1.229971 1.22667 1.22549 1.223706 -9999 -9999 1.038516 1.042679 1.044704 1.046817 1.044189 1.0446 1.04079 1.038397 1.03062 1.206897 1.203064 1.200885 1.033508 1.039604 1.038069 1.031404 1.108951 1.181299 1.106399 1.110601 1.111761 1.122953 1.121099 1.207471 1.208926 1.2099 1.208527 1.210556 1.217343 1.132749 1.139239 1.226514 1.224335 1.224526 1.232639 1.238005 1.237369 1.241123 1.242103 1.240725 1.243243 1.232059 1.235009 1.233613 1.227123
-9999 -9999 -9999 -9999 1.042583 -9999 -9999 1.229455 -9999 1.222955 1.224184 1.225238 1.228662 1.228428 1.226869 1.218156 1.2224 1.224073 1.228122 1.225998 1.226542 1.222289 1.222131 1.220239 1.130523 1.128657 -9999 -9999 -9999 1.046757 1.045351 1.045258 1.039931 1.029405 1.199079 1.202727 1.20499 1.203794 1.034571 1.039159 1.039074 1.033612 1.108463 1.179233 1.10371 1.110222 1.112389 1.114809 1.117747 1.121945 1.20408 1.205947 1.205411 1.206078 1.205897 1.133173 1.138095 1.231148 1.225846 1.223119 1.229619 -9999 1.242264 1.24438 1.244591 1.245341 1.248985 1.244971 1.235635 1.226179 1.221494
-9999 -9999 -9999 -9999 -9999 -9999 -9999 -9999 -9999 -9999 -9999 1.222248 1.227239 1.22713 1.223181 1.21454 1.221047 1.225886 1.228724 1.226436 1.223728 1.224274 1.222333 1.137665 1.135438 1.13023 1.122068 1.121332 1.036902 -9999 1.041707 1.04071 1.034588 1.028775 1.200463 1.20353 1.203438 1.200182 1.198034 1.117838 1.116747 1.115158 1.189319 1.183344 1.109935 1.113172 1.118148 1.116768 1.117301 1.11369 1.191515 1.194538 1.196593 1.194213 1.199457 1.208134 1.227548 1.234262 -9999 1.228373 1.233771 1.239441 1.246627 1.251583 1.25377 1.255316 1.253792 1.23898 1.225716 1.224973 1.223735
-9999 -9999 -9999 -9999 -9999 -9999 -9999 -9999 -9999 -9999 1.222427 1.225952 1.230515 1.232945 1.227675 1.2181 1.219557 1.223126 1.223342 1.227784 1.226992 1.229539 1.14318 1.142925 1.137894 1.137436 1.133566 1.132055 1.133285 -9999 1.125843 1.130423 1.219958 1.21703 1.214308 1.209723 1.208208 1.204606 1.198599 1.19171 1.190421 1.188442 1.194567 1.194752 1.118788 1.119725 1.124177 1.122871 1.119005 1.12133 1.116843 1.190289 1.187273 1.181131 -9999 1.20854 1.221767 1.222549 1.233282 1.231278 1.235875 1.242007 1.24695 1.249472 1.251013 1.250239 1.245796 1.234327 1.230895 1.227484 1.221279
-9999 -9999 -9999 -9999 -9999 -9999 -9999 -9999 1.227458 1.222091 1.221687 1.227513 1.226161 1.225995 1.22542 1.214978 1.216981 1.22822 1.220008 1.232206 1.233763 1.234551 1.232843 1.143338 1.140317 1.137804 1.136662 1.133636 1.133166 1.127576 1.127494 -9999 1.135174 1.129127 1.129345 1.122767 1.20872 1.20663 1.201871 1.199012 1.198462 1.127161 1.129757 1.133578 1.125798 1.125709 1.131677 1.128407 1.125569 1.122438 1.126098 1.123055 1.120075 1.1104 1.197739 1.20682 1.212363 1.211108 1.215521 1.226077 1.23087 1.244534 1.246353 1.165496 1.167899 1.250385 1.244658 1.235115 1.228303 1.23166 1.230643
-9999 -9999 -9999 -9999 -9999 -9999 -9999 -9999 1.229257 1.225634 1.227155 1.231996 1.223019 1.222938 1.211409 1.205906 1.197763 1.209508 1.217653 1.227906 1.229601 1.234343 1.148973 1.144426 1.140717 1.140772 1.135193 1.131876 1.130911 1.13089 1.131142 1.135204 1.135567 -9999 1.130553 1.13116 1.127503 1.124702 1.12449 1.125744 1.125877 1.130558 1.130437 1.130361 1.129515 1.138787 1.143442 1.14576 1.141354 1.136325 1.130096 1.129411 1.129074 -9999 1.131086 1.120409 1.20915 1.205471 1.210849 1.214376 1.219154 1.241975 1.244259 1.164395 1.16695 -9999 1.251566 1.246985 1.231492 1.225138 1.228305
-9999 -9999 -9999 -9999 -9999 -9999 -9999 -9999 1.2269 -9999 -9999 1.221994 1.20773 1.20658 1.204834 1.206653 1.211031 1.216572 1.217873 1.217477 1.218804 1.155587 1.156999 1.1503 1.147541 1.146393 1.141854 1.142479 1.138132 1.132028 1.134255 1.141411 1.145443 1.131393 1.132646 1.131355 1.127635 1.124033 1.12248 1.12764 1.127097 1.12678 1.127541 1.130753 -9999 1.14501 -9999 -9999 1.143987 1.136474 1.126911 1.126568 1.128686 1.136103 1.13608 1.13311 1.125382 1.208278 1.211781 1.210998 1.220396 1.229503 1.23383 1.248828 1.164646 1.166231 1.166656 1.167151 1.23922 1.227373 1.229444
-9999 -9999 -9999 -9999 -9999 -9999 -9999 -9999 -9999 -9999 -9999 1.200202 1.202127 1.197211 1.194934 1.202443 1.213323 1.219847 1.2134 1.217285 1.224016 1.226017 1.224724 1.146406 1.148762 1.147159 1.137881 1.136216 1.145154 1.137051 1.133776 1.138872 1.143447 1.134482 1.131344 1.128938 1.130921 1.133915 1.127738 1.126983 1.12303 1.121272 1.119944 -9999 1.131473 1.14062 1.14109 1.144013 1.142135 1.135613 1.133779 1.130841 1.131746 1.137187 1.134904 1.135707 1.128228 1.214429 1.210164 1.212301 1.219376 1.22783 1.234254 1.236945 1.152132 1.160848 1.157674 1.155486 -9999 -9999 1.157561
-9999 -9999 -9999 -9999 -9999 -9999 -9999 -9999 -9999 -9999 1.207585 1.197489 1.198704 1.195862 1.193873 1.198042 1.214207 1.214832 1.210728 1.21655 1.221131 1.219365 1.218443 1.128413 1.126859 1.142547 1.132022 1.135344 1.145229 1.142491 1.139346 1.136065 1.135072 1.141032 1.133962 1.127381 1.13114 1.135122 -9999 1.12871 1.121319 1.117413 -9999 1.111583 1.124776 1.126649 1.125848 1.125843 1.124998 1.13293 1.135869 1.134804 1.134812 1.136735 1.139048 1.129012 1.132824 1.132999 1.222062 1.218377 1.218758 1.222452 1.226453 1.233357 1.235308 1.242765 1.230099 1.223813 1.151901 1.155682 -9999
1.109958 -9999 -9999 -9999 -9999 -9999 -9999 -9999 -9999 1.199069 1.19296 1.194377 1.195963 1.191414 1.194001 1.200102 1.205369 1.219366 1.133912 1.129205 1.134928 1.218426 1.129132 1.127292 1.123463 1.123881 1.116216 1.137691 1.14085 1.141348 1.139618 1.139314 1.13811 1.140751 1.135416 1.132911 1.134871 1.135505 1.133393 1.133866 1.124411 1.126758 1.119618 1.119125 1.123999 1.12756 1.122034 1.117685 1.12158 1.123093 1.129664 1.128285 1.131826 1.136097 1.135396 1.129849 1.132985 1.135625 1.139379 1.132417 1.218246 1.217593 1.220773 1.22108 1.227581 1.23976 1.224798 1.217941 1.224004 1.140435 1.151295
1.105605 -9999 -9999 -9999 -9999 -9999 -9999 -9999 -9999 -9999 -9999 1.190911 1.191805 1.192599 1.199099 1.204181 1.207225 1.136936 1.136412 1.136309 1.124666 1.128952 1.125865 1.125858 1.118964 1.117822 1.120559 1.133376 1.139083 1.138895 1.14721 1.147344 1.14609 1.145571 1.144814 1.147858 1.149936 1.140237 1.134495 1.130653 1.125896 1.127789 1.125077 1.126652 1.130329 1.127444 1.123259 1.121844 1.121982 1.125026 1.131372 1.12984 1.131788 1.136245 1.135813 1.132918 1.133888 1.132945 1.134452 1.130975 1.12951 1.133216 1.133068 1.129892 1.136463 1.140066 1.129405 1.120258 1.133768 1.135005 1.148922
-9999 -9999 -9999 -9999 -9999 -9999 -9999 -9999 -9999 -9999 -9999 1.187734 1.189092 1.191291 1.197953 1.203367 1.207188 1.134149 1.131584 1.128262 1.124104 1.126502 1.124146 1.119874 1.114873 1.107316 1.124414 1.121194 1.138974 1.13456 1.14383 1.154088 1.149152 1.144364 1.148442 1.155125 1.155965 1.147458 1.143872 1.127871 1.123884 1.123839 1.126453 1.129873 1.128417 1.127821 1.123191 1.125596 1.125253 1.128325 1.130452 1.127818 1.130272 1.13464 1.132074 1.132245 1.133488 1.135476 1.138713 1.13649 1.127285 1.217279 1.21137 1.126537 1.126637 1.130641 1.128892 1.124138 1.126879 1.135795 1.146933
