features/re_bio5.asc
ncols         768
nrows         589
xllcorner     124.299398925
yllcorner     32.893460211367
cellsize      0.010567299164062
NODATA_value  -9999
[rows 352 to 383 of 589, columns 360 to 431 of 768]
36.90322 36.66452 36.87742 36.83226 36.58387 36.42581 36.14194 35.70322 35.26451 34.27742 34.26774 34.44839 35.00968 34.79678 35.01291 35.53226 35.68064 35.66129 35.97742 36.41613 35.92581 36.34193 36.72581 36.83871 36.8129 36.7129 36.72581 36.39677 36.25484 36.56452 36.79032 36.81936 36.8 36.78387 36.8 36.94516 -9999 37.00323 36.91935 36.83226 36.72903 36.64839 36.57097 36.45484 36.3871 36.70968 -9999 36.4129 36.35484 36.19032 35.70322 35.40645 35.95807 35.85806 35.66774 35.7129 35.77742 35.72903 35.63548 35.53548 35.46452 35.19032 35.37742 35.43226 35.40645 35.42258 35.43548 35.4 35.27097 35.09355 34.73226 -9999
36.90645 36.72581 36.6871 36.53871 36.36452 36.30323 36.00645 35.60968 35.34839 34.7871 34.17419 34.97419 35.77742 36.00323 35.17742 34.74839 35.1 35.48387 35.63226 35.71936 36.32581 36.55484 36.76451 36.85484 36.75806 36.61613 36.52903 36.85161 36.63226 36.63226 36.84839 36.97419 37.02258 37.01936 -9999 37.02258 37.00968 36.96129 36.82581 36.7871 36.74839 36.75806 -9999 -9999 -9999 -9999 36.79678 36.59678 36.42903 36.23226 35.94516 35.76774 -9999 -9999 -9999 35.65161 -9999 35.65161 35.52903 35.47419 35.43548 35.23226 35.1 35.32903 35.2871 35.26129 35.36452 -9999 35.35161 -9999 34.80968 34.9129
36.62258 36.7871 36.3871 36.29355 36.26451 36.27419 35.80968 35.40645 35.31936 34.78387 33.88065 34.25806 35.10968 35.88387 35.6871 35.51291 35.67742 36.03871 36.60968 36.35484 36.34839 36.73871 36.94839 36.7871 36.39355 36.24194 36.62258 36.35161 36.83226 36.9 36.76451 36.86774 36.77419 36.53548 36.50645 36.67742 36.98064 36.95161 36.72581 36.74194 36.78064 36.80968 36.76129 36.69677 36.85484 36.76451 36.69355 36.57419 36.49032 36.36452 36.16774 35.97742 35.89355 35.82581 35.73871 35.67419 35.65484 35.5 -9999 35.40968 35.35484 35.39032 35.36452 35.36774 35.17419 35.03226 -9999 35.34839 35.2129 35.2 35.02903 35.17419
36.91613 36.8129 36.66774 36.32258 35.96452 35.6 35.41935 35.35161 35.45484 35.50323 34.82903 34.58065 35.00323 35.44516 36.02581 36.22258 36.27419 36.39355 36.43548 36.44839 36.69032 36.78064 36.87097 36.8742 36.67419 36.50323 36.54839 36.59032 36.47097 36.5871 -9999 36.85806 36.90645 36.89355 36.82581 36.74194 36.74839 36.86129 36.78387 36.71613 36.59678 36.62258 36.69032 36.55806 36.65807 36.5 36.30968 36.27097 36.39355 36.20968 36.02903 35.97097 35.78064 35.77419 35.67742 35.62258 35.59032 35.49355 35.41613 -9999 35.32581 35.27742 35.30968 35.34193 35.1871 35.14194 35.24194 35.28064 35.13871 35.06129 35.18387 35.22581
36.78387 36.50968 36.27419 35.94194 36.23871 36.17097 36.23226 36.10645 35.9129 36.07742 35.9129 35.42258 35.64194 35.47742 36.14194 36.32258 36.42258 36.55484 36.39677 36.72581 36.66129 36.75806 36.82903 36.84516 36.73549 36.55806 36.55806 36.66774 36.75161 36.8 36.76129 36.74194 36.83548 36.87097 36.71613 36.55161 36.65807 36.66774 36.71936 36.6258 36.52903 36.52581 36.45807 36.14516 36.01291 35.90968 36.12903 36.14194 36.00323 35.87742 35.81936 35.8 35.69355 35.51936 35.59355 35.54839 35.50323 35.44839 35.35484 35.32258 35.35806 35.29678 35.07742 35.19355 -9999 35.27742 35.36452 35.36452 35.25484 35.09355 34.97419 35.25806
36.5 36.27097 36.39355 36.23226 36.25484 35.94194 35.57419 35.79678 36.31613 36.60645 36.68387 36.45807 36.10323 35.94194 36.44516 36.41613 36.28387 36.41935 36.61935 36.58387 36.66129 36.76129 36.68064 36.7129 36.68387 36.63226 36.63548 36.64194 36.65161 36.73549 36.75806 36.72903 36.64194 36.57419 36.56452 36.55484 36.57742 36.51291 36.40968 36.42581 36.45484 36.3871 36.14839 35.8871 35.77419 35.55484 35.82903 35.75806 35.82258 35.84839 35.77742 35.50323 35.26129 35.35484 35.3742 35.50645 35.49677 35.42258 35.27419 35.22581 35.27742 35.20322 35.01936 35.00645 35.22258 35.18064 35.07097 35.23226 35.42903 35.44839 35.3742 35.24516
36.3 36.28387 35.98387 36.4 36.05161 35.94194 36.16129 35.85484 35.6129 36.03871 36.55806 36.59678 36.55484 36.57419 36.45807 36.47097 36.36129 36.41935 36.61935 36.62258 36.67742 36.7 36.74839 36.76129 36.56774 36.49032 36.6258 36.6871 36.64839 36.68064 36.64516 36.48064 36.48387 36.34839 36.27097 36.36452 36.39677 36.13871 36.42258 36.40645 36.13871 36.10645 36.03226 35.72258 35.38065 34.99677 35.73226 35.90968 36.00645 35.79678 35.51291 35.28064 35.13548 35.13871 35.23226 35.38387 35.38387 35.30968 35.22258 35.13548 35.13871 35.16452 34.94839 34.84193 34.90322 35.03226 35.10323 35.15807 35.27419 35.36774 35.36129 35.41613
36.23871 36.4 36.31936 36.24839 36.52258 36.53548 36.50968 36.38065 36.38387 36.31613 36.05161 35.85161 35.21936 35.20968 35.98064 36.54516 36.64839 36.63226 36.65484 36.63226 36.6871 36.69355 36.73226 36.68387 36.57742 36.53871 36.60968 36.67742 36.64839 36.60645 36.5 36.29355 36.12258 36.06129 36.1 36.14194 36.06129 35.94839 36.1871 36.23549 36.20322 36.01613 35.83871 35.68387 35.51291 35.50645 35.71613 35.35806 35.60323 35.59678 35.51291 35.40968 35.22903 35.13548 35.31936 35.27097 35.33548 35.33226 35.29678 35.14194 34.99355 34.97742 35.00645 34.88065 34.8129 34.91935 34.85484 34.87742 35.10645 35.30645 35.36129 35.35161
36.2129 36.41935 36.47097 36.33871 36.52581 36.35484 36.46452 36.07742 36.10968 36.17742 35.8 35.9 35.36452 35.93548 36.17742 36.35484 35.80968 35.87097 36.38065 36.5 36.60323 36.61935 36.69355 36.63871 36.65807 36.62258 36.58065 36.60323 36.55806 36.51936 36.48709 36.34516 36.08387 36.13548 36.20968 35.91613 35.64194 35.90322 36.17097 36.15807 36.00968 35.89677 35.71936 35.30645 34.94839 34.96129 35.01613 35.10323 35.45807 35.59032 35.45161 35.32258 35.3 35.3 35.32258 35.32258 35.29678 35.24516 35.06452 35.02581 34.99355 34.89032 34.82581 34.90322 35.02903 34.84193 34.7129 34.74516 34.82903 35.01936 35.15807 34.97097
36.29355 36.48064 36.55484 36.51291 36.50968 36.50323 36.39677 36.11935 36.33871 36.53548 36.14839 35.75161 35.96452 34.75484 35.83226 36.04516 35.90322 36.13548 36.5 36.60323 36.45484 36.50645 36.62903 36.64839 36.61935 36.40645 36.30323 36.44516 36.51291 36.48387 36.48387 36.45161 36.29678 36.07097 35.85806 35.56452 35.45484 35.77742 36.13871 36.01936 35.8871 35.69032 35.50968 35.00645 34.24194 33.95807 34.35161 34.8742 34.98387 34.75161 34.84839 34.91935 35.1129 35.36774 35.36129 35.36774 35.25806 35.11613 34.56774 34.20645 34.43871 34.55161 34.30323 34.81936 34.90645 34.60645 34.44839 34.59032 34.61935 34.67742 34.67097 34.48387
36.43226 36.51613 36.40322 36.39032 36.5 36.19355 36.32258 36.33548 36.35161 36.35484 36.39032 36.55484 36.3 35.70645 35.76129 36.20968 35.99355 35.90322 36.17419 36.48064 36.59678 36.53871 36.55161 36.58387 36.58065 36.32258 35.99355 36.05161 36.46452 36.47097 36.45807 36.45161 36.34839 35.96774 35.70645 35.52903 35.52903 35.74516 36.07419 36.02903 35.59355 35.22581 34.97419 34.80323 34.69677 34.46129 34.07097 34.60323 34.73226 34.61935 34.7129 34.46452 34.2 34.15807 34.35161 35.1129 35.25484 35.0871 34.80323 34.54839 34.31613 34.21613 34.27097 34.54839 34.83226 34.29355 34.3871 34.25161 33.95161 33.92903 34 33.82258
36.26451 36.32903 36.29355 36.45484 36.48064 36.16452 36.37097 36.32258 36.22258 36.13548 36.25806 36.54193 36.4 36.26774 36.13226 36.18387 36.23549 36.20645 36.29032 36.43548 36.43871 36.27419 36.39355 36.51291 36.47097 36.36774 36.32903 36.34839 36.42258 36.45807 36.40968 36.37742 36.33548 35.81613 35.74839 35.81613 35.71613 35.5 35.55806 35.36774 35.30323 35.1258 34.72581 34.4 34.18387 34.02581 33.98387 33.76451 33.90968 34.1871 34.34193 34.17742 34.05806 34.16452 34.36452 34.57742 34.91935 35.10968 34.96452 34.68064 34.17097 33.6258 33.60323 34.24194 34.44194 34.10323 33.25161 33.64194 33.1129 33.25806 33.82581 33.85161
36.34839 36.29032 36.4129 36.5 36.48387 36.32258 36.36452 36.3129 36.40322 36.31613 36.17419 36.32581 36.60645 36.39677 36.50968 36.42903 36.38387 36.40645 36.38065 36.24194 36.43226 36.36129 36.36774 36.39355 36.38387 36.16452 36.17097 36.3 36.32581 36.34839 36.35484 36.34193 35.79355 36.01936 35.85484 35.66452 35.65807 35.61935 35.02903 34.88065 35.05161 35.07419 34.65484 34.44516 34.19355 33.83226 33.73871 33.58387 33.54516 34.07742 34.07097 34.19677 34.34839 34.37742 34.39032 34.07097 33.42581 34.26774 34.70322 34.24194 33.66452 33.86452 34.41935 34.39355 34.23549 34.06774 32.86452 32.50323 32.47742 32.66774 32.91935 33.06774
36.32258 36.22581 36.34516 36.4129 36.50323 36.44839 36.3742 36.43548 36.49032 36.30968 36.00645 36.01613 36.3871 36.57097 36.51291 36.47419 36.36774 36.37742 36.16129 35.72581 36.13871 36.30968 36.20645 36.27742 36.34516 36.29032 36.2 36.25161 36.32258 36.2129 36.27419 36.22258 36.04839 35.90968 36.03548 35.74194 35.38065 34.8871 34.30968 34.86129 34.91935 34.86129 34.6129 34.34193 34.00968 33.81613 33.85484 33.80645 -9999 34.24839 34.27419 34.22903 34.20645 34.1871 34.1258 33.54516 32.71613 33.14839 34.04839 33.62903 33.89032 34.22581 34.33871 34.39032 34.09032 33.7871 32.46774 32.54516 33.1 33.40322 33.4129 33.48387
36.31613 36.19677 36.29678 36.40968 36.40968 36.49677 36.49677 36.40968 36.40645 36.3 36.01613 35.96452 36.3129 36.33871 36.41935 36.20322 36.23226 36.33871 36.19032 35.50323 35.86129 36.14194 36.09678 36.12903 36.22258 36.24194 36.16774 36.19677 36.17419 36 36.16452 36.07742 36.2129 35.98064 35.70645 35.69677 35.21613 34.59032 34.77419 34.90645 34.77742 34.32581 34.43871 34.29678 33.95161 33.91935 34.13548 34.03548 -9999 -9999 34.27419 34.21613 34.14516 34.09355 34.10645 33.80323 33.64516 33.05161 32.87097 32.66774 33.48064 34.06452 34.16452 34.07742 33.8742 33.61613 32.27742 32.15161 32.43548 32.64516 33.17742 33.57097
36.32581 36.41935 36.24194 36.25806 36.3 36.3 36.22903 36.34193 36.23549 36.3 36.21613 36.0871 36.20645 36.32258 36.42581 36.29678 36.25161 36.30645 36.05161 35.42258 35.55484 35.97419 36.20968 35.98064 35.8 36.07097 36.07742 36.06129 35.98709 35.85806 36.00323 36.11613 36.11935 35.75161 35.30968 35.43871 35.00968 34.58065 34.40322 34.75484 34.07742 34.26129 34.41613 34.39355 34.18387 34.1 34.21613 34.10645 33.69355 33.85806 -9999 -9999 34.02258 33.95161 33.94516 33.8742 33.59355 33.27097 32.56774 31.75484 32.59678 33.55806 33.97097 33.92903 33.6871 33.31936 32.15161 32.09678 33.12258 33.10968 33.1871 33.41935
36.03871 36.18064 36.34193 36.24194 36.17419 36.28387 36.04516 36.1871 36.19677 36.29678 36.1871 36.07097 36.15484 36.28387 36.35806 36.32903 36.22581 36.25484 36.06774 35.78387 35.28387 35.7871 36.1 36.03226 35.66452 35.69032 35.77419 35.65807 35.54516 35.6258 35.88387 35.91935 35.97097 35.82258 34.98064 34.45484 34.14839 34.17742 34.63871 34.56452 34.16129 33.24516 33.49677 33.62903 33.83548 34.03548 34.13548 34.06774 -9999 33.28387 -9999 33.89355 33.85161 33.83871 33.8129 33.52903 33.2871 32.99355 32.34193 31.14516 31.84516 32.42581 33.06774 33.55806 33.46452 33.05161 32.54193 32.90968 33.11613 33.17419 33.20968 33.33226
36.14516 36.22258 36.12258 36.20322 36.20322 36.19677 36.14839 35.91613 36.02581 36.03871 36 36.07742 36.22258 36.29678 36.15807 36.22258 36.1 36.05484 35.93871 35.88387 35.70645 35.77097 35.87742 35.86452 35.39032 35.41935 35.44194 34.98064 34.81613 35.09032 35.24194 35.49032 35.65484 35.74516 35.17097 34.65161 34.03871 33.86774 34.02581 34.01613 33.60968 32.95484 32.66774 33.29678 33.7871 -9999 33.93871 -9999 -9999 -9999 33.30323 33.66774 33.70645 33.48064 33.45484 33.35484 33.23226 32.99677 32.6871 31.1 31.67419 31.38387 31.66774 32.32581 32.56774 32.67742 33.15161 33.39677 33.18387 33.20645 33.16129 33.24194
36.04193 36.07742 36.11613 36.10323 36.09355 36.07419 36.09032 35.96774 35.67419 35.53548 35.63548 35.83226 35.99355 36.07419 36.05161 35.80968 36.11613 36.03548 36.06774 36 35.92258 35.84193 35.61613 35.3129 35.02258 35.16129 35.30968 34.69355 34.28387 34.2871 34.46129 35.15161 35.57097 35.48709 35.3742 35.01936 34.55484 33.7 33.54839 34.12258 33.99032 32.72581 32.3742 32.98387 33.50968 -9999 -9999 -9999 -9999 -9999 33.05806 33.53226 33.46452 33.31613 33.40968 33.3 33.13871 32.90645 32.6871 31.54516 30.58064 30.22903 30.15161 30.48387 31.07742 31.70968 32.31613 33.05484 33.01613 33.24839 33.03226 32.90968
35.97419 35.92903 36.02903 36.05161 36.03871 35.99355 36.01613 35.94839 35.81936 35.63548 35.56774 35.5871 35.72581 35.91935 36.13226 36.00968 36.05484 36.10645 36.12903 36.07419 35.90968 35.78387 35.64839 35.67742 35.48064 35.16129 34.96129 34.84839 34.54839 33.98709 33.90968 34.77742 35.32903 34.6871 35.03226 34.87097 34.38065 33.61613 33.57742 33.93548 33.83226 33.38065 32.65484 33.03871 -9999 -9999 -9999 -9999 33.4129 33.04193 31.7871 33.04839 31.90645 31.86129 32.69677 33.1 33.06452 32.90322 32.62903 31.76774 30.35806 30.18387 29.7129 30.05161 30.7 31.06774 31.92903 32.68387 32.72258 32.83226 32.81936 32.76129
35.96129 35.96129 35.97097 36.01613 36.01936 36.07097 35.94839 35.93226 35.77742 35.40968 35.36774 35.55806 35.73549 35.80323 35.82903 35.90968 36.09678 35.91935 35.80645 35.81936 35.82581 35.83871 35.78387 35.73871 35.63548 35.47742 35.04516 35.23549 34.70968 33.97419 33.78064 34.18387 34.64516 34.03548 34.12258 34.50968 34.10645 33.36129 33.51613 33.29032 33.19032 33.5871 -9999 -9999 -9999 -9999 -9999 -9999 33.18064 32.85806 32.6129 32.36129 31.70968 31.39677 31.33871 32.08065 32.54516 32.84516 32.60323 32.25806 31.78065 30.95161 30.44193 30.86452 31.45807 31.66452 32.05161 32.46129 32.22903 32.75161 32.86452 32.8129
35.80323 35.88065 35.92903 35.92903 35.87742 35.96452 35.94194 35.85161 35.71936 35.67419 35.63871 35.6258 35.67419 35.71936 35.66129 35.63548 35.84839 35.83226 35.80645 35.7 35.63548 35.69355 35.80323 35.49677 35.44516 35.4129 35.14516 35.12258 34.91613 34.46774 34.01936 33.92903 34.29355 34.34516 33.74839 34.49677 34.53871 33.77097 33.21936 32.93871 33.10645 33.20968 33.46129 -9999 -9999 -9999 -9999 -9999 33.02903 32.65807 31.94839 31.65484 31.53226 30.59355 29.82581 30.8129 31.64839 32.03548 31.82903 31.70968 31.42903 30.67742 30.68387 30.99032 31.3129 31.79032 32.36129 32.49032 32.45807 32.80968 32.81613 32.60968
35.66774 35.68064 35.86129 35.83548 35.7871 35.82903 35.87742 35.81613 35.68387 35.48709 35.48709 35.45484 35.50968 35.6258 35.61613 35.55484 35.61613 35.80323 35.81936 35.74839 35.76774 35.80645 35.76774 35.63871 35.48064 35.10645 35.32581 34.87742 34.62258 34.79032 34.64839 34.13548 34.06774 34.45161 33.64516 34.24839 34.60323 34.44194 33.74839 33.39032 33.5 33.44194 33.23871 33.1871 -9999 -9999 -9999 -9999 -9999 32.48709 32.30323 30.96774 31.80968 31.3 31.22258 30.25484 30.52258 30.89355 30.90322 31.39677 30.78065 30.20968 30.1129 30.31936 30.60323 31.09355 31.55807 31.73871 32.54193 32.69355 32.76774 32.03226
35.64194 35.71613 35.58387 35.5 35.51291 35.63226 35.73549 35.76451 35.59032 35.22581 35.35161 35.51936 35.50645 35.43871 35.40968 35.42258 35.55806 35.52258 35.50645 35.46452 35.42258 35.46774 35.54839 35.50645 35.18064 34.90968 35.12258 35.27097 35.19677 34.99355 34.59678 34.28064 34.38065 34.60645 34.69677 34.50645 34.42903 34.60323 34.24839 34.01291 33.90322 33.66452 33.44194 33.56129 33.05484 32.43226 -9999 -9999 -9999 -9999 -9999 -9999 -9999 -9999 -9999 -9999 -9999 32.67419 32.50323 32.06774 31.3 30.19355 30.51936 30.75806 31.11935 31.27742 31.11613 31.24839 31.96774 32.06452 32.6 32.54193
35.3129 35.59678 35.55161 35.53226 35.55161 35.45484 35.48387 35.75806 35.59032 35.54516 35.51613 35.52581 35.52581 35.47742 35.40968 35.38387 35.45161 35.47742 35.47097 35.39032 35.15161 35.10323 35.20645 35.20322 35.1129 34.89032 35.02581 35.14839 35.06452 34.75161 34.32258 34.26129 34.51936 34.53226 34.44839 34.66452 34.42581 34.54839 34.24839 33.99355 33.64516 33.4 33.26129 -9999 -9999 -9999 -9999 -9999 -9999 -9999 -9999 -9999 -9999 -9999 -9999 -9999 -9999 -9999 32.39355 31.79032 30.69032 30.23548 30.2871 31.08387 31.90322 32.09678 31.70323 31.14839 31.03871 32.27742 31.87742 31.91936
35.54193 35.66129 35.44516 35.53871 35.57097 35.32258 35.15484 35.52903 35.68064 35.56452 35.58065 35.60323 35.5871 35.54193 35.43871 35.34193 35.40322 35.44194 35.40968 35.35161 35.03871 35.02258 35.07097 35.05161 34.85484 34.9 34.93226 35.17419 35.07419 34.89677 34.55161 34.39032 34.55161 34.56129 34.53548 34.20968 34.54193 34.53226 33.96774 33.63226 33.53871 33.79678 33.52903 32.82258 -9999 -9999 -9999 -9999 -9999 -9999 -9999 -9999 -9999 -9999 -9999 -9999 -9999 -9999 32.29355 31.57419 30.7129 31.57097 31.12581 31.74516 32.32581 32.6129 32.29032 32.01613 32.31936 31.55484 30.5129 31.14516
35.65807 35.67419 35.30968 35.45161 35.56452 35.45807 35.35484 35.25161 35.31613 35.56774 35.49355 35.46452 35.49032 35.45807 35.43871 35.46452 35.4 35.4 35.25806 35.23549 35.14194 35.18064 35.16129 35.01936 34.82581 34.86452 34.85484 34.94516 34.94194 34.68387 34.63548 34.60968 34.53226 34.56774 34.43548 34.37742 34.3871 34.43226 34.17097 -9999 -9999 -9999 -9999 33.08387 -9999 -9999 -9999 -9999 -9999 -9999 -9999 -9999 -9999 -9999 -9999 -9999 -9999 -9999 32.3 31.95161 31.70323 32.37742 32.35484 31.8129 31.95807 -9999 -9999 32.57742 32.24516 31.63226 31.80323 32.34839
35.74194 35.70645 35.59678 35.50645 35.34516 35.15161 35.06452 35.21936 35.20968 35.10645 35.44839 35.49677 35.45161 35.44194 35.43871 35.38387 35.28064 35.31613 35.19032 35.19677 35.02258 35.09355 35.13871 35.05806 34.97097 34.93871 34.83548 34.60968 34.6129 34.66129 34.6129 34.48709 34.42903 -9999 -9999 -9999 -9999 -9999 -9999 -9999 -9999 -9999 -9999 33.2129 32.47419 -9999 -9999 -9999 -9999 -9999 -9999 -9999 -9999 -9999 -9999 -9999 -9999 -9999 -9999 32.42903 32.21613 32.59678 32.56129 32.36129 -9999 -9999 -9999 32.3742 32.24839 31.97097 31.97419 32.7129
35.74516 35.60323 35.40968 35.36452 35.30323 35.21936 35.02903 34.79678 34.95807 35.05161 35.32581 35.25161 35.17742 35.20322 35.25484 35.33871 35.40322 35.35484 35.33548 35.32581 34.8871 34.76774 34.7871 34.89032 34.93548 34.87097 34.6871 34.59355 34.53548 34.45807 34.35161 34.34516 34.28387 -9999 -9999 -9999 -9999 -9999 -9999 -9999 -9999 -9999 -9999 -9999 -9999 -9999 -9999 -9999 -9999 -9999 -9999 -9999 -9999 -9999 -9999 -9999 -9999 -9999 -9999 -9999 -9999 -9999 -9999 -9999 -9999 -9999 -9999 32.51291 -9999 -9999 -9999 -9999
35.72581 35.6258 35.34516 35.25484 35.14194 35.09678 35.04839 34.93548 34.93548 35.09678 35.23549 35.09355 35.12258 35.01613 34.98387 34.99355 35.03871 35.19032 35.17097 35.21936 34.64194 34.67742 34.79355 34.83226 34.7871 34.68387 34.54193 34.65484 34.46774 34.21936 34.18387 34.13226 33.99677 -9999 -9999 -9999 -9999 -9999 -9999 -9999 -9999 -9999 -9999 -9999 -9999 -9999 -9999 -9999 -9999 -9999 -9999 -9999 -9999 -9999 -9999 -9999 -9999 -9999 -9999 -9999 -9999 -9999 -9999 -9999 -9999 -9999 -9999 -9999 -9999 -9999 -9999 -9999
35.74516 35.59355 35.3129 35.19677 35.07742 34.97097 34.84839 34.77097 34.89355 35.00645 35.18387 35.20322 35.14194 34.89032 34.71936 34.63871 34.63871 34.76129 34.74516 34.73226 34.55161 34.48387 34.65161 34.79678 34.65484 34.43871 34.44516 34.54193 34.17419 34.15484 34.24839 33.92581 -9999 -9999 -9999 -9999 -9999 -9999 -9999 -9999 -9999 -9999 -9999 -9999 -9999 -9999 -9999 -9999 -9999 -9999 -9999 -9999 -9999 -9999 -9999 -9999 -9999 -9999 -9999 -9999 -9999 -9999 -9999 -9999 -9999 -9999 -9999 -9999 -9999 -9999 -9999 -9999
35.72258 35.67419 35.33226 35.17097 35.05806 34.97097 34.8 34.6871 34.83871 34.83871 34.85806 35.07097 34.90645 34.73549 34.63226 34.70322 34.7129 34.46774 34.59032 34.55161 34.42581 34.37742 34.61935 34.58387 34.42903 34.42581 34.23549 34.3129 34.25161 34.11935 -9999 -9999 -9999 -9999 -9999 -9999 -9999 -9999 -9999 -9999 -9999 -9999 -9999 -9999 -9999 -9999 -9999 -9999 -9999 -9999 -9999 -9999 -9999 -9999 -9999 -9999 -9999 -9999 -9999 -9999 -9999 -9999 -9999 -9999 -9999 -9999 -9999 -9999 -9999 -9999 -9999 -9999
