features/re_bio9.asc
ncols         768
nrows         589
xllcorner     124.299398925
yllcorner     32.893460211367
cellsize      0.010567299164062
NODATA_value  -9999
[rows 256 to 287 of 589, columns 432 to 503 of 768]
1.52765 1.654263 1.796505 1.622273 1.480031 2.265707 8.016595 1.522734 1.069009 1.051344 1.113287 0.9969278 6.672616 0.9540707 6.859713 7.455484 7.625806 7.724624 7.49086 7.627384 7.807599 7.468674 7.198064 7.497957 7.636022 7.515233 7.237885 6.926667 6.686058 6.241219 5.681147 5.661254 5.654516 4.707814 4.006237 5.48448 9.416451 9.785197 9.564445 10.25394 10.62591 10.62158 11.43419 10.51108 9.727885 10.11337 10.65717 11.18452 11.48344 11.56706 11.48885 10.94398 -9999 -9999 -9999 -9999 -9999 -9999 -9999 -9999 -9999 -9999 -9999 -9999 -9999 -9999 -9999 -9999 -9999 -9999 -9999 -9999
1.288978 1.336598 1.057949 1.019163 1.37477 1.853879 7.73276 2.049808 1.484409 1.318049 1.240361 0.8879416 0.478149 6.52362 6.442222 6.719391 6.89405 7.126595 7.480896 7.479606 7.785985 7.450179 7.508566 7.606416 7.716201 7.50423 7.105054 6.893728 7.039355 6.900107 6.260896 5.9181 4.883978 3.844731 3.532294 4.426702 7.897061 9.163979 10.10391 10.11255 9.618495 9.756595 10.9653 10.85215 9.339355 10.8009 10.86599 11.11283 11.36516 11.47692 11.51391 10.9386 -9999 -9999 -9999 -9999 -9999 -9999 -9999 -9999 -9999 -9999 -9999 -9999 -9999 -9999 -9999 -9999 -9999 -9999 -9999 -9999
1.17596 1.318203 1.024885 0.6087558 0.6523042 1.108986 1.925346 2.464363 1.393932 0.9325653 1.029455 0.9907834 0.8309908 6.740717 5.964875 6.28896 6.398244 6.672007 6.932939 7.450215 7.996846 7.683441 7.598745 7.58785 7.474695 7.406129 7.476631 7.564588 7.122975 5.616631 4.676667 4.96466 4.821684 4.889893 4.912939 4.667455 7.048351 9.839821 9.790215 8.455483 8.863764 10.17781 10.83029 11.14348 9.45577 9.825054 10.81272 11.25645 11.44778 11.61842 -9999 -9999 -9999 -9999 -9999 -9999 -9999 -9999 -9999 -9999 -9999 -9999 -9999 -9999 -9999 -9999 -9999 -9999 -9999 -9999 -9999 -9999
1.788018 0.6120968 0.1536098 0.1210061 0.6498848 1.421851 1.085215 2.249654 1.898464 1.113594 1.160945 1.271313 6.793727 6.532867 6.363262 6.305125 6.927814 6.890574 6.933871 7.26853 7.790251 7.751111 7.893298 7.95957 7.791039 7.919391 7.903082 7.599319 6.87491 4.699821 5.324659 4.873907 5.556022 5.66233 5.286918 5.144731 7.23638 10.34853 3.165092 8.149714 9.277025 10.55964 11.01749 11.25677 10.59796 10.30068 10.89444 11.37176 11.4957 11.55545 -9999 -9999 -9999 -9999 -9999 -9999 -9999 -9999 -9999 -9999 -9999 -9999 -9999 -9999 -9999 -9999 -9999 -9999 -9999 -9999 -9999 -9999
1.027266 0.7734255 0.6605223 0.9952381 1.441782 1.716475 1.870776 2.587135 2.470891 1.789247 1.874194 1.898886 1.51129 6.875305 6.310932 6.224301 7.01896 6.786057 6.620753 6.905376 7.372831 7.823978 7.989068 7.644301 7.365986 7.397419 7.383226 7.257778 7.152151 6.83172 6.222867 5.58534 4.943441 5.113978 5.610358 6.48724 8.724552 10.51276 8.170681 9.023727 9.83552 10.34125 10.74803 10.98624 10.30667 9.853799 10.89337 11.02591 -9999 -9999 -9999 -9999 -9999 -9999 -9999 -9999 -9999 -9999 -9999 -9999 -9999 -9999 -9999 -9999 -9999 -9999 -9999 -9999 -9999 -9999 -9999 -9999
1.636329 0.3145929 0.1725806 0.4483487 0.922811 1.160753 1.670046 2.581144 1.24927 1.443779 1.653917 1.806644 7.531219 7.278817 6.772903 6.559893 6.99043 6.830323 6.688996 6.882473 7.295448 8.11534 7.813907 7.512617 6.84147 6.936129 7.193656 7.122796 6.917348 7.082796 7.17276 6.533405 5.890824 5.89509 5.475233 5.867491 8.939821 9.259426 7.430645 9.058208 10.19681 10.51663 10.38513 10.02835 9.878172 10.19835 11.23602 11.19681 -9999 -9999 -9999 -9999 -9999 -9999 -9999 -9999 -9999 -9999 -9999 -9999 -9999 -9999 -9999 -9999 -9999 -9999 -9999 -9999 -9999 -9999 -9999 -9999
1.765707 0.5784178 0.005145929 6.03233 6.205269 0.6947389 1.811329 2.161444 0.54351 0.4420891 0.531106 6.096272 6.584337 7.462581 7.550323 7.133835 7.332867 6.884946 6.809893 7.779427 7.647563 7.285484 7.078996 7.510573 7.551684 7.486237 7.406738 7.414194 7.41853 7.182652 6.778638 6.625376 5.826308 -0.7015361 5.191613 -0.01351766 7.991541 7.450036 7.189641 8.33 9.800035 10.11767 9.914409 9.602294 9.400825 10.69333 11.29484 11.34792 -9999 -9999 -9999 -9999 -9999 -9999 -9999 -9999 -9999 -9999 -9999 -9999 -9999 -9999 -9999 -9999 -9999 -9999 -9999 -9999 -9999 -9999 -9999 -9999
0.5956221 0.2940476 5.656093 5.969319 6.559534 7.076022 7.480359 1.900922 1.685983 5.807025 5.261291 5.74828 6.603943 7.460287 7.722222 6.829426 7.050323 6.857563 6.72724 7.861936 7.635556 7.121183 6.375269 6.449212 6.90147 6.983011 7.099319 7.038315 6.864229 6.544445 5.471505 5.16871 6.205412 7.117204 1.205299 6.88896 7.939498 6.957312 7.291649 9.185412 3.041667 3.050845 9.322904 9.360932 9.412939 10.25541 10.9252 11.2448 -9999 -9999 -9999 -9999 -9999 -9999 -9999 -9999 -9999 -9999 -9999 -9999 -9999 -9999 -9999 -9999 -9999 -9999 -9999 -9999 -9999 -9999 -9999 -9999
1.542665 6.299534 6.134444 5.468961 5.760394 6.601935 7.128136 7.69233 7.058351 5.997276 5.87215 6.038495 6.995233 7.658208 7.396954 7.072832 7.117419 6.892258 6.28577 7.654301 7.73129 7.613763 6.831685 6.059678 6.022867 5.612832 5.444408 5.996774 6.207634 5.626165 5.40681 6.254158 6.244301 7.340287 7.4581 6.508172 7.76577 9.689139 3.93533 4.315707 1.670622 1.854263 2.940476 3.979301 4.409101 3.865899 10.30441 10.85878 -9999 -9999 -9999 -9999 -9999 -9999 -9999 -9999 -9999 -9999 -9999 -9999 -9999 -9999 -9999 -9999 -9999 -9999 -9999 -9999 -9999 -9999 -9999 -9999
1.060561 6.757348 6.358423 5.769068 5.433118 5.341792 5.942903 7.073656 5.860179 5.047061 6.327706 7.266882 7.431004 7.562437 7.654624 7.23466 7.084624 6.501792 6.106272 6.558315 6.561505 7.262832 7.54405 6.795806 5.642509 6.396739 5.647921 5.573978 5.537885 5.403512 6.071792 6.855556 7.440072 7.437742 7.270932 7.4581 2.788134 1.946621 7.660717 4.306989 2.647043 2.601805 8.398925 8.600107 3.523003 4.259217 10.3286 11.3319 -9999 -9999 -9999 -9999 -9999 -9999 -9999 -9999 -9999 -9999 -9999 -9999 -9999 -9999 -9999 -9999 -9999 -9999 -9999 -9999 -9999 -9999 -9999 -9999
0.7392857 6.380107 6.382258 6.206093 6.362617 6.490968 6.654122 6.989928 6.591936 6.781039 7.16362 7.275484 7.640753 7.938566 7.948244 7.665269 7.172581 7.121362 6.77448 5.659104 5.886416 6.412616 6.326595 7.591936 7.200573 6.909534 6.910215 6.531613 5.91724 5.641398 5.971398 6.163083 7.597885 1.913364 7.369821 1.020891 1.364286 2.003763 2.390515 1.527535 -0.1561444 0.2309524 7.141183 8.571828 3.655684 4.123195 4.565284 5.69086 -9999 -9999 -9999 -9999 -9999 -9999 -9999 -9999 -9999 -9999 -9999 -9999 -9999 -9999 -9999 -9999 -9999 -9999 -9999 -9999 -9999 -9999 -9999 -9999
1.53798 6.132115 6.346272 5.841828 6.113584 6.790932 7.08552 6.92681 7.13104 7.724659 7.671255 7.862652 7.767849 7.519749 7.53828 7.786057 7.461613 6.653799 6.649426 6.106631 5.769749 5.913513 6.367814 5.990502 6.413513 7.189821 7.027383 6.925054 6.463047 6.432939 6.733262 6.505986 7.174445 1.0851 -0.07826421 5.271362 1.743625 1.730261 0.8078725 1.347465 0.93053 6.007563 7.43828 2.815899 3.615707 3.968433 4.409332 6.093011 -9999 -9999 -9999 -9999 -9999 -9999 -9999 -9999 -9999 -9999 -9999 -9999 -9999 -9999 -9999 -9999 -9999 -9999 -9999 -9999 -9999 -9999 -9999 -9999
2.462212 1.157527 6.38638 6.424588 6.75828 7.003979 7.112652 7.253942 7.472437 7.544122 7.66914 7.722187 7.687276 7.706738 7.655519 7.622868 7.823763 7.472402 6.960287 6.239032 5.525197 5.546021 5.604552 5.053728 6.640968 6.648387 6.523979 5.925986 5.758961 6.43 6.921219 6.21638 5.953477 0.5865207 -0.7017665 4.666344 1.398041 1.755568 0.8026114 1.197696 0.5658602 6.705627 7.774552 1.936482 3.092166 4.345238 4.483641 -9999 -9999 -9999 -9999 -9999 -9999 -9999 -9999 -9999 -9999 -9999 -9999 -9999 -9999 -9999 -9999 -9999 -9999 -9999 -9999 -9999 -9999 -9999 -9999 -9999
1.494048 1.01467 1.392358 6.969104 7.102653 7.014695 6.991828 6.980932 6.908029 6.960107 7.909175 7.278459 7.451254 6.943441 7.052043 7.431398 7.498745 7.968316 7.696165 7.377347 6.804337 6.275878 6.045484 6.146882 6.574122 6.318459 6.638244 7.065269 6.86767 6.955735 6.737097 6.044875 5.594946 5.560287 5.377957 6.338208 1.030607 -0.6360599 -1.522581 0.1698157 6.276774 1.398656 1.215745 1.963441 3.779032 5.115745 5.582181 -9999 -9999 -9999 -9999 -9999 -9999 -9999 -9999 -9999 -9999 -9999 -9999 -9999 -9999 -9999 -9999 -9999 -9999 -9999 -9999 -9999 -9999 -9999 -9999 -9999
5.684086 0.856298 7.006021 6.971219 7.249462 6.705842 6.564409 6.724158 6.736057 6.926344 7.788351 7.289176 7.08147 6.602007 6.769283 7.182402 7.521541 7.89871 7.613513 6.142724 6.671219 6.677563 6.301362 6.089498 6.147025 6.181398 6.092222 6.645484 6.710036 6.510108 6.523011 5.884911 4.715663 5.853584 6.691828 7.442939 6.847455 4.820394 -1.732757 6.538925 8.261684 2.054032 2.516667 2.700423 3.865553 4.91659 5.328034 -9999 -9999 -9999 -9999 -9999 -9999 -9999 -9999 -9999 -9999 -9999 -9999 -9999 -9999 -9999 -9999 -9999 -9999 -9999 -9999 -9999 -9999 -9999 -9999 -9999
6.76043 1.658564 6.980932 6.173154 6.937455 6.778531 6.242509 5.81086 5.842437 6.567527 7.557849 7.447886 6.991075 6.255161 6.564982 6.976774 7.269248 7.640824 7.304624 6.537455 6.462401 6.967849 7.246093 7.074158 6.694373 5.808172 5.645555 5.27595 4.903441 6.19405 6.094946 5.509964 5.549391 5.006702 7.400681 7.489462 6.273656 5.469785 5.89828 0.850576 0.9122888 6.983799 1.617512 3.890975 4.870545 5.015399 5.33437 -9999 -9999 -9999 -9999 -9999 -9999 -9999 -9999 -9999 -9999 -9999 -9999 -9999 -9999 -9999 -9999 -9999 -9999 -9999 -9999 -9999 -9999 -9999 -9999 -9999
1.961559 1.350806 6.360143 5.732867 6.996021 6.557778 6.17724 6.325197 6.694767 6.867634 6.703226 6.902043 6.279032 5.952868 5.765985 6.100824 6.768064 7.118997 6.652545 6.52509 6.424158 6.245878 6.661147 6.780538 6.19233 5.827097 5.740179 5.330323 4.835054 4.939749 6.083477 6.663728 6.175484 6.225161 7.288638 7.235556 5.492724 5.43595 6.814301 7.678853 0.5712366 7.232688 8.852294 10.4991 4.998963 5.247273 5.453111 5.891168 -9999 -9999 -9999 -9999 -9999 -9999 -9999 -9999 -9999 -9999 -9999 -9999 -9999 -9999 -9999 -9999 -9999 -9999 -9999 -9999 -9999 -9999 -9999 -9999
1.761905 6.015412 6.078495 6.067813 7.15362 6.312079 5.428244 5.864229 6.433799 6.593477 7 6.303978 6.121254 5.309391 5.712796 6.335735 6.714911 6.613477 6.31233 6.604624 6.755806 6.617885 6.640717 6.649176 6.194731 5.843907 6.808064 5.69552 5.318817 5.272437 5.802939 5.782151 5.523835 6.424445 7.589606 6.849821 4.845627 5.443118 6.804839 8.170466 8.59 8.78043 9.525162 4.814363 4.795737 5.311597 5.826267 6.129109 -9999 -9999 -9999 -9999 -9999 -9999 -9999 -9999 -9999 -9999 -9999 -9999 -9999 -9999 -9999 -9999 -9999 -9999 -9999 -9999 -9999 -9999 -9999 -9999
0.7508065 1.555223 1.034677 6.673082 6.77742 6.271685 5.079211 5.39448 6.193512 6.298853 6.183513 6.492115 5.981075 4.18534 4.994158 6.353979 6.540753 6.238423 6.558136 7.191756 7.142939 7.503835 7.465771 7.186201 6.908889 6.843835 7.323047 6.635914 6.180753 6.306953 5.842975 5.893298 6.50767 6.845592 0.6904762 0.2248464 5.210752 5.70215 0.2547619 1.271198 2.597312 10.09785 3.776075 5.219969 5.086559 5.265668 5.674962 6.114554 -9999 -9999 -9999 -9999 -9999 -9999 -9999 -9999 -9999 -9999 -9999 -9999 -9999 -9999 -9999 -9999 -9999 -9999 -9999 -9999 -9999 -9999 -9999 -9999
5.218709 5.918817 0.9099846 6.240323 5.529498 6.601147 5.866129 5.614014 5.689032 5.76405 5.614982 4.986523 6.618208 4.792903 5.046344 4.950645 4.755878 5.030896 5.68 6.892939 7.459247 7.483154 7.886487 7.727527 7.108817 6.915448 7.182724 5.938172 6.36681 5.704839 6.046416 6.784695 6.79215 6.231255 5.857491 4.43043 7.78448 2.041167 1.592934 8.201147 2.966167 4.235253 4.461866 11.52993 12.06584 5.866858 6.153111 -9999 -9999 -9999 -9999 -9999 -9999 -9999 -9999 -9999 -9999 -9999 -9999 -9999 -9999 -9999 -9999 -9999 -9999 -9999 -9999 -9999 -9999 -9999 -9999 -9999
6.463584 5.777491 5.713118 5.859928 6.378531 6.818495 5.891111 5.179391 5.679498 5.990215 5.265985 4.724552 5.150645 4.601756 3.064516 3.958136 4.988674 5.322366 5.913764 7.793082 7.612473 7.799391 7.963584 7.734122 7.304516 6.838244 6.305735 5.672186 7.789964 6.914624 6.619104 5.925807 5.290108 5.415197 5.928316 5.496236 3.052227 7.428782 7.094158 8.476989 9.831863 10.47211 5.352074 11.45821 12.25498 12.67136 6.264209 -9999 -9999 -9999 -9999 -9999 -9999 -9999 -9999 -9999 -9999 -9999 -9999 -9999 -9999 -9999 -9999 -9999 -9999 -9999 -9999 -9999 -9999 -9999 -9999 -9999
1.563902 6.813584 6.125269 0.004608295 5.795735 6.23362 5.921649 5.856487 0.4008833 5.845412 5.030107 4.831147 4.823548 3.741111 1.776416 2.664803 3.990968 4.63 5.50724 6.838638 7.718961 6.858172 7.947348 7.910179 7.051434 6.614624 6.941864 7.441936 7.845341 7.065806 6.584552 5.739032 6.045735 7.12086 7.253226 6.268817 8.890574 9.660179 9.278065 9.098566 3.197657 10.77753 12.37222 12.6114 12.70287 12.88548 6.375653 6.364785 -9999 -9999 -9999 -9999 -9999 -9999 -9999 -9999 -9999 -9999 -9999 -9999 -9999 -9999 -9999 -9999 -9999 -9999 -9999 -9999 -9999 -9999 -9999 -9999
2.693395 1.885945 1.343472 0.3937404 5.631685 6.108746 5.787957 5.65853 5.801111 4.977204 3.665161 3.090036 3.133369 3.898638 2.513763 3.660681 4.100968 4.54319 4.257348 6.231111 7.722437 6.958315 8.3181 7.786488 7.273477 7.484301 7.720287 7.276774 6.699642 6.177957 6.851147 7.382796 8.008853 8.239176 7.747849 7.214767 8.79828 9.710645 10.64272 10.7638 11.051 11.68294 11.56889 11.19294 12.38 12.84419 12.99835 12.9386 12.26559 -9999 -9999 -9999 -9999 -9999 -9999 -9999 -9999 -9999 -9999 -9999 -9999 -9999 -9999 -9999 -9999 -9999 -9999 -9999 -9999 -9999 -9999 -9999
2.239209 2.25841 1.842896 0.5271505 5.74362 1.164631 7.588172 0.5666283 5.308925 4.925161 4.705555 3.859642 2.74638 3.832366 4.090215 4.811864 5.428029 5.745412 5.521398 6.781219 6.416021 6.40724 8.375663 7.63552 7.560574 7.373477 7.217025 7.703943 6.901864 6.340107 6.397025 8.280071 9.3181 8.562473 7.347348 7.459821 9.802114 11.01452 10.55262 11.25638 11.60889 11.11548 10.94054 11.74617 12.30061 12.75925 12.79498 11.93631 11.86337 -9999 -9999 -9999 -9999 -9999 -9999 -9999 -9999 -9999 -9999 -9999 -9999 -9999 -9999 -9999 -9999 -9999 -9999 -9999 -9999 -9999 -9999 -9999
1.890975 1.881912 2.25626 1.831682 6.932832 6.760036 2.213287 1.390015 0.712212 5.725233 4.792545 3.097742 1.73233 4.721756 4.936954 4.244516 4.679176 5.5281 5.433369 5.988817 7.094265 8.753047 8.936738 8.486667 7.974731 7.506201 6.761684 5.804014 5.267169 7.612186 5.941613 8.246344 9.579247 8.980179 7.820107 7.352975 8.153907 10.72168 11.08419 11.50839 11.55652 11.20652 11.12061 11.66237 11.8048 12.56667 12.57864 12.80466 12.9024 -9999 -9999 -9999 -9999 -9999 -9999 -9999 -9999 -9999 -9999 -9999 -9999 -9999 -9999 -9999 -9999 -9999 -9999 -9999 -9999 -9999 -9999 -9999
2.247427 1.750538 1.733948 1.471544 1.146352 1.82308 2.514132 2.585714 2.069124 0.7502688 6.056846 5.392509 4.422652 6.078387 6.457778 5.654444 6.140179 6.898781 5.724731 5.08448 6.354194 8.770466 6.363943 6.73 6.819104 7.017061 7.396702 7.393513 7.174015 8.653764 7.862294 9.600932 8.993155 8.660645 8.47147 7.698674 8.33957 10.32237 11.38928 11.59358 11.50502 11.51412 11.65882 11.83093 12.23093 12.36219 12.2067 12.38387 12.5305 -9999 -9999 -9999 -9999 -9999 -9999 -9999 -9999 -9999 -9999 -9999 -9999 -9999 -9999 -9999 -9999 -9999 -9999 -9999 -9999 -9999 -9999 -9999
2.47212 2.052189 2.223195 1.934063 1.138249 0.9342934 1.268779 2.077842 2.561252 2.466859 1.349309 5.873011 5.418602 6.317455 7.025161 6.738029 6.989068 7.954301 7.455412 5.561649 5.774731 7.822832 8.480323 7.839032 7.171721 7.683728 7.47724 6.870824 7.788351 8.977849 10.1772 10.04573 8.433297 7.127563 7.068996 7.498745 9.604552 10.93573 11.6243 11.67602 11.82452 11.80749 11.66516 11.87093 12.62219 12.93616 12.96638 12.94337 12.87047 12.31599 -9999 -9999 -9999 -9999 -9999 -9999 -9999 -9999 -9999 -9999 -9999 -9999 -9999 -9999 -9999 -9999 -9999 -9999 -9999 -9999 -9999 -9999
2.522005 2.288594 2.806836 2.811137 2.202074 2.009601 2.541436 3.095853 1.649194 2.710407 7.550251 6.158925 6.372831 7.191326 6.793477 6.072581 6.60957 7.244552 7.975018 7.810824 7.203262 8.605376 8.722832 8.439104 8.16853 8.096917 7.988387 8.210143 8.809175 3.58871 4.925154 4.688863 3.604147 8.093763 8.390753 8.945413 10.39742 11.41763 11.71982 11.87717 12.02656 12.34875 12.31638 12.20753 12.65459 12.95892 13.1143 13.03893 13.04523 12.78093 -9999 -9999 -9999 -9999 -9999 -9999 -9999 -9999 -9999 -9999 -9999 -9999 -9999 -9999 -9999 -9999 -9999 -9999 -9999 -9999 -9999 -9999
8.442223 8.87957 9.030717 9.130717 9.214158 9.33681 9.644014 9.563441 3.436175 1.875922 2.255031 1.499194 6.095627 6.001004 5.75871 4.772831 4.958566 6.123692 6.193405 8.282688 7.988136 8.602402 8.89362 7.245699 7.713118 8.924265 8.912437 8.654803 3.714631 4.774847 4.952227 3.792588 2.83341 3.038518 9.097563 9.521721 10.62602 5.557412 11.87197 11.81319 10.96749 11.5433 12.52742 12.96319 13.0643 13.17828 13.24444 13.23889 13.21702 13.11459 13.00251 -9999 -9999 -9999 -9999 -9999 -9999 -9999 -9999 -9999 -9999 -9999 -9999 -9999 -9999 -9999 -9999 -9999 -9999 -9999 -9999 -9999
8.687419 9.409678 9.482437 9.647455 9.846236 9.929785 9.965628 9.985126 9.381864 2.50073 7.644767 6.550107 6.003369 6.539176 6.937025 6.153405 5.794552 6.631541 6.59896 8.037061 9.294623 9.051362 8.540359 7.71319 8.051219 9.105806 9.800573 4.339324 4.496121 4.743817 4.794125 9.952222 4.023848 4.229071 4.30745 10.16853 10.18649 11.43057 11.64878 11.11491 10.13817 10.77484 11.91753 12.7609 13.14233 13.19118 13.26179 13.26613 13.30391 13.21125 13.07746 12.98609 -9999 -9999 -9999 -9999 -9999 -9999 -9999 -9999 -9999 -9999 -9999 -9999 -9999 -9999 -9999 -9999 -9999 -9999 -9999 -9999
8.710789 9.635304 9.813477 9.919929 9.923369 9.913405 10.02201 9.614408 8.995914 9.533978 8.376237 7.483835 6.653369 6.809821 8.215198 7.268566 5.626129 7.513047 7.692366 8.388136 9.020788 9.128459 8.16319 7.39362 8.569785 8.547097 9.323334 10.27455 4.82331 4.485561 9.870502 4.064055 4.067281 4.438134 10.30441 10.47194 9.898602 11.04649 11.1614 10.54186 9.768352 11.0453 11.80864 12.26731 12.81509 13.03351 13.07796 13.13556 13.17538 13.05466 12.90681 -9999 -9999 -9999 -9999 -9999 -9999 -9999 -9999 -9999 -9999 -9999 -9999 -9999 -9999 -9999 -9999 -9999 -9999 -9999 -9999 -9999
9.296595 9.317993 9.636272 10.0014 10.04369 10.01986 10.04036 9.750359 9.483907 8.81853 9.260968 9.012079 8.631613 8.745735 9.071756 8.827312 9.381792 9.571936 9.84362 9.657957 9.102473 8.600251 8.043728 7.644875 5.232796 5.16957 5.78276 7.96466 10.10975 11.09064 11.29165 11.38502 11.07505 11.08602 10.99262 11.23276 10.56638 11.26681 11.05355 10.0691 9.779427 11.01265 11.88667 12.33993 12.66928 13.03226 13.22996 13.14599 12.74925 12.92444 -9999 -9999 -9999 -9999 -9999 -9999 -9999 -9999 -9999 -9999 -9999 -9999 -9999 -9999 -9999 -9999 -9999 -9999 -9999 -9999 -9999 -9999
