features/re_bio15.asc
ncols         768
nrows         589
xllcorner     124.299398925
yllcorner     32.893460211367
cellsize      0.010567299164062
NODATA_value  -9999
[rows 310 to 340 of 589, columns 355 to 425 of 768]
0.931962 0.9402135 0.9441482 0.9348778 0.9278263 0.9393241 0.9523546 0.9601696 0.9581699 0.9733391 0.9786551 0.9788055 0.9861788 1.002243 1.020555 1.020417 1.013657 1.010132 1.016957 1.00989 1.005159 1.022673 1.010878 1.031525 1.050772 1.066248 1.0799 1.079404 1.07841 1.083177 1.083909 1.094924 1.087893 1.073933 1.070409 1.06421 1.070037 1.068426 1.060206 1.066027 -9999 1.074202 1.075123 1.067236 1.072176 1.077664 1.084632 1.08809 1.093562 1.100033 1.11484 1.129928 1.146367 1.155644 1.168467 1.174462 1.184019 1.168876 1.164103 1.172638 1.173567 1.171962 1.170865 1.173074 1.174418 1.167813 1.17002 1.176424 1.172454 1.175964 1.175587
0.9240009 0.9284006 0.9376538 0.9437374 0.9422439 0.9370723 0.940935 0.9405528 0.9421055 0.9527162 0.9692655 0.9706998 0.9768973 1.00419 1.025182 1.033104 1.030514 1.031016 1.039885 1.022128 1.013767 1.017133 1.015305 1.028034 1.040676 1.064088 1.072827 1.070333 1.083131 1.063726 1.081504 1.085109 1.082126 1.071229 1.067285 1.068551 1.075438 1.06455 1.058198 1.064076 1.075322 1.080292 1.079316 1.069009 1.074414 1.08152 1.091814 1.090934 1.095999 1.09542 1.098314 1.111197 1.128612 1.127409 1.167164 1.170675 1.166377 1.160725 1.168439 1.165287 1.160318 1.155798 1.161154 1.165539 1.167061 1.160397 1.159871 1.166841 1.170258 1.172671 1.174931
0.9335089 0.9382805 0.9479247 0.9493491 0.945779 0.9416593 0.9435396 0.9390647 0.9409228 0.9469021 0.9534914 0.9751272 0.9831846 1.004257 1.022251 1.027154 1.036882 1.043051 1.04332 1.025472 1.026413 1.020065 1.029557 1.032542 1.043646 1.054119 1.053553 1.045748 1.066588 1.085471 1.064502 1.056839 1.066323 1.065211 1.069092 1.07414 1.082188 1.076088 1.071333 1.071284 1.074613 1.077087 1.076731 1.066477 1.074583 1.090027 1.088464 1.089227 1.08851 1.074859 1.060483 1.06187 1.08033 1.092245 1.150244 1.15252 1.149724 1.159825 1.171717 1.157495 1.120756 1.114798 1.1117 1.133308 1.147935 1.157158 1.155447 1.154134 1.158066 1.159992 1.162802
0.9441475 0.9442083 0.9407815 0.9397992 0.9443773 0.9512874 0.9540511 0.9498522 0.9476767 0.9573019 0.9716731 0.9939777 1.000031 1.007474 1.012336 1.01549 1.032801 1.050234 1.055866 1.043268 1.030251 1.02856 1.041065 1.039068 1.033056 1.03155 1.039767 1.047963 1.042972 1.050458 1.060944 1.038909 1.059963 1.070305 1.070139 -9999 1.069474 1.073651 1.070933 1.071827 1.074375 1.076912 1.077822 1.070536 1.070507 1.081394 1.0846 1.094996 1.08811 1.084829 1.07878 1.066267 1.055442 1.082436 1.12156 1.146015 1.145729 1.147044 1.148957 1.130399 1.097734 1.101089 1.112323 1.118453 1.118495 1.141876 1.152524 1.150127 1.148879 1.153659 1.160433
0.9415162 0.9419606 0.942367 0.9430999 0.9520881 0.9572804 0.9659107 0.9585284 0.9604166 0.9756685 0.9894122 1.008036 1.005115 1.00628 1.014686 1.024852 1.035903 1.041482 1.051546 1.046987 1.045761 1.04772 1.056829 1.050187 1.041982 1.043086 1.045107 1.032665 1.018823 1.032233 1.038679 1.048699 1.065592 1.069842 1.069123 1.069293 1.074551 1.075002 1.071725 1.090577 1.080836 1.079039 1.081879 1.073181 1.074346 1.076391 1.095542 1.081194 1.080871 1.073242 1.061811 1.059542 1.069814 1.09345 1.129897 1.147917 1.156538 1.143097 1.136846 1.119276 1.103271 1.110846 1.120509 1.110519 1.11805 1.144603 1.15405 1.14071 1.126957 1.138118 1.149962
0.9414546 0.9417934 0.9458196 0.9458708 0.9541787 0.9713566 0.9794642 0.9798958 0.9848694 0.9929091 0.99652 1.006732 1.007811 1.006137 1.010945 1.036344 1.051258 1.046126 1.041478 1.035868 1.046529 1.048247 1.057809 1.060799 1.046543 1.052681 1.041749 1.018964 1.021943 1.039537 1.016528 1.048155 1.063481 1.073989 1.077983 1.078964 1.082382 1.082313 1.081154 1.077081 1.073579 1.075258 1.078216 1.071466 1.069803 1.079966 1.079665 1.064925 1.084049 1.08021 1.059463 1.073953 1.112281 1.125371 1.120045 1.120009 1.141072 1.156614 1.152161 1.147995 1.124751 1.119524 1.123202 1.134284 1.153693 1.160802 1.137258 1.116936 1.105246 1.108524 1.123604
0.9460225 0.9471935 0.9442307 0.9549071 0.9671338 0.9646994 0.9706327 0.992241 0.9913278 0.9995524 0.9997762 0.9915543 1.00355 1.024884 1.019289 1.033962 1.039131 1.048821 1.054824 1.054175 1.04622 1.044198 1.055678 1.063418 1.045784 1.05605 1.039791 1.026855 1.039954 1.057393 1.05686 1.064655 1.063639 1.076313 1.088651 1.092372 1.088551 1.084729 1.079142 1.069816 1.068875 1.069383 1.07286 1.074321 1.076896 1.073106 1.079685 1.082008 1.068267 1.083679 1.083167 1.098984 1.118951 1.101812 1.102203 1.074183 1.115422 1.145341 1.154901 1.155092 1.133749 1.113533 1.120592 1.139806 1.15975 1.157718 1.130658 1.108585 1.098239 1.105084 1.096249
0.9529892 0.9526466 0.956876 0.9722819 0.9708972 0.9681442 0.9698363 0.9929197 1.007537 1.01088 1.004559 0.9979532 1.004591 1.028911 1.039205 1.03748 1.036543 1.035043 1.041379 1.055166 1.060538 1.054402 1.051513 1.057057 1.057272 1.047733 1.050385 1.04776 1.04609 1.053823 1.051899 1.074317 1.077668 1.090712 1.101395 1.091816 1.083242 1.084579 1.061073 1.045282 1.066826 1.079571 1.087228 1.08073 1.074239 1.068128 1.067402 1.075956 1.067316 1.078991 1.10368 1.111892 1.0896 1.063543 1.091629 1.096716 1.126382 1.149303 1.14664 1.148606 1.134812 1.10421 1.100672 1.113869 1.156838 1.160018 1.135291 1.118249 1.112056 1.113924 1.094907
0.9544191 0.9550529 0.9638813 0.97429 0.9810513 0.9811425 0.9770895 0.9962603 1.014425 1.016809 1.017107 1.018939 1.017281 1.021705 1.015398 1.011639 1.028844 1.035703 1.037657 1.046435 1.056604 1.061282 1.060066 1.061204 1.062439 1.045736 1.049797 1.055184 1.056841 1.055733 1.072938 1.088876 1.098137 1.102872 1.094676 1.079487 1.06818 1.068003 1.059527 1.050574 1.074814 1.07717 1.089127 1.091121 1.074879 1.066654 1.064618 1.079086 1.077959 1.092136 1.101501 1.092704 1.079575 1.073894 1.079555 1.095056 1.140921 1.140654 1.144953 1.145493 1.122728 1.114434 1.104466 1.121256 1.149774 1.143425 1.140489 1.137904 1.123095 1.116579 1.098385
0.9579608 0.9607789 0.9708354 0.9815881 0.9903955 0.9958695 0.9977521 1.010306 1.019753 1.022754 1.028283 1.033888 1.031074 1.015273 0.9985284 1.011374 1.035273 1.047878 1.055654 1.055663 1.052838 1.055281 1.063039 1.06833 1.073459 1.062238 1.056507 1.058356 1.077605 1.091242 1.088709 1.072379 1.096841 1.11774 1.118522 1.113219 1.095315 1.078097 1.084782 1.080264 1.078058 1.071813 1.085385 1.08669 1.083895 1.079806 1.074273 1.07377 1.095068 1.118477 1.126023 1.115159 1.096737 1.09269 1.113 1.137118 1.139705 1.131864 1.155978 1.154567 1.108459 1.110094 1.105139 1.11733 1.144296 1.134387 1.127672 1.111255 1.091436 1.087767 1.085183
0.9695407 0.97034 0.9739746 0.9851819 0.9968942 1.006592 1.012075 1.029987 1.026118 1.030483 1.037632 1.039482 1.034046 1.021082 -9999 1.009128 1.026127 1.031316 1.045504 1.055988 1.065264 1.067669 1.07336 1.074266 1.058261 1.076011 1.080479 1.078302 1.075298 1.077005 1.07409 1.073591 1.096245 1.118408 1.124571 1.12819 1.121539 1.093571 1.081156 1.096525 1.103294 1.106728 1.076703 1.061146 1.055351 1.052884 1.040418 1.03394 1.073506 1.104115 1.117099 1.123713 1.123661 1.122742 1.116499 1.115808 1.11062 1.126157 1.143675 1.156172 1.12554 1.111427 1.110509 1.061613 1.071904 1.115775 1.10865 1.074177 1.060823 1.050572 1.020648
0.9809686 0.9770244 0.9724591 0.9847427 0.9953017 1.007579 1.01732 1.036717 1.037249 1.028502 1.036553 1.049381 1.047283 1.027192 1.020037 1.013109 1.029253 1.038972 1.04757 1.053152 1.054308 1.058226 1.074428 1.078662 1.053713 1.073099 1.064821 1.069756 1.070043 1.050079 1.057205 1.062253 1.073691 1.097104 1.128708 1.133351 1.138237 1.137985 1.131664 1.137061 1.135347 1.113723 1.053231 1.026269 1.019478 1.006067 0.9916986 1.005763 1.033556 1.079904 1.113881 1.122028 1.129761 1.126299 1.113938 1.113078 1.129876 1.13061 1.082162 1.094323 1.069217 1.110241 1.117041 1.074524 1.09969 1.126753 1.111649 1.074913 1.038826 1.005949 0.9818486
0.9969189 0.9948074 0.9954882 0.9942172 0.9993448 1.009311 1.012352 1.027407 1.033635 1.032236 1.043148 1.061151 1.062522 1.060733 1.052347 1.047165 1.035184 1.055216 1.069731 1.072648 1.079442 1.075342 1.073766 1.084754 1.086747 1.093473 1.106853 1.096079 1.097737 1.119098 -9999 1.136872 1.144455 1.145355 1.11271 1.129563 1.155878 1.168007 1.152777 1.11101 1.121229 1.126174 1.078016 1.05443 1.029954 1.005854 0.994507 1.017668 1.070142 1.095532 1.122941 1.146332 1.137843 1.111251 1.076069 1.039736 1.050259 1.058728 1.050946 1.122856 1.150742 1.174306 1.156601 1.135774 1.127903 1.110775 1.101945 1.073028 1.026248 1.033743 1.067591
1.004648 1.004336 1.005952 1.001971 1.00307 1.006581 1.003923 1.029235 1.033663 1.035465 1.048811 1.054779 1.061945 1.057654 1.051894 1.052935 1.048705 1.048852 1.058353 1.067375 1.078816 1.076751 1.071395 1.083396 1.085873 1.091346 1.106589 1.092694 1.086634 1.112922 1.127273 1.11662 1.146601 -9999 1.156589 1.161353 1.17412 1.166023 1.16548 1.160406 1.163707 1.157075 1.142657 1.080843 1.051379 1.012067 0.99567 1.027919 1.05201 1.086902 1.128912 1.155 1.148524 1.12359 1.098836 1.084956 1.095055 1.105421 1.117399 1.150341 1.196525 1.202973 1.171444 1.135506 1.153134 1.139204 1.109494 1.083551 1.045838 1.025734 1.043711
1.000471 1.002206 1.001977 1.00277 1.002027 0.9958312 0.9921545 1.035482 1.042286 1.051388 1.049987 1.049554 1.056915 1.063066 1.060441 1.057608 1.051891 1.058891 1.059632 1.072615 1.085984 1.075735 1.067174 1.07519 1.085385 1.091315 1.110467 1.114686 1.098243 1.106393 1.126944 1.099285 1.129594 1.155249 1.15471 1.152776 1.158573 1.175734 1.176413 1.176673 1.174032 1.15994 1.140553 1.085173 1.065913 1.039072 1.031029 1.042918 1.070886 1.112103 1.129607 1.13535 1.160295 1.134654 1.096136 1.111479 1.149323 1.166763 1.151608 1.18453 1.198008 1.198566 1.173248 1.158844 1.162085 1.137697 1.135393 1.134187 1.102892 1.085774 1.079699
0.9942365 0.9932749 0.9902263 0.991358 0.9967554 0.9983562 1.0026 1.040099 1.044731 1.063875 1.066836 1.065589 1.055948 1.055864 1.067326 1.067816 1.070576 1.077231 1.081473 1.084942 1.075899 1.060781 1.057161 1.058484 1.06984 1.089756 1.090908 1.123816 1.128669 -9999 1.14135 1.136028 1.130939 1.149763 1.146507 1.122682 1.148168 1.182335 1.190464 1.188009 1.177438 1.16695 1.123025 1.057436 1.038747 1.046524 1.047396 1.043612 1.072123 1.106687 1.143774 1.145791 1.091862 1.062725 1.108253 1.134862 1.178117 1.181206 1.191916 1.218554 1.211079 1.116402 1.108253 1.0859 1.149858 1.14766 1.12655 1.148711 1.128036 1.10806 1.093783
0.9850105 0.9923273 0.9885191 0.9814218 0.9872954 1.001353 1.015791 1.039418 1.045846 1.034847 1.034413 1.034124 1.044811 1.056688 1.062588 1.066198 1.06676 1.059716 1.070971 1.07039 1.074689 1.066916 1.068908 1.082895 1.093154 1.110596 1.103502 1.130211 1.125602 1.122577 1.138017 1.157565 1.151835 1.154449 1.153775 1.129928 1.146801 1.17579 1.19561 1.198251 1.191486 1.17504 1.13702 1.0754 1.073529 1.07765 1.084489 1.088929 1.107072 1.109433 1.15962 1.16529 1.103292 1.092818 1.157903 1.161867 1.167927 1.179142 1.206528 1.214217 1.123103 1.120934 1.117365 1.10293 1.169307 1.1654 1.12791 1.139373 1.117327 1.102591 1.093356
0.9817076 0.996415 0.9922458 0.9913131 0.9986199 1.008692 1.026455 1.036871 1.03996 1.024759 1.022105 1.015603 1.017533 1.021092 1.02515 1.044203 1.046807 1.061401 1.060286 1.056955 1.06911 1.065812 1.06571 1.076346 1.088094 1.104131 1.092881 1.129543 1.125449 1.114428 1.132758 -9999 1.177553 1.176424 1.178682 1.177609 1.185787 1.189177 1.194075 1.195949 1.186357 1.182184 1.154505 1.113932 1.107888 1.12036 1.127231 1.133781 1.139492 1.147994 1.164148 1.18518 1.096177 1.113924 1.208387 1.199629 1.189635 1.19793 1.188512 1.209627 1.116869 1.109707 1.102405 1.181333 1.168831 1.157042 1.138096 1.134823 1.093484 1.09947 1.092211
0.9833646 0.9942099 0.9963258 0.9999568 1.009583 1.017204 1.024515 1.026442 1.033085 1.021401 1.022071 1.018854 1.020296 1.026184 1.03059 1.044797 1.063951 1.063826 1.06711 1.052284 1.062549 1.065593 1.057047 1.061114 1.076061 1.102719 1.044345 1.073149 1.110591 1.133779 1.143367 1.163431 1.184477 -9999 1.186149 1.18839 1.191799 1.196199 1.199432 1.198116 1.187732 1.185371 1.188329 1.106621 1.114944 1.145711 1.139139 1.130766 1.16372 1.156969 1.164044 1.173127 1.206704 1.209958 1.2179 1.212932 1.211147 1.211413 1.211188 1.215498 1.197199 1.171301 1.159229 1.155208 1.144421 1.140976 1.136662 1.132347 1.10695 1.077424 1.038987
0.9952633 1.003866 1.004299 1.012078 1.014838 1.015796 1.017453 1.02059 1.030293 1.02703 1.033601 1.033923 1.037201 1.042461 1.049114 1.04752 1.044516 1.040587 1.033219 1.060707 1.070482 1.070617 1.071325 1.086497 1.101746 1.107863 1.070041 1.078157 1.10904 1.145924 1.16303 1.169509 1.180945 1.185173 1.188403 1.196589 1.196989 1.198096 1.205033 1.210631 1.209911 1.201859 1.186748 1.155062 1.164262 1.189239 1.166347 1.144481 1.180997 1.195194 1.175992 1.168257 1.191812 1.208948 1.219939 1.216257 1.216971 1.217324 1.208717 1.187484 1.178208 1.15933 1.139522 1.111382 1.089303 1.093805 1.077665 1.130031 1.102704 1.04749 1.002988
1.004453 1.012521 1.003915 1.007995 1.007348 1.006808 1.011172 1.013974 1.024336 1.039388 1.039572 1.036756 1.039971 1.04561 1.054991 1.06104 1.059467 1.063702 1.057373 1.064761 1.088092 1.079992 1.089074 1.086003 1.074296 1.094444 1.134001 1.133929 1.138333 1.154443 1.174086 1.182378 -9999 1.192547 1.195879 1.208462 1.20858 1.211797 1.211278 1.204521 1.203158 1.208655 1.194832 1.197816 1.183836 1.1926 1.176921 1.161758 1.183664 1.201004 1.209709 1.191328 1.2068 1.20326 1.218902 1.198984 1.192936 1.209362 1.188255 1.142829 1.118535 1.083981 1.052222 1.037205 1.024466 1.020057 1.02293 1.077987 1.10492 1.044097 0.9973563
1.006187 1.006601 0.9940795 0.9951152 0.999764 1.004848 1.006944 1.026699 1.032818 1.035199 1.030399 1.045508 1.049728 1.049182 1.055226 1.057124 1.050693 1.064221 1.077322 1.070391 1.091485 1.099052 1.101683 1.08583 1.074766 1.090184 1.082942 1.128808 1.153583 1.171023 1.174122 1.174546 1.182683 1.189008 1.204548 1.216487 1.220126 1.22014 1.22016 1.20735 1.207612 1.222565 1.226602 1.214414 1.217044 1.196337 1.169134 1.166606 1.182082 1.192485 1.224647 1.226729 1.208403 1.203732 1.210839 1.19285 1.187952 1.200334 1.191314 1.179726 1.060561 1.023279 0.9877682 0.9865485 0.9955438 0.9922974 1.013246 1.043299 1.082965 1.069965 1.00973
1.002417 0.9968196 1.000841 0.9983259 0.9927871 0.9990574 1.012814 1.032584 1.028341 1.041959 1.042146 1.054537 1.047012 1.05055 1.065 1.067117 1.058486 1.077429 1.067232 1.087497 1.091515 1.085634 1.094026 1.087699 1.080408 1.114645 1.083909 1.089305 1.1003 1.145247 1.171267 1.186058 1.196172 1.189897 1.206806 1.211888 1.213859 1.227681 1.235161 1.229696 1.235546 1.229731 1.224197 1.176247 1.211294 1.206317 1.184281 1.182463 1.192518 1.190773 1.201674 1.211288 1.211186 1.19776 1.194029 1.187351 1.177731 1.166527 1.157808 1.162793 1.059167 1.020215 0.9984974 1.005718 1.011497 1.020138 1.045883 1.057307 1.078777 1.078819 1.044557
0.9980302 0.9899787 1.005418 1.008449 1.002983 1.002446 1.004547 1.013192 1.026666 1.042054 1.057125 1.047432 1.048165 1.06611 1.066146 1.069541 1.070005 1.07597 1.082171 1.074861 1.09128 1.09916 1.107422 1.099875 1.094879 1.109537 1.141585 1.148331 1.124288 -9999 1.184273 1.186686 1.197983 1.205276 1.183831 1.206318 1.207456 1.217979 1.233848 1.239099 1.239067 1.234274 1.230873 1.22206 1.2016 1.209398 1.194053 1.199276 1.216163 1.205026 1.176758 1.203297 1.192576 1.176813 1.150967 1.165169 1.160654 1.127884 1.110979 1.095456 1.05412 1.024554 1.026444 1.062132 1.078304 1.065112 1.044123 1.067847 1.074237 1.074968 1.041943
1.005332 0.9965672 1.012117 1.010449 1.004135 1.01098 1.01025 1.028485 1.030105 1.047438 1.056361 1.040126 1.056202 1.067424 1.076357 1.071867 1.075168 1.08537 1.093788 1.077939 1.094245 1.108481 1.115757 1.115406 1.123715 1.116434 1.139159 1.133162 1.147262 1.183105 1.195876 1.183499 1.189135 1.209438 1.211227 1.223044 1.20364 1.229501 1.244106 1.250934 1.241673 1.239423 1.238247 1.245707 1.208761 1.22208 1.226633 1.212524 1.195607 1.18038 1.184188 1.199127 1.160351 1.132392 1.123195 1.127622 1.117331 1.101773 1.107725 1.109161 1.055061 1.003482 1.000764 1.029201 1.05652 1.069555 1.072013 1.067732 1.076913 1.059087 1.019626
1.009766 1.008752 1.014409 1.003579 1.012321 1.023414 1.030031 1.044398 1.04522 1.050724 1.067853 1.060875 1.07055 1.068839 1.074429 1.081085 1.085713 1.085664 1.08894 1.094749 1.091085 1.093204 1.110965 1.121709 1.130386 1.130537 1.163309 1.14981 1.183696 1.194097 1.208334 1.195989 1.195464 1.220665 1.222652 1.23377 1.216486 1.23887 1.250982 1.244877 1.244435 1.249528 1.24375 1.25863 1.254782 1.242659 1.215792 1.214886 1.193185 1.165051 1.169352 1.154963 1.145225 1.120929 1.120337 1.139066 1.110542 1.085849 1.117207 1.14678 1.092853 1.033558 1.009135 1.005744 1.021377 1.033586 1.048584 1.060279 1.042522 1.053817 1.04179
1.005661 1.007475 0.9927355 1.006724 1.016408 1.024943 1.032588 1.046295 1.052398 1.057745 1.066571 1.070927 1.069231 1.068491 1.072785 1.07787 1.080198 1.074378 1.080644 1.082211 1.105709 1.0849 1.095623 1.11264 1.124713 1.143325 1.146845 1.171635 1.180215 1.202205 1.208175 1.185385 1.181553 1.212122 1.230443 1.23855 1.225868 1.241126 1.24772 1.239586 1.240019 1.246333 1.246015 1.255355 1.242097 1.241716 1.236725 1.20876 1.212941 1.216965 1.180316 1.140418 1.139983 1.169852 1.1556 1.183361 1.148543 1.121057 1.138643 1.14391 1.091271 1.063398 1.040692 1.0407 1.041185 1.048756 1.044701 0.9699535 0.992011 0.9784958 0.9624072
1.005461 0.9975744 0.9969193 1.001355 1.016261 1.021745 1.025567 1.049161 1.055473 1.061115 1.072017 1.076986 1.07315 1.072344 1.07611 1.069429 1.071918 1.065967 1.055349 1.0967 1.121275 1.119923 1.120077 1.119159 1.114001 1.133851 1.141967 1.137059 1.149367 1.19907 1.206694 1.197337 1.195718 1.205832 1.230495 1.24165 1.24588 1.251923 1.252819 1.249408 1.241887 1.242557 1.245877 1.23592 1.211447 1.194414 1.172902 1.176763 1.172552 1.182756 1.187238 1.12966 1.110528 1.150262 1.169192 1.185809 1.147458 1.136293 1.155819 1.158401 1.103141 1.072199 1.076828 1.086488 1.067177 1.05384 1.050448 0.9692551 0.9902228 0.9781117 0.9572917
1.00445 1.006918 1.015521 1.023885 1.029122 1.031239 1.039064 1.054503 1.055821 1.059914 1.06247 1.061582 1.080335 1.066674 1.070416 1.069324 1.049412 1.047006 1.059078 1.096249 1.114716 1.1217 1.127132 1.138696 1.137136 1.133061 1.139643 1.121404 1.157898 1.202919 1.206854 1.206679 1.205067 1.225953 1.239974 1.233798 1.242873 1.249242 1.257997 1.249355 1.244957 1.245773 1.24165 1.228949 1.214231 1.16389 1.119538 1.095336 1.088976 1.112987 1.160376 1.168585 1.108749 1.153229 1.164941 1.172558 1.173856 1.154963 1.067847 1.071442 1.111989 1.093665 1.020182 1.022076 1.001598 0.9722388 0.9468865 0.9535981 0.9787652 0.9729909 0.9527318
1.008473 1.006409 1.012625 1.017017 1.034535 1.035165 1.043487 1.053556 1.057482 1.047539 1.0491 1.070123 1.087436 1.08419 1.065942 1.060866 1.043584 1.040277 1.071575 1.098644 1.117189 1.120829 1.125015 1.130861 1.13646 1.132079 1.120428 1.130328 1.185714 1.203546 1.203928 1.195612 1.215657 1.243665 1.242391 1.245172 1.242479 1.248853 1.253471 1.243316 1.241223 1.239403 1.23384 1.219666 1.206263 1.158984 1.107534 1.095476 1.085766 1.090364 1.099791 1.088418 1.095039 1.068536 1.126811 1.140186 1.148719 1.148432 1.061366 1.062342 1.030696 1.025725 1.025936 1.02955 1.016778 0.9871926 0.9508196 0.9455547 0.9695391 0.9796077 0.9678052
0.9982931 1.003822 1.012385 1.021714 1.023575 1.037498 1.030075 1.051296 1.055137 1.056049 1.056787 1.064236 1.079743 1.087955 1.089624 1.085168 1.069291 1.051435 1.043569 1.073871 1.117964 1.105952 1.095526 1.084154 1.068556 1.133611 1.148849 1.175236 1.208937 1.181694 -9999 1.246099 1.25185 1.235578 1.23093 1.233971 1.235985 1.250558 1.259591 1.253958 1.247153 1.236068 1.22332 1.215067 1.196265 1.130605 1.097792 1.10344 1.135711 1.143239 1.117601 1.091371 1.082418 1.102039 1.117087 1.116151 1.118951 1.116623 1.04997 1.033719 0.994358 0.9881085 0.9756497 1.01048 1.023776 1.011877 0.9834362 0.9502622 0.955205 0.981516 0.9729363
