features/re_bio3.asc
ncols         768
nrows         589
xllcorner     124.299398925
yllcorner     32.893460211367
cellsize      0.010567299164062
NODATA_value  -9999
[rows 224 to 255 of 589, columns 288 to 359 of 768]
28.01301 28.34636 28.49237 28.44843 28.38272 28.34366 28.1649 27.86522 28.07541 28.9374 28.47556 28.26513 28.29343 28.29795 28.22065 28.13507 27.75819 28.13149 28.05356 28.34083 28.61118 28.59046 28.61576 29.07094 29.30049 29.14051 28.95967 28.71209 28.65591 28.85433 28.855 29.86204 30.0166 29.97554 29.98595 30.08568 30.03789 29.91902 30.02121 30.02973 30.18069 29.93045 29.955 30.25291 29.83929 29.49565 30.07898 29.9814 30.16569 30.83497 31.76334 32.42804 32.17052 31.09988 30.72601 31.41099 31.26073 31.69074 31.2455 30.37428 29.99623 29.83402 29.62414 29.40392 29.702 30.30568 30.35452 30.01665 30.32925 29.97574 29.27657 28.74145
27.71524 28.0962 28.16338 28.18929 28.14476 28.16982 27.98841 27.63053 27.84178 28.44052 28.58902 28.51403 28.25739 27.99545 27.77999 27.53682 27.76381 28.28675 28.39125 28.42467 28.23878 28.10346 28.40483 28.63416 29.09909 29.34659 29.05656 28.80531 28.94993 29.39726 29.67381 29.99697 30.08676 30.05278 29.884 29.8803 29.92378 29.80575 29.82956 29.83788 29.81232 29.72251 29.92816 30.177 -9999 29.38663 30.4206 30.06525 30.00508 30.90661 31.92928 32.20954 31.98307 31.20696 30.41044 31.15116 31.65193 32.06984 31.7945 31.14639 30.94995 30.407 29.79174 29.90404 29.93623 29.56973 29.67953 31.36318 30.25357 29.71723 29.01382 28.36841
27.71277 27.96327 28.14178 27.95446 27.86256 28.10524 28.17859 27.77478 27.68901 28.0438 27.97157 28.20978 28.28758 27.78169 27.34074 27.61421 27.39558 27.64304 28.39686 28.58764 28.1998 27.93939 28.48948 28.92473 28.54241 28.61902 28.79253 29.01703 29.45409 29.96481 30.14014 30.57469 30.33852 30.01783 30.0244 30.00382 29.82106 29.67143 29.71378 29.8911 29.81744 29.75438 29.6609 29.53007 29.45205 29.37766 30.0977 30.05626 30.13997 30.38146 30.65367 30.91568 31.31096 31.94336 30.7592 31.16851 31.41414 31.41129 31.63226 31.9369 30.86284 -9999 -9999 31.28792 31.65151 30.95625 30.14758 29.98742 31.80954 30.418 29.90738 29.30464
28.20312 28.31472 28.00151 27.54547 27.7672 27.87036 27.89041 27.93176 28.06354 27.87589 27.8375 27.89916 28.11608 27.89548 27.55697 27.75977 28.05648 28.35176 28.64959 28.54829 28.44609 28.21013 28.00858 28.15707 28.2633 28.41667 29.17514 29.63173 29.526 29.36996 29.75471 30.44679 30.37432 30.28314 30.10658 29.85518 29.63328 29.65564 30.11105 30.02065 30.32079 30.33477 29.93151 29.4761 29.41088 29.46881 29.64103 30.19102 30.71033 31.04814 31.04135 31.17396 31.91531 32.30764 31.08333 31.15499 31.21042 31.75738 31.94302 31.41627 30.68068 30.74242 31.00259 32.02876 32.02854 31.22858 30.66216 29.98798 30.04181 31.30237 30.8308 29.93307
28.43666 28.37487 28.13625 27.47291 27.71264 27.83227 27.84599 27.82663 27.8041 27.67953 27.73319 28.04772 28.07987 27.81869 27.67749 27.8663 27.99022 28.45578 28.53633 28.4764 28.57733 28.68373 28.57421 28.6802 28.85579 29.02611 29.6657 29.69073 29.65205 29.74772 29.57732 30.58672 30.42619 30.16327 30.16226 30.09808 29.98693 29.82558 29.63724 29.8679 30.75636 30.56555 30.27108 30.07687 29.6693 29.60119 30.06905 30.56807 30.60322 30.69272 30.87421 31.2439 31.77954 31.6617 30.67346 31.05586 31.42166 31.93985 32.04952 30.9935 30.41447 30.2181 30.74018 31.50803 31.16309 30.88502 31.39158 31.03968 30.50949 31.1788 31.26322 30.30943
28.15514 28.22426 28.20908 27.65286 27.80902 27.84771 27.75989 27.6372 27.52585 27.42656 27.45161 27.71225 27.61436 27.48648 27.55642 27.71662 27.81136 28.34806 28.16361 28.50412 28.66914 28.76576 28.76503 28.9841 29.63205 29.65672 30.2281 30.19172 30.06514 30.18598 30.29498 30.29248 30.04643 29.99799 29.89674 30.10241 30.18217 29.97843 29.82042 30.18569 30.15053 30.09178 29.93882 29.79535 29.67921 29.66702 30.45069 30.66747 30.03771 30.02654 30.51778 30.72612 30.41229 30.20616 30.0159 30.16733 30.68747 31.16265 30.96501 30.21451 29.57292 28.78387 28.90275 28.85914 28.92858 29.35626 30.20176 31.07381 30.47507 30.46745 30.06701 29.71066
28.12315 27.88605 27.5162 27.70254 27.71286 27.69097 27.59462 27.39909 27.22454 27.20296 27.06286 26.91851 27.11591 27.30107 27.3441 27.34312 27.69168 28.139 28.13234 28.4442 28.7497 28.86004 29.11876 29.62763 30.1236 30.14079 30.07406 30.02841 29.93056 29.91112 30.02347 29.88172 29.91309 29.42062 29.57634 29.7817 29.87444 29.82155 29.70483 29.9306 30.01423 30.05162 29.83831 29.59869 29.61034 29.75084 29.79241 30.417 29.91681 29.70011 29.80381 29.54599 29.23932 30.19106 30.19486 30.35894 30.33888 30.18726 29.69052 28.95018 28.58634 29.08958 28.80709 28.55464 28.81172 29.58203 30.58409 30.90498 28.75305 28.62141 28.53655 29.00919
28.25278 28.01475 27.41288 27.219 27.66465 27.5528 27.39804 27.2361 27.10271 27.1313 27.04305 26.69667 26.94014 27.21542 27.29664 27.37956 27.71707 28.14299 28.22301 28.54539 29.03866 29.22801 29.78191 30.25415 30.14927 30.16395 30.10638 29.96397 29.82215 29.69095 29.67657 29.82499 29.61764 29.69479 29.794 29.78101 29.84936 30.11963 30.33809 29.72951 29.39269 29.74191 29.71934 29.50752 29.44687 29.45921 29.57708 29.84785 28.78294 28.61988 29.04243 29.43995 29.67788 30.08661 30.51155 31.19795 30.8771 29.80466 29.17046 28.42377 28.33969 28.56549 29.01829 28.99742 29.03514 29.61709 30.06105 29.5293 28.22042 28.22331 28.7029 28.46951
27.77988 28.189 28.19386 27.11066 27.5488 27.36953 27.1692 27.00896 26.9144 26.9294 27.17603 27.07456 26.97614 27.16239 27.42795 27.63534 27.77245 28.16107 28.49706 29.09992 29.57243 29.74695 30.02683 30.02347 30.02217 30.09102 30.06474 29.92748 29.80227 29.6341 29.52398 29.94302 29.6887 29.77381 29.71908 29.62706 29.65644 29.84233 30.06688 29.74317 29.59244 29.82892 29.70743 29.55871 29.5882 29.66893 30.05099 28.71505 28.96781 29.06463 29.2696 29.50202 29.64393 29.70458 29.84372 30.46142 30.87971 29.78762 29.23867 29.00605 28.89172 28.81044 29.20938 28.94898 28.91766 29.35263 29.48368 28.87436 28.39622 28.25327 28.39933 28.46334
27.90609 28.15193 27.93803 27.70754 27.76093 27.29588 26.94598 26.78267 26.6256 26.4566 26.67642 26.69994 26.82482 27.10821 27.39701 27.63074 27.80561 28.01838 28.61956 29.14548 29.48222 29.78687 29.61251 29.69351 29.75026 29.69599 29.85418 29.74419 29.58833 29.41946 29.44304 29.70404 29.54141 29.55281 29.69678 29.78709 29.69646 29.49334 29.37522 29.59912 29.00824 29.1232 29.34751 30.00597 30.37227 29.87229 29.73556 29.54848 29.8541 29.88921 29.55183 29.52655 29.77612 29.7855 29.76181 30.00648 30.15331 30.17847 29.77622 29.88776 29.74408 29.29088 29.37462 29.07445 29.36501 29.25997 28.93174 28.79297 28.71793 28.1226 28.40948 28.48011
28.24275 28.26225 28.39471 27.92859 27.64726 27.29234 27.02134 26.80532 26.47557 25.94236 25.51353 25.64323 26.52435 27.12374 27.37502 27.62856 27.94605 27.91198 28.29852 29.1293 29.41395 29.7197 29.63344 29.48914 29.55398 29.37025 29.67135 29.54274 29.51484 29.38924 29.1867 29.13251 29.29804 29.65211 29.74938 29.61975 29.58289 29.54232 29.40485 28.8975 29.18136 29.49689 29.64433 29.98055 30.09802 29.96271 30.24715 30.58953 29.43759 29.48451 29.31619 29.09566 29.03719 29.19761 29.50777 29.75941 30.02786 29.12687 28.63826 29.32317 29.03122 28.13563 29.00714 29.64548 29.30931 28.8884 28.68278 28.74782 28.83403 28.72063 29.03081 28.82134
28.17631 28.03161 27.85662 27.97807 27.58069 27.14655 26.77336 26.59243 26.4196 25.97776 25.74464 25.72944 26.35673 27.0761 27.39305 27.39416 27.4224 27.65895 27.71573 28.91716 28.93546 29.7436 29.73173 29.45964 29.45667 29.53791 29.42115 29.5403 29.43642 29.29102 29.17381 29.12796 29.36787 29.81497 29.70803 29.38498 29.11939 29.27881 29.36555 29.01858 29.41131 29.51639 29.69136 29.50868 29.29353 29.44821 29.78385 29.62672 29.71769 29.97548 29.69407 29.46377 29.35528 29.40031 29.81993 29.95541 30.45821 28.37323 28.3385 28.91896 28.85526 28.62038 28.61786 28.84964 28.91743 28.48481 28.49979 28.88005 29.02391 29.11316 29.54263 29.00237
28.39333 28.02345 27.66263 27.85709 27.67252 26.97464 26.68583 26.54392 26.41999 26.45074 26.12525 26.22778 26.6473 27.30245 27.5892 27.63171 27.73781 27.87504 27.78508 28.08829 28.2212 28.93265 29.60542 29.76179 29.55131 29.56244 29.30495 29.31114 29.28508 29.21229 29.16629 29.19994 29.49227 29.67295 29.60414 29.20124 29.05146 29.08762 29.07355 28.93734 29.57772 30.10634 30.41945 29.96789 29.52727 29.58307 29.79658 29.97105 30.4635 30.5539 30.23869 29.89709 29.56688 29.52551 30.03933 30.14571 30.12134 28.07501 28.55445 28.93969 28.67997 28.05486 28.45052 28.94281 28.59285 28.65373 28.80782 28.98401 29.2646 29.66144 29.83169 29.34845
28.37399 28.31171 28.17164 27.92236 27.64493 27.79565 27.41214 26.78797 26.54669 26.77192 26.7274 26.84236 27.06013 27.24039 27.39514 27.24267 27.27529 28.0368 28.21564 28.30433 28.75655 29.00978 29.16967 29.66813 29.80442 29.47774 29.63785 29.45216 29.56791 29.75458 29.7459 29.58536 29.4401 29.31339 29.35706 29.3711 29.33869 29.38404 29.38702 29.13834 29.50859 30.48752 30.52098 29.92761 29.36689 29.16518 29.28757 29.85818 30.28683 30.44285 30.29146 29.51027 29.10249 29.51262 30.21495 30.67803 30.26401 28.93034 28.92408 28.97418 28.89071 28.93688 29.00753 29.16044 28.79522 28.91342 29.06256 29.32839 29.73171 29.87358 29.93134 29.07302
28.54121 28.53056 28.32128 27.97998 27.55234 27.71435 27.72306 27.53466 27.54057 27.6665 27.32847 27.43999 27.76254 27.90634 28.10168 27.75951 27.40214 27.96481 28.36078 28.53082 29.46699 29.31394 29.04729 29.19342 29.59472 29.35544 29.29669 29.43838 29.83175 29.97583 29.98061 29.99774 29.68898 29.07848 29.36593 29.73507 29.83461 29.86337 29.78547 29.75532 30.11474 30.22761 30.01457 29.68754 29.32227 29.13324 29.36596 29.85289 29.74128 29.83851 29.70583 28.95263 28.6754 29.09663 29.61957 30.18986 29.23328 28.37966 28.62673 28.79631 28.77532 28.86826 29.01138 29.07169 28.92891 29.02088 29.30474 29.4907 29.55994 29.64214 29.33794 27.97967
28.51426 28.45713 28.36369 28.16555 27.90484 27.7619 27.71604 27.58519 27.69888 28.01083 27.69473 27.4903 27.93619 28.15549 28.29953 28.30631 28.16048 28.08598 28.31886 28.49231 29.28578 28.85198 28.72349 29.07874 29.33753 29.49715 29.19294 29.76832 30.05551 30.04242 29.75562 29.35301 29.10595 29.19349 29.70756 29.81316 29.52639 29.46402 29.54699 30.03712 30.69779 29.98099 29.60193 29.90569 29.91431 29.80644 29.90005 29.95351 29.83302 29.87544 29.93262 29.90427 29.55521 29.07834 29.03374 29.53988 29.04229 28.21164 28.01743 27.74354 27.62661 28.34983 28.86857 29.06075 29.12888 29.1399 29.27299 29.52254 29.56063 29.09876 28.11551 28.42642
28.28175 28.22865 28.18949 28.23454 27.78513 27.58512 27.70434 27.50974 27.51532 27.85181 27.5619 27.43747 27.98663 28.07814 28.20408 28.359 28.31359 28.2045 28.43479 28.57221 29.27382 28.87459 28.42937 28.58705 28.80885 29.01654 29.63275 30.12562 29.93349 29.74269 29.55379 29.40303 29.37433 29.50592 29.18986 29.37434 29.52597 29.21013 29.1454 29.69184 30.25359 29.09564 29.75258 30.05815 30.34153 30.62241 30.65028 30.40975 30.27183 30.34717 30.26908 30.042 29.48399 28.92808 28.84869 29.18685 28.92488 29.40797 28.0717 27.44106 27.8322 28.37599 28.91146 29.10637 29.2293 29.20874 29.25787 29.25297 28.79761 28.14483 28.43463 28.78121
28.02046 27.96024 27.98743 28.02371 27.58737 27.66042 27.80949 27.76623 27.67737 27.64372 27.60268 27.86243 28.07088 28.01799 28.09602 28.27352 28.35148 28.2892 28.2529 28.29073 28.86877 28.45988 28.66977 29.06555 29.28898 29.24458 30.15743 29.96828 29.71262 29.61064 29.40507 29.32067 29.64849 29.8259 29.27597 29.57412 29.81024 29.79789 29.85503 29.10611 29.4923 29.81201 30.26722 30.51255 30.44429 30.57371 30.72123 30.52072 30.76764 31.15287 30.9849 30.23105 29.58893 29.2009 29.09534 29.21466 29.67726 29.53629 28.38882 27.9244 28.34591 28.83951 29.10527 29.20031 29.38666 29.30492 28.9863 28.96392 29.01608 28.84151 28.77375 28.888
28.2615 28.1556 28.09417 28.07797 28.03817 28.05018 27.85027 27.72258 27.75972 27.82611 27.85557 27.99311 27.92028 27.88766 27.93139 28.07984 28.2184 28.36028 28.44987 28.24471 28.41272 28.43302 29.01944 29.44848 29.69433 29.71807 30.18953 30.00682 29.78232 29.74778 29.68838 29.68562 29.72671 29.54397 29.38995 29.82584 29.8185 29.81259 29.83075 29.62538 30.12763 30.155 30.22075 30.31152 30.34401 30.52564 30.48899 30.04154 30.10346 30.58803 30.96558 30.48693 29.8461 29.66232 29.59278 29.29564 29.91226 29.57338 28.69885 28.6178 28.96658 29.1045 29.11156 29.54395 29.62274 29.19618 28.81258 28.82252 28.96498 28.99855 29.00451 28.85474
28.45638 28.51419 28.50906 28.23925 27.82366 27.77988 27.55334 27.40248 27.59003 27.859 27.72004 27.61029 27.78643 27.93671 27.82998 28.05567 28.23035 28.16982 28.24169 28.40843 28.65346 28.76328 29.4779 29.92495 29.97656 30.04916 29.85421 29.70508 29.75909 29.40572 29.51261 29.82192 29.64165 29.11203 29.56807 29.90526 29.30306 29.13286 29.37479 29.96969 30.31793 30.25697 30.03304 30.26074 30.25791 30.41326 30.33331 29.85925 30.22046 30.51148 30.85712 29.88346 29.13254 28.67562 28.36872 28.13609 28.32919 26.68767 27.11584 28.4494 29.31256 29.29774 29.00561 29.73267 29.67484 28.59596 28.50865 28.74148 28.97566 29.09306 28.9502 28.52343
28.57607 28.65811 28.52391 28.19647 26.95481 27.03235 27.14385 27.07981 27.39548 27.93329 27.9472 27.3279 27.71694 27.96059 27.82702 27.96228 28.24389 28.29659 28.24957 28.43391 28.6477 28.71387 29.89593 30.00772 29.78725 29.87722 29.35808 29.79167 29.92692 29.11676 29.18163 29.50419 29.31783 29.09176 28.97237 29.44039 29.39578 29.59345 29.87152 30.07583 30.1768 29.61632 29.78291 30.24785 30.44604 30.44702 30.26729 30.17331 30.56976 30.47491 30.86785 29.12169 28.20663 27.69881 27.67375 28.11847 28.23858 26.62555 27.60632 28.92917 29.50466 28.83765 27.87876 29.12947 29.59705 28.52028 28.65055 28.8434 28.96557 28.97683 28.87637 28.65358
28.29765 28.3983 28.51348 28.34066 27.60688 27.55154 27.39002 27.62176 27.78549 27.69415 27.55126 27.60837 27.78072 28.23326 27.85266 27.91284 28.22038 28.37275 28.37481 28.41487 28.48636 28.86278 29.7669 29.71649 29.63059 29.32832 29.27651 30.08151 29.49741 29.30008 29.39457 29.60308 29.618 29.30318 29.15804 29.31601 29.27365 29.6859 30.05088 30.01426 30.17632 30.43386 30.12579 30.40163 30.69294 30.43601 30.25721 30.45557 30.64706 30.58939 30.0953 29.83084 28.53754 27.57946 27.56497 28.21939 29.02555 26.70888 27.60356 29.02695 29.51256 28.63951 27.65778 28.74516 29.62867 29.03221 29.06274 28.80147 28.72077 28.88481 29.00772 29.03501
28.0112 27.69019 27.87145 28.37537 27.9455 27.76147 27.76468 28.06275 28.35883 28.41889 28.19645 27.82436 28.09653 28.28405 27.85102 27.97688 28.1098 28.08798 28.23752 28.58088 28.66402 29.08342 29.58702 29.32536 29.14163 29.20467 29.28011 30.1655 29.07252 29.38404 29.1334 29.03941 29.28683 29.18442 29.02323 29.2474 29.27414 29.42473 29.81092 29.80721 30.20372 30.54948 30.35387 30.26818 30.57444 30.4547 30.34475 30.49799 30.49065 30.35472 29.96089 29.82341 28.7259 29.04057 29.31395 28.94411 29.29744 29.00022 28.58149 28.61231 28.88069 28.51124 27.84106 28.48969 29.54916 29.24412 28.28841 27.81798 28.2357 28.76046 28.91609 29.00382
28.47122 -9999 28.3516 28.49673 27.93742 27.64506 27.73983 27.94702 28.06141 28.14836 28.01574 27.41665 27.87181 27.8026 27.29347 27.72981 28.21018 28.3144 28.33541 28.44378 28.57684 28.76895 29.31167 29.2435 28.82739 28.76628 29.4637 30.13474 29.3765 29.44246 29.07574 28.84047 28.98368 29.10391 29.16696 29.21917 29.46537 29.71962 29.93447 29.86315 30.20439 30.47359 30.43565 30.41147 30.36983 30.38227 30.42058 30.41522 30.26071 30.10036 30.22503 29.5882 28.80885 29.30579 29.36815 28.62008 28.51955 27.86772 26.72051 27.59683 27.61359 26.29349 25.35621 26.47985 27.74477 27.42761 27.04056 25.82672 26.48801 27.81368 28.50379 28.8343
28.18285 28.08215 28.25537 28.37275 28.23552 28.09632 28.22102 28.13872 28.18491 28.16213 27.8523 27.53733 27.94349 28.04907 27.92367 28.01747 28.16405 28.25385 28.34699 28.49107 28.65963 29.18325 28.81683 29.151 28.82142 28.52628 29.21143 29.40701 29.73798 28.95436 28.67274 29.05905 29.33513 29.28198 29.41813 29.43454 29.57779 29.87872 30.06119 30.03957 30.14551 30.28118 30.23178 30.44488 30.37121 30.36399 30.47032 30.39965 30.09197 30.02889 30.25209 29.08386 29.55175 29.52818 28.4017 26.80159 26.28243 25.21991 24.91251 26.36879 26.38249 26.20135 26.65377 27.30141 28.04753 27.84864 27.89544 27.52936 27.63651 28.34659 28.94036 28.84572
27.96476 27.90126 28.12714 28.32229 28.45541 28.50904 28.4842 28.36174 28.46551 28.50311 28.26744 27.94743 27.96556 27.24546 27.67929 28.00328 28.09498 28.09987 28.1551 28.38654 28.54455 29.0163 29.08689 29.14924 28.59535 28.38268 28.52939 28.51895 29.09279 29.09392 29.01349 29.23336 29.3679 29.27478 29.3994 29.48683 29.72091 29.93631 30.12365 30.12768 30.05034 30.04259 30.08441 30.35502 29.99696 30.08559 30.2665 30.1775 29.96329 30.00333 29.89895 29.52659 29.81903 29.60003 28.69938 27.04337 26.09131 24.72522 25.97685 27.10705 26.45737 25.89146 26.49215 27.32222 27.13974 28.42489 28.01721 28.14745 28.28354 28.63462 28.98974 28.75555
27.88418 27.69563 27.7356 27.93182 27.97322 28.3287 28.66214 28.60534 28.55166 28.47422 28.29433 27.99636 27.70138 27.51406 27.52964 27.89704 27.86014 27.83373 28.01536 28.23412 28.68532 28.38615 27.92024 28.93769 29.01015 28.60093 28.71454 28.92471 29.31515 29.78281 29.16294 29.09523 29.14673 29.00639 29.2807 29.62375 29.85723 30.06902 30.1355 30.04682 29.82314 29.76013 29.93701 30.03016 29.62069 29.88279 30.15621 30.18332 30.10153 29.9738 29.80872 29.4914 29.29939 29.0868 28.33934 27.17833 26.5998 26.01333 26.37371 26.92206 26.71409 26.40791 26.74884 27.52824 27.88248 28.12074 28.08318 28.27492 28.1424 28.56833 29.01807 28.8608
28.3038 28.37491 28.31096 28.10902 27.93798 28.0172 28.39303 28.26757 28.20668 28.13342 28.0612 28.08925 28.24174 28.1714 27.92381 27.73304 27.90758 28.07985 28.27657 28.47802 28.20066 27.52623 28.11369 28.21316 28.54952 29.14801 29.57239 29.19999 29.47408 29.22106 28.87605 29.29092 29.56697 29.3061 29.20142 29.85563 29.24636 29.61177 29.90405 29.73691 29.53796 29.5316 29.52839 29.3405 29.47958 29.57393 29.70439 29.55996 29.25422 29.09945 28.70971 27.52687 26.67591 26.47006 26.51219 26.33801 26.14889 24.09417 25.66216 25.34267 26.79283 27.194 26.9004 26.80436 26.98615 27.49389 27.75891 28.48889 28.6101 28.9105 29.00586 28.79136
27.7988 27.86312 28.01959 27.96757 27.85774 27.95141 28.19861 28.39668 28.4722 28.44809 28.45805 28.48886 28.49336 28.39007 28.23243 28.10136 28.22436 28.44158 28.35171 28.03299 28.11923 28.15057 28.22525 28.49681 28.87029 29.46694 29.92083 29.42692 29.1675 29.08354 28.80064 29.41551 29.40049 28.96656 29.14072 29.61148 29.2607 29.51316 29.70798 29.74463 29.74069 29.76225 29.59526 29.43538 29.58567 29.53323 29.40812 29.27449 29.22886 29.21419 28.98568 28.96607 28.34565 27.88938 28.08778 27.64883 26.93024 25.2593 26.26797 26.047 26.55119 27.28121 27.58133 27.0792 26.58877 27.79912 28.49722 28.52486 28.67973 28.73112 28.90786 28.99432
27.17356 27.37572 27.49308 27.43869 27.97341 28.18011 28.33219 28.47575 28.61907 28.66894 28.71501 28.65089 28.35387 28.51342 28.48835 28.17559 28.19366 28.29277 28.24335 28.17709 28.38414 28.40359 28.34682 28.52609 29.02676 29.53016 29.69563 29.35286 28.36137 28.68982 28.64249 29.06898 29.18635 28.99785 29.06526 29.50952 29.13136 29.54854 29.48025 29.52552 29.70249 29.72328 29.30047 29.11503 29.21677 29.42046 29.54571 29.48626 29.49858 29.40274 28.86934 29.03942 28.81964 28.10659 26.85871 26.98429 27.58123 26.56979 26.60083 26.37816 26.06821 26.84009 27.02966 26.9699 27.67604 28.66912 28.70245 28.16376 28.57933 28.4478 28.69518 29.10877
26.99069 26.36887 26.61211 27.10843 28.02453 28.30952 28.42814 28.31236 28.59692 28.71826 28.7636 28.59216 28.1414 28.44413 28.23794 28.22468 28.13201 28.18877 28.33481 28.45754 28.48237 28.59455 28.45425 28.75592 29.21481 29.59947 29.74754 29.55935 28.45536 28.61441 28.67136 28.89069 29.39869 29.44757 29.15321 29.34005 29.29652 29.93774 29.95789 29.76688 29.63851 29.6145 29.39789 29.3419 29.54146 29.87105 29.88909 29.81482 29.69319 29.44768 29.03668 29.03327 28.63814 27.0157 26.23343 26.70199 27.37268 27.14544 26.8764 25.99909 26.16522 26.54258 26.45676 26.82816 27.95552 28.5815 28.52789 28.11737 28.63693 28.75155 28.9034 28.91185
26.78078 27.26595 27.36194 27.48425 27.88782 28.24253 28.39866 28.57906 28.69271 28.54893 28.52699 28.56571 28.41412 28.7485 28.44852 28.63112 28.51354 28.57512 28.67471 28.71535 28.71251 28.55136 28.47467 28.68046 29.2775 29.59342 29.44828 29.12027 28.5832 28.42532 28.89915 28.98125 29.39572 29.76142 29.81026 29.77946 29.61195 29.67164 29.90013 29.67614 29.58732 29.7144 29.71349 29.65726 29.59536 29.85681 29.72675 29.65183 29.64642 29.59231 29.34184 28.4981 27.69596 26.70888 25.71624 26.34897 27.43943 27.39061 26.98811 25.06841 26.29125 26.59044 27.1914 27.81714 28.194 28.56298 28.64562 28.60093 28.47817 28.84589 28.9242 28.6402
