features/re_bio4.asc
ncols         768
nrows         589
xllcorner     124.299398925
yllcorner     32.893460211367
cellsize      0.010567299164062
NODATA_value  -9999
[rows 128 to 159 of 589, columns 216 to 287 of 768]
-9999 -9999 -9999 -9999 -9999 -9999 -9999 -9999 -9999 -9999 -9999 -9999 -9999 -9999 -9999 -9999 -9999 -9999 -9999 -9999 -9999 1115.346 1107.599 1093.932 1087.318 1080.047 1076.325 1076.458 1074.064 1077.206 1073.261 1074.537 1074.963 1067.74 1058.535 1061.499 1057.671 1059.108 1059.759 1060.784 1063.417 1071.228 1069.301 1072.388 1077.555 1078.744 1074.366 1070.354 1068.345 1069.725 1076.079 1079.761 1086.372 1097.457 1102.498 1118.014 1121.705 1121.822 1106.504 1096.394 1092.557 1089.984 1098.515 1100.364 1106.971 1105.019 1090.117 1084.325 1101.64 1107.911 1114.252 1115.558
-9999 -9999 -9999 -9999 -9999 -9999 -9999 -9999 -9999 -9999 -9999 -9999 -9999 -9999 -9999 -9999 -9999 -9999 -9999 -9999 -9999 1112.794 1095.56 1086.488 1080.738 1073.892 1067.28 1067.098 1068.789 1066.421 1067.653 1070.688 1074.144 1072.697 1061.632 1061.986 1059.693 1058.702 1060.93 1061.021 1059.611 1067.29 1067.635 1067.462 1067.083 1065.326 1062.429 1061.147 1060.99 1069.21 1068.131 1074.967 1086.014 1095.19 1105.277 1125.175 1126.422 1124.942 1112.662 1096.899 1088.837 1087.05 1091.212 1094.584 1100.379 1099.599 1089.043 1080.839 1090.786 1097.613 1104.68 1111.49
-9999 -9999 -9999 -9999 -9999 -9999 -9999 -9999 -9999 -9999 -9999 -9999 -9999 -9999 -9999 -9999 -9999 -9999 -9999 1113.257 1113.884 1108.05 1100.771 1076.911 1070.36 1069.399 1072.395 1073.936 1070.84 1068.692 1068.38 1067.327 1066.501 1063.581 1055.709 1057.752 1059.069 1055.578 1054.362 1053.798 1054.518 1063.661 1065.537 1065.899 1063.792 1064.602 1066.217 1062.231 1062.019 1070.341 1071.273 1075.06 1083.873 1092.997 1101.668 1119.295 1121.74 1122.645 1113.729 1101.078 1086.485 1085.516 1096.216 1090.157 1146.66 1148.336 1086.065 1078.45 1079.898 1092.277 1098.322 1104.1
-9999 -9999 -9999 -9999 -9999 -9999 -9999 -9999 -9999 -9999 -9999 -9999 -9999 -9999 -9999 -9999 -9999 -9999 -9999 1095.77 1099.517 1093.734 1087.489 1068.698 1067.171 1067.96 1065.72 1065.834 1068.407 1066.389 1064.147 1058.985 1055.249 1053.791 1052.056 1054.142 1054.544 1052.446 1050.785 1051.401 1054.038 1055.138 1060.195 1062.6 1061.013 1058.29 1056.383 1056.219 1059.649 1067.688 1070.485 1073.53 1079.582 1085.057 1086.348 1089.269 1109.586 1106.146 1094.006 1089.264 1082.928 1081.641 1083.236 1081.602 1098.93 1102.209 1088.167 1083.906 1078.65 1086.623 1090.162 1092.116
-9999 -9999 -9999 -9999 -9999 -9999 -9999 -9999 -9999 -9999 -9999 -9999 -9999 -9999 -9999 -9999 1084.28 1080.032 1081.302 1084.892 1086.237 1082.65 1078.82 1066.528 1063.554 1062.197 1060.287 1060.054 1060.864 1059.329 1054.624 1052.055 1050.793 1048.96 1046.889 1048.222 1048.174 1047.183 1046.787 1049.934 1053.022 1039.265 1052.481 1058 1056.87 1055.227 1053.884 1052.988 1053.651 1055.006 1061.622 1068.082 1071.379 1073.15 1076.127 1080.751 1087.485 1083.379 1080.119 1081.627 1082.492 1085.377 1086.971 1074.275 1071.749 1077.426 1080.484 1076.31 1083.365 1075.433 1074.752 1079.872
-9999 -9999 -9999 -9999 -9999 -9999 -9999 -9999 -9999 -9999 -9999 -9999 -9999 -9999 -9999 -9999 1081.362 1077.999 1077.011 1076.864 1073.955 1068.882 1068.169 1066.384 1061.421 1059.88 1059.977 1056.703 1055.799 1053.475 1050.167 1048.103 1047.801 1046.195 1042.991 1042.932 1042.648 1043.541 1043.838 1045.774 1046.397 1030.936 1044.73 1050.169 1050.007 1049.741 1051.664 1050.495 1043.769 1050.66 1051.905 1055.332 1062.474 1070.712 1075.401 1068.376 1071.851 1069.122 1072.169 1076.038 1080.29 1080.507 1079.545 1066.641 1074.641 1083.802 1086.681 1086.647 1074.503 1079.2 1077.012 1078.606
-9999 -9999 -9999 -9999 -9999 -9999 -9999 -9999 -9999 -9999 -9999 -9999 -9999 -9999 -9999 -9999 1074.037 1072.596 1071.149 1067.359 1064.319 1065.732 1060.528 1060.04 1056.622 1056.036 1057.027 1054.654 1054.206 1052.14 1047.882 1045.345 1046.164 1045.769 1040.517 1038.686 1037.825 1039.41 1039.245 1039.816 1038.707 1028.656 1035.727 1041.442 1043.114 1043.103 1045.892 1047.174 1034.239 1050.967 1050.849 1052.236 1056.536 1061.808 1066.771 1070.89 1063.451 1062.289 1072.001 1071.88 1074.778 1073.913 1063.141 1062.05 1065.065 1067.627 1073.412 1082.458 1080.98 1076.417 1074.611 1072.385
-9999 -9999 -9999 -9999 -9999 -9999 -9999 -9999 -9999 -9999 -9999 -9999 -9999 -9999 -9999 -9999 1069.582 1068.137 1067.389 1062.512 1057.03 1056.216 1053.909 1051.79 1051.782 1052.524 1053.607 1051.43 1049.425 1048.04 1045.411 1043.016 1041.252 1040.029 1037.603 1033.645 1031.382 1032.287 1029.542 1029.925 1030.837 1028.197 1032.028 1033.506 1035.554 1036.891 1038.895 1039.562 1034.553 1047.711 1046.763 1050.284 1054.001 1056.207 1058.582 1064.138 1062.645 1067.829 1071.432 1071.33 1071.697 1068.437 1061.108 1061.87 1067.792 1066.948 1064.101 1070.3 1080.306 1071.954 1079.501 1075.688
-9999 -9999 -9999 -9999 -9999 -9999 -9999 -9999 -9999 -9999 -9999 -9999 -9999 -9999 -9999 -9999 1057.673 1057.404 1058.487 1056.102 1051.688 1049.879 1050.153 1046.857 1048.122 1051.707 1051.583 1048.364 1047.218 1046.29 1043.86 1040.459 1038.151 1036.796 1033.661 1027.065 1029.458 1026.508 1024.481 1023.059 1022.972 1024.836 1027.885 1029.62 1030.512 1032.94 1034.751 1035.311 1037.299 1040.661 1041.59 1045.515 1048.475 1050.524 1053.741 1057.062 1058.583 1071.838 1068.653 1067.6 1071.64 1064.655 1056.087 1058.317 1060.838 1058.646 1057.745 1063.095 1074.572 1060.152 1071.007 1069.721
-9999 -9999 -9999 -9999 -9999 -9999 -9999 -9999 -9999 -9999 -9999 -9999 -9999 -9999 1052.727 1056.862 1059.79 1060.27 1058.203 1060.771 1058.703 1048.651 1046.351 1045.209 1049.181 1053.803 1052.077 1047.618 1049.36 1050.368 1043.121 1038.388 1035.447 1033.641 1030.44 1024.785 1026.739 1023.299 1019.633 1017.237 1018.218 1023.429 1026.484 1028.307 1029.028 1029.561 1030.692 1033.318 1036.759 1034.685 1041.247 1041.997 1044.999 1049.144 1052.828 1060.794 1067.015 1079.267 1077.447 1073.415 1071.76 1064.903 1053.936 1053.978 1054.621 1054.339 1053.916 1057.402 1068.9 1065.921 1082.912 1077.444
-9999 -9999 -9999 -9999 -9999 -9999 -9999 -9999 -9999 -9999 -9999 -9999 -9999 -9999 1059.915 1059.951 1057.065 1061.089 1061.288 1056.431 1053.559 1053.736 1045.508 1044.618 1045.334 1045.37 1046.576 1050.474 1060.842 1059.541 1044.987 1037.833 1033.006 1028.886 1025.747 1022.709 1021.251 1018.6 1013.974 1011.687 1013.472 1021.943 1025.544 1027.523 1028.503 1028.037 1028.479 1031.369 1036.047 1032.154 1040.365 1040.059 1043.788 1047.891 1051.988 1063.619 1081.744 1089.827 1085.647 1079.882 1074.215 1063.664 1056.968 1055.273 1059.234 1059.526 1057.116 1056.318 1060.493 1064.723 1071.694 1071.621
1015.576 1016.282 1019.824 1021.946 1024.588 1030.618 1035.964 1043.531 1046.928 1047.625 1049.265 1047.446 1048.717 1053.985 1061.007 -9999 -9999 1067.558 1065.254 1059.978 1054.636 1053.482 1052.313 1041.172 1041.597 1044.478 1050.91 1060.711 1068.872 1067.297 1049.947 1041.054 1033.957 1026.814 1020.451 1017.656 1016.051 1014.419 1013.172 1011.868 1011.661 1016.146 1021.291 1023.349 1025.02 1026.009 1028.037 1031.03 1034.494 1035.653 1038.363 1038.613 1043.24 1048.247 1052.21 1061.396 1090.996 1102.991 1091.795 1081.104 1070.712 1060.632 1056.369 1061.982 1062.237 1055.975 1053.911 1056.12 1056.326 1062.761 1065.034 1068.127
1015.321 1015.955 1016.883 1020.673 1024.473 1029.49 1032.888 1035.993 1037.942 1042.652 1044.805 1047.792 1050.043 1051.313 1054.477 1060.953 1070.405 -9999 -9999 1064.473 1057.725 1052.206 1046.095 1039.258 1040.07 1046.687 1055.642 1063.763 1070.124 1059.552 1047.637 1038.965 1031.783 1024.104 1016.292 1013.076 1011.185 1011.805 1009.42 1008.416 1008.075 1010.763 1015.314 1016.835 1019.075 1021.608 1024.822 1029.144 1033.75 1036.133 1037.916 1039.74 1046.272 1050.033 1052.23 1062.172 1087.917 1100.046 1087.047 1079.227 1071.516 1068.256 1066.278 1064.581 1057.188 1048.634 1049.674 1055.601 1056.124 1062.05 1064.442 1069.378
1016.08 1016.324 1016.455 1019.972 1020.577 1025.067 1029.617 1033.667 1034.271 1041.615 1047.344 1046.042 1052.279 1057.216 1056.436 1060.044 1067.644 1071.766 -9999 1064.254 1056.555 1051.108 1045.165 1036.215 1036.034 1045.585 1053.273 1056.658 1062.063 1052.652 1039.084 1030.257 1025.342 1018.578 1011.72 1009.257 1008.5 1008.251 1008.174 1006.315 1005.169 1007.563 1009.469 1012.443 1014.648 1018.441 1023.565 1029.297 1034.766 1040.208 1037.977 1043.35 1044.561 1045.139 1052.015 1065.07 1074.182 1067.579 1073.156 1073.317 1071.783 1065.911 1055.434 1051.983 1052.179 1049.965 1052.228 1054.99 1052.695 1054.31 1059.25 1067.034
1014.697 1016.62 1018.441 1020.881 1019.738 1021.647 1025.242 1029.478 1031.014 1033.412 1043.87 1044.965 1051.34 1057.507 1057.321 1058.482 1061.265 1064.339 1066.352 -9999 -9999 1051.287 1044.945 1033.493 1033.796 1037.612 1039.413 1038.311 1036.941 1035.056 1025.847 1022.745 1021.154 1013.505 1005.945 1005.688 1006.522 1003.526 1004.124 1003.418 1002.771 1005.151 1007.402 1009.697 1014.133 1016.692 1021.295 1029.752 1038.921 1043.06 1038.667 1039.953 1041.394 1042.724 1047.671 1054.584 1053.296 1052.584 1068.022 1068.834 1062.524 1052.657 1049.321 1047.224 1051.099 1053.139 1052.784 1050.334 1048.043 1051.163 1054.562 1075.848
-9999 1013.803 1017.201 1020.041 1020.338 1022.066 1024.271 1025.384 1029.455 1033.813 1036.109 1036.093 1041.473 1047.139 1050.569 1053.485 1052.386 1052.431 1055.742 1053.891 1049.649 -9999 -9999 1028.26 1025.891 1027.593 1030.109 1028.873 1023.883 1023.614 1019.479 1016.324 1011.884 1005.723 1001.155 1001.242 998.9337 999.0049 999.7943 1000.727 1001.133 1002.076 1004.415 1008.561 1009.448 1012.852 1018.506 1025.967 1034.167 1036.826 1037.469 1035.848 1038.496 1041.339 1044.13 1048.788 1052.284 1049.568 1051.398 1052.381 1050.797 1049.112 1049.724 1050.235 1052.663 1051.113 1050.273 1048.146 1043.663 1045.421 1047.671 1072.211
-9999 1009.74 -9999 -9999 1017.655 -9999 1021.454 1023.241 1031.19 1035.425 1036.651 1034.363 1036.828 1040.602 1042.895 1044.534 1044.45 1042.942 1042.925 1042.109 1038.49 1034.098 1029.925 -9999 -9999 -9999 1024.481 1022.657 1015.481 1013.092 1016.27 1012.433 1007.693 1002.887 999.0818 998.2249 996.5014 996.2216 997.4473 999.1216 999.8362 1001.151 1003.386 1004.635 1007.055 1010.629 1014.635 1019.236 1024.701 1029.707 1029.552 1032.179 1037.264 1040.506 1042.016 1043.024 1043.386 1043.18 -9999 1048.228 1047.211 1045.922 1045.891 1049.546 1054.176 1048.843 1047.015 1045.015 1045.618 1062.229 1065.25 1060.781
-9999 -9999 -9999 -9999 -9999 -9999 -9999 -9999 1024.473 1030.57 1034.173 1035.313 1036.924 1038.384 1040.787 1042.492 1040.495 1039.576 1037.978 1037.142 1033.299 1027.429 1023.852 1023.739 1021.634 1019.169 -9999 1016.133 1009.387 1007.121 1007.426 1007.774 1003.632 1000.186 998.37 995.465 995.8837 995.6013 996.4883 997.2939 998.0258 999.238 1000.842 1000.869 1003.721 1005.648 1008.749 1013.517 1017.658 1019.411 1022.979 1028.971 1035.925 1039.599 1040.389 -9999 1042.51 1041.668 1051.604 1049.365 1045.325 1044.119 1045.671 1046.246 1044.559 1037.416 1043.348 1052.662 1053.964 1054.72 1064.218 -9999
-9999 -9999 -9999 -9999 -9999 -9999 -9999 1025.787 1031.402 1035.924 1037.508 1042.963 1040.499 1038.888 1039.834 1039.423 1037.93 1034.825 1031.614 1029.868 1025.754 1020.972 1020.608 1017.02 1010.352 1004.467 -9999 1005.942 1002.6 1002.625 1001.56 996.884 993.9541 992.4642 990.6019 990.1497 990.1089 988.0292 986.8887 989.4017 992.8302 996.824 997.5137 997.2045 997.7029 999.9272 1003 1007.805 1011.089 1012.943 1019.223 -9999 1032.458 1038.273 1043.461 1045.356 1045.232 1042.067 1041.726 1040.919 1041.514 1042.258 1042.604 1039.353 1036.938 1037.785 1042.236 1043.751 1043.771 1048.874 1062.175 1063.93
-9999 -9999 -9999 -9999 -9999 1014.825 1021.314 1031.841 1042.698 1043.056 1045.971 1048.761 1045.452 1040.563 1037.292 1035.715 1036.188 1035.339 1033.839 1027.944 1022.368 1019.504 1018.514 1016.671 1006.711 1000.875 999.9946 1000.091 -9999 1000.797 1000.422 995.5042 993.7661 992.0917 990.1008 988.4915 989.0552 987.0187 986.8343 987.3813 989.2181 994.4541 995.442 995.8069 997.0316 999.2882 1000.618 1003.286 1007.322 1010.882 1019.653 1025.47 1032.805 1043.718 1053.271 1057.015 1054.809 1051.374 1045.051 1042.219 1041.494 1041.4 1041.313 1038.456 1036.47 1035.548 1042.462 1051.474 1058.428 1062.22 -9999 1074.192
-9999 -9999 -9999 -9999 -9999 1013.624 1020.859 1030.033 1040.177 1051.161 1053.147 1052.242 1043.07 1034.594 1031.106 1031.483 1033.483 1033.298 1032.549 1029.615 1027.749 1025.271 1019.545 1012.378 1004.317 999.7665 998.9866 1001.096 1002.547 1001.068 -9999 997.4843 993.8461 991.0258 989.6304 989.4082 988.788 989.2126 987.5403 986.7894 987.5508 993.1467 993.6856 990.5912 991.877 994.9091 995.7326 996.8835 1000.313 1006.875 -9999 1021.216 1036.155 1046.664 1051.969 1054.344 1053.884 1052.57 1046.053 1042.505 1040.9 1040.946 -9999 1041.677 1041.803 1037.169 1039.4 1047.408 1055.68 1061.836 1070.798 1084.455
-9999 -9999 -9999 -9999 -9999 1012.419 -9999 -9999 1042.931 1047.699 1046.607 1047.068 1040.842 1034.387 1030.64 1028.941 1028.801 1030.982 1031.123 1030.284 1027.984 1024.122 1018.999 1005.985 1002.746 1001.72 1001.275 1001.242 1002.44 1000.552 998.02 997.2629 994.6413 992.208 991.2377 990.5053 988.9814 991.3593 989.2427 987.9897 989.9265 -9999 991.0905 -9999 -9999 993.1044 994.1735 993.3216 994.8338 1001.175 1012.829 1016.699 1025.806 1036.82 1044.715 1049.067 1050.644 1047.498 1042.757 1041.155 1041.287 1041.877 1042.306 1042.721 1046.531 1044.374 1044.757 1049.126 1054.819 -9999 1070.311 1082.448
-9999 -9999 -9999 -9999 -9999 -9999 -9999 -9999 1027.688 1031.814 1027.273 1031.738 1033.315 1031.375 1028.385 1026.205 1025.285 1030.04 1029.348 1028.175 1022.737 1016.336 1013.286 1011.747 1010.373 1006.41 1005.67 1006.114 1004.977 1002.99 1003.178 1002.214 1000.554 996.7957 993.7664 991.4144 990.945 992.0881 990.3502 990.3931 -9999 994.2516 992.8542 992.6705 993.4917 995.4379 997.0968 997.1109 996.8663 1001.491 1010.718 1012.455 1019.54 1026.318 1033.901 1040.975 1043.354 1041.772 1039.007 1040.089 1040.911 1041.825 1039.612 1033.729 1035.476 -9999 -9999 1048.475 1052.691 1057.984 1066.69 1075.004
-9999 -9999 -9999 -9999 -9999 -9999 -9999 1023.539 1021.897 1023.171 1021.119 1026.448 1028.188 1027.712 1026.473 1024.421 1023.815 1028.463 1027.56 1025.905 1020.648 1015.978 1012.797 1013.173 1011.307 1008.023 1005.913 1004.298 1004.095 1005.767 1003.089 1003.98 998.7238 996.6901 995.4897 -9999 990.5476 993.2283 993.4958 -9999 994.5703 996.1807 994.7344 994.1742 994.4109 994.19 998.0054 1000.789 1001.853 1001.784 1003.029 1005.779 1013.651 1019.104 1024.124 1029.149 1033.309 1035.409 1037.888 1038.341 1038.667 1037.923 1034.552 1028.251 1027.573 1037.538 1041.001 -9999 1051.706 -9999 1063.683 1065.506
-9999 -9999 -9999 -9999 -9999 -9999 1007.695 1012.714 1016.349 1012.591 1011.471 1017.997 1022.11 1024.068 1023.897 1022.934 1022.198 1024.875 1026.604 1022.227 1018.138 1016.426 1014.187 1013.962 1012.412 1009.988 1008.147 1006.41 1005.098 1005.914 1003.759 997.6232 993.6948 992.6312 992.3622 992.2676 993.3787 994.8316 995.3149 994.89 994.9414 995.1714 995.2031 994.3021 992.2953 994.5422 995.8232 997.7231 998.6215 996.8675 995.2876 998.3226 1011.979 1016.538 1019.378 1024.813 1030.407 1031.304 1034.761 1034.929 1033.825 1033.427 1032.512 1027.623 1034.251 1044.4 1047.517 1047.897 1051.229 1056.619 1059.708 1059.443
-9999 -9999 -9999 -9999 -9999 -9999 -9999 -9999 1003.351 1004.923 1005.331 1013.652 1018.324 1019.562 1019.717 1020.054 1019.797 1022.194 1026.999 1022.585 1019.297 1017.399 1016.561 1015.588 1013.915 1011.344 1009.707 1006.282 1002.393 1001.972 1001.559 988.0788 981.423 979.4984 982.0277 986.7548 992.8865 995.2513 996.8062 996.4046 995.5157 996.0833 996.4489 996.4746 996.7521 996.8135 999.2791 999.1298 998.1793 1000.202 998.059 999.715 1010 1018.933 1021.617 1022.092 1025.051 1025.623 1035.244 1031.174 1031.063 1033.544 1032.71 1027.918 1027.09 1039.807 1049.214 1050.359 1051.564 1054.437 1053.522 1057.862
-9999 -9999 -9999 -9999 -9999 -9999 -9999 -9999 1001.326 1000.488 1001.915 1006.108 1012.21 1014.246 1014.93 1016.763 1017.651 1017.437 1025.096 1024.505 1021.801 1021.095 1021.401 1016.802 1013.351 1011.561 1009.791 1003.101 996.3937 995.2219 998.5963 986.5917 973.3553 970.9997 975.2119 981.6617 990.2292 998.9893 999.0322 998.1279 996.3457 994.2285 994.9433 997.5485 999.4244 1000.463 1000.114 1000.981 1002.702 1003.043 1002.93 1006.589 1008.381 1011.681 1015.909 1020.256 1021.189 1018.63 1029.042 1025.167 1028.424 1033.806 1033.138 1028.807 1032.061 1022.157 1037.279 1045.213 1048.076 1050.691 1052.371 1055.662
-9999 -9999 -9999 -9999 -9999 -9999 985.5521 994.9301 1001.772 1001.884 1001.023 1000.573 1003.25 1008.443 1012.476 1014.941 1016.806 1016.005 1023.7 1026.152 1025.995 1025.781 1025.113 1017.759 1013.43 1012.5 1010.263 1004.08 996.2571 992.6653 990.6823 985.4122 975.5737 971.1813 975.7809 983.7725 989.7497 1000.445 1001.037 998.1912 996.9763 993.0004 994.3683 996.6509 998.5954 1000.042 1001.524 1003.175 1005.724 1008.563 1010.099 1012.573 1011.764 1013.357 1015.221 1017.423 1018.875 1015.379 1019.754 1018.324 1022.8 1027.669 1029.426 1028.659 1022.909 1028.631 1034.811 1043.379 1049.59 1053.246 1057.717 1060.924
-9999 -9999 -9999 -9999 -9999 -9999 981.0731 989.2939 1000.503 1004.054 1002.597 1001.049 1001.113 1003.855 1008.193 1012.684 1015.69 1010.571 1016.173 1026.377 1029.423 1028.233 1026.398 1019.932 1016.446 1009.206 1006.85 1005.929 1000.235 989.2427 978.835 969.4893 965.8781 967.9651 980.3754 993.3333 997.5122 1001.998 1002.99 999.653 998.7024 999.143 999.7472 1001.258 1000.947 1002.126 1005.619 1006.597 1008.93 1014.748 1015.578 1017.066 1012.77 1013.48 1013.795 1014.15 1013.987 1011.599 1021.794 1024.793 1026.378 1026.321 1027.01 1029.081 1029.298 1032.867 1041.23 1045.043 1048.007 1052.188 1054.383 1058.355
-9999 -9999 -9999 -9999 -9999 -9999 -9999 988.8138 1000.047 1005.416 1003.154 996.9915 999.2452 1002.252 1006.695 1011.079 1013.713 1009.95 1012.66 1019.955 1022.93 1022.738 1022.333 1019.664 1017.812 1008.274 1001.866 1001.602 1000.409 990.9743 978.3729 961.2172 956.5189 960.1874 978.4478 997.6724 1004.137 1005.504 1006.091 1004.155 1003.798 1007.095 1005.225 1003.314 1003.814 1005.466 1011.085 1011.731 1011.76 1013.239 1014.009 1015.684 1013.565 1012.945 1011.992 1010.529 1010.164 1011.062 1019.729 1023.259 1025.807 1027.283 1027.153 1026.83 1031.477 1035.62 1045.714 1048.565 1051.872 1054.876 1052.815 1054.038
-9999 -9999 -9999 -9999 -9999 -9999 -9999 987.8155 994.47 1000.071 1001.672 1002.15 1001.41 1005.03 1009.476 1011.212 1012.599 1010.502 1009.064 1015.691 1017.895 1017.858 1018.1 1019.611 1017.97 1008.735 1002.486 1003.135 1003.268 995.0543 981.3101 963.0863 958.7397 965.24 984.1746 1001.055 1005.614 1009.388 1009.995 1009.122 1009.197 1008.913 1006.118 1004.31 1006.258 1008.022 1010.383 1010.346 1010.079 1011.44 1014.768 1015.296 1010.387 1007.267 1006.465 1007.665 1009.863 1011.084 1019.384 1020.492 1022.905 1026.545 1026.981 1026.046 1036.192 1041.047 1046.551 1045.936 1051.208 1056.318 1054.363 1053.241
-9999 -9999 -9999 -9999 -9999 -9999 -9999 995.5486 996.9662 999.915 1000.398 1007.974 1009.44 1005.587 1004.063 1008.085 1013.382 1014.583 1015.689 1016.021 1015.873 1015.398 1012.577 1015.317 1017.248 1008.523 1003.694 1006.093 1007.228 997.9453 982.2112 971.63 970.201 979.0273 995.0085 1005.733 1008.032 1013.259 1012.717 1012.611 1011.795 1007.856 1007.133 1006.72 1006.134 1009.813 1010.203 1011.415 1013.056 1015.217 1016.724 1014.793 1007.282 1004.291 1004.354 1006.139 1008.822 1011.24 1016.525 1021.827 1024.086 1025.533 1024.692 1025.319 1035.595 1044.579 1048.907 1052.598 1055.964 1058.102 1057.487 1053.611
