features/re_bio19.asc
ncols         768
nrows         589
xllcorner     124.299398925
yllcorner     32.893460211367
cellsize      0.010567299164062
NODATA_value  -9999
[rows 272 to 305 of 589, columns 308 to 384 of 768]
189.3 190.7 193.8 184.4 183.4 178.4 175.8 174.4 175.3 176.1 175.5 172.9 169.9 171.3 168.9 167.5 168 169.2 168.9 167.3 166.6 167.2 168 170.5 168.9 163.9 164.6 163.3 162.1 161.9 161 160.3 161.6 163.6 163.3 164.7 166.3 167.4 173.4 177.1 174.4 175.6 178.4 180.6 174.1 177.3 184.1 180.7 171.8 162.1 156.8 158.2 153.2 156.7 153.4 155.9 164.4 155 148.8 150.2 156.6 153.1 146.9 145.5 145.5 141 138.6 136.2 136.6 136.7 136.8 136.2 133.7 136.2 135.6 131.9 134.4
199.7 198.4 195 192.8 190.8 181.6 179.2 177 178.2 182.7 184.2 179.8 169.9 170.9 169.1 168.2 168.1 168 166.3 164.6 167.7 165.5 166 165.8 164.5 164.2 162.3 160.6 163.2 160.4 160.9 162 164.1 165.3 162.5 159.1 161.5 167.5 175 172.9 165.5 171.2 174.4 164.6 170.3 171.6 172.7 170.6 165.5 161.9 159 154.6 153.4 153 149.5 150.4 155 156.4 152 145.1 150.8 149.1 143 145.3 150.9 145.7 138.2 147.9 140.1 137.2 135 133.7 132.5 132.5 133.9 133.1 -9999
208.1 205.6 187 191.7 198.3 192.5 184 178.9 178.3 180.7 185.3 182.5 173.5 170.8 169.1 169.4 169.7 169 169.3 171.5 172.4 170.7 168.6 167.6 168.1 164.9 162.1 162.4 163.9 161.5 164.9 164.4 162.7 162.1 162.7 161.2 161.1 160.8 164.9 164 162.4 166.5 163.1 161 168.9 165.8 165.6 166.4 165.5 166.7 172 160.1 153.9 151.1 151 147.7 149.5 147.4 147 145.8 145.1 144.4 142.3 143 146.2 144.2 138.9 146.3 140.2 136.9 134.7 133.8 136.9 134.1 133.2 133.4 133.6
202.5 200 189.9 193.8 205 200.3 189 180.2 179.2 182 185.1 183.8 179 174.9 173.5 173.8 171.1 170.5 170.2 168.3 169.8 170.1 169.9 169.5 169.4 167.2 164 164.7 170.5 172.4 168.8 165.2 163.3 163.2 164.8 166.3 169 161 161.5 162.3 164.9 167.8 163.5 164 168.1 171.4 169.5 170 173.2 179.5 182.3 163 155.6 150.7 150.3 147.6 145.4 146.7 145.1 146.2 142.4 139.9 138.1 137.5 137.5 137.5 136.6 135.3 136 136.2 134.9 135.6 136 135.4 133.8 132.9 133.6
202.6 197.4 195.3 200.1 212.6 201.4 190.5 182.9 181.4 183.3 186.1 185.7 185.3 186.5 177.3 175.2 173 170.8 170.5 171.4 172.2 170.1 170.1 170.6 170.5 168.7 167.1 170.6 167.6 175.1 168.3 163.8 163.9 165.9 168.8 166.9 166.4 162.6 166.7 167 173.6 180.3 171.9 164.7 165.6 171.3 173.3 173.7 177.9 185.5 181.4 162.8 154 150.5 149.2 148.5 145.2 141.4 141.3 140.8 144.6 142.3 139.6 138.4 137.4 136.1 135.2 134.8 133.5 134.1 133.3 134.1 135 136.1 133.8 133.7 133.1
202.1 198.7 203.4 201.8 211.3 203 193.5 188.1 183.5 182.6 183.9 183.3 181.9 181.6 173.7 172.4 172.9 174.9 175.8 174.3 170.3 171.4 171.9 170.4 171.9 172.7 170.8 172.5 175 166.9 166.5 165.5 164.3 165.4 170.6 173.1 165.8 160 165.4 172.8 179.2 183.1 172.7 170.8 161.1 169.8 176.4 174.4 177.8 187.1 174.1 160.7 159.3 154.7 145.9 144.9 142.5 140.3 139.7 140.1 145.8 144.1 142.9 139.9 135.8 135.8 135.1 133 133.4 137.8 135.7 136.1 138.5 137 148.7 137.7 133.7
205.3 206.8 208.8 204.5 212.7 206.6 196.6 193.7 189.9 187.4 187.5 188.6 185.1 180.9 176.2 173.2 172.8 175.1 177.8 177.7 173.9 171.1 171.5 169.9 169.7 170.5 172.1 171.2 168 165.6 166.9 168.9 167.7 170.9 176.3 171.5 167.8 161.9 167.6 170.6 174.3 181.8 181 169.3 153.6 171.4 175.2 170.1 169.5 170.8 168.1 170.6 160.9 151.3 145 142.8 141.4 140.2 139.2 141.7 148.4 141.6 139 137.4 134.9 133.9 134.7 132.6 133.7 137.4 137.6 137.8 143.4 140.3 153.3 140.9 135.2
201 210.3 208.3 200.1 210.3 215.4 200.8 191.2 188.5 192.4 194.4 186 181 177.4 175.5 174.9 174.3 175.5 178 176.4 174.4 172 170.7 170.3 169.2 169.4 169.1 169.7 169 166.3 169.6 173 175.6 178.5 173.8 165 163.8 161.4 166.1 174.6 182.3 180.3 176.8 160.2 150.5 158.5 161.7 166.2 166.2 155.9 154.6 164.9 150.2 144.8 138.7 135.6 141.5 140.3 138.6 140.8 143.9 139.5 137.1 136.2 134.6 134 134 133.5 135.8 142.2 143.4 146.8 149.2 145.6 147.9 139.1 136.7
198 199.3 197.1 195.3 207.3 221.7 198.7 190.6 185.9 188.9 191.4 185.1 180.5 176 173.7 173.7 174.4 176.2 178.1 174 173.1 171.6 171.7 170.9 169.6 168.7 169 170 170 168.5 169.7 176 179.8 177.5 172.3 166.5 162.6 171.2 165.3 166.5 168.2 169.4 168.3 156.3 151.4 148.1 148.4 152.8 156.4 147.9 145.2 149.5 143.2 148 139.4 138.7 138.2 135.4 138.1 138.2 137.4 136.5 135.9 135.8 135.2 134.6 135.4 135.6 138 139.1 140.3 141 144.4 142.8 140.3 137.4 135.3
197.7 197.5 194.3 200.5 206 205 201.9 199 189.5 187.6 187.7 186.2 177.8 175 174 172.7 173.8 174.9 176.6 173.7 173.3 172.3 172.2 171.8 171.4 170.7 169.7 170.2 171.8 174.5 171.7 175.2 172.4 171.5 170.3 164.5 162.9 178.7 175.5 171.1 168.3 169.2 170.3 159.9 153 148.4 144.7 141.1 141.6 140.8 142.4 142.1 138.2 141.5 139.1 135.1 134 132.4 137.7 136.6 136.9 136.5 138.1 139 136.7 135.5 137.6 140.5 140.8 140.8 140.3 139 138 139 137.9 137.2 135
188.3 193.7 200.2 197.4 193 193.2 191.6 190.2 182.7 186 186.1 182.1 178.4 174.4 173.6 174.6 175.1 175.6 175.1 173.9 173.9 172.3 172.3 171.4 171.6 172.4 171.2 169.8 173.4 181.2 175 178.1 171.9 165.4 162.3 161.9 163.3 184.8 187.2 190.1 182.6 180.6 177 155 152.4 150.7 147 141 137.8 137.2 137 136.4 135.8 137.3 139.3 135.2 134 132.3 130.9 136.4 136.1 137.2 143.6 140.6 136.2 137.7 144.2 149.8 146 142.8 140.1 140.1 138.5 138.9 137.8 138.4 135.3
184.2 184.3 193.9 193.3 186.3 182.8 180.5 184.8 181.6 179.4 178.5 177.9 176.3 172.5 172.7 174.6 173.6 172.4 172.9 172 171.8 171.1 170.5 171.7 171.1 171.6 172.5 172.7 176.5 177.2 174.5 171.8 168.2 163.1 161.5 162.3 164 178.8 188.6 198.3 199.5 192.2 176.9 157 147.8 143.1 141.7 139.3 138.3 136.3 135.7 134.9 134.1 134.4 134.2 133.7 133 131 130.5 135.8 135.1 137.8 139.3 137.5 134.6 137.8 146 149.6 146.7 147.1 144.3 141.4 140.9 138.7 137.6 138 136.1
182.6 183 185.3 185.7 189.7 183.1 185.9 185.7 184.7 183.7 183.4 178.5 175.1 175 179 177.8 173.8 171.5 170.6 171.1 172.7 171.5 170 173.7 174.1 174.5 174.2 174.7 178 175.5 172.2 172.3 170.5 165.5 164.8 167.3 168.1 182 188.5 198.6 197.9 190.1 178.9 163.9 149.8 144.2 145.5 142.4 140.6 137.4 135.8 135 135.3 136.4 136 133.3 132.3 131.3 129.6 133.7 134.2 134.6 135.4 140.6 143.1 140.5 141.1 145.1 147.3 145.3 139.9 141.9 141.9 138.3 137.2 135.7 134.2
183.3 182.7 181.8 181.2 182.4 185.6 187.7 185.7 186.5 180.8 178.6 177.5 176.4 177.4 180.9 176.6 173.3 172.6 171.4 173.6 173.5 175.8 173.4 174.1 176.9 176.2 174 175.3 177.4 172.7 172.3 172.3 174.4 169 167.2 167.5 167.9 181.1 179.8 187.7 188 184.9 175.1 159.1 150.1 156.6 154.4 147.4 145.7 147.5 139.5 138.8 150.7 147.4 136.3 131.5 132.8 133.8 132.2 131.3 137.5 135.7 145.1 144.8 149 146 139.2 139.8 147.6 146.7 141.8 155.1 143.1 139.1 138.1 135.4 134.5
183.2 185.9 182.1 181.7 182.3 183.2 186.7 184.8 183.5 181.2 179.6 178 177.9 178.2 177.8 176.2 175.4 174 172.9 174.8 173.5 176.9 178.5 172.4 175.8 176.2 177.1 178.6 178.4 176 175 177.5 173.2 170.8 169 168.1 167 178.7 186.3 191 187.4 178.6 165.6 158 158.4 167 159.1 161.6 155.8 156.6 147.5 142.4 146 144.1 134.4 132.8 137.1 138.3 136.3 133.4 136.9 136.8 137.1 138.2 139 143.2 146.5 144.3 139.3 147.2 146.5 163.4 150.7 141.9 139.5 136.8 134.6
181.3 183.4 180.8 179.5 177.3 177.6 179 180.7 184.3 182.2 180.1 177.7 175.7 176.3 175.5 176.7 176.8 174.4 174.2 175.9 180.5 181.3 180.4 177 173.8 174.6 178.8 180.1 178.1 181.5 185.4 180.4 171.3 172.9 171.9 173.4 178.1 171.1 175.9 188.8 177.9 165.7 162.2 161.4 160.3 157 176.3 175.9 167.3 156.1 141.9 137 134.6 134.7 133.2 131.8 134.3 138.4 137.3 132.4 138.6 137.8 140.2 146.5 152 146.9 142.1 142.3 146.1 150.4 172.1 174.8 146.2 140.1 138.1 136.5 133.2
181.7 181.7 180.4 179 178.2 178.1 181 180.9 186.1 185.1 178.4 174.9 174.9 176 175.6 174.7 176.8 174.4 174 175.4 177.8 176.9 177 178.2 177.7 177.6 180.9 180.5 178.8 183.2 183 178.3 171.4 176 176.6 177 177 165.1 164.6 175 167.2 163.5 161.2 156.9 154 153.8 152.9 161.5 160.1 153.6 144.1 140.4 137.8 134.8 133.7 132.7 133.8 139 139.2 134.7 140 143.5 143.5 147.4 153 154.3 153.4 149.1 146.2 149.4 163.9 151.4 138 134.3 132.9 131.7 130.9
180.3 178.8 179.4 178.3 177.7 177.9 183 182.8 184.6 183.3 178.3 175.8 176.5 180.6 180.4 176.3 177.1 176.1 177 176.1 177 176.1 178.7 183.5 182.8 182 178.3 179.7 187.2 190.3 184.5 179.1 174.8 178.2 181.6 182.1 181.3 172 168.7 165.5 167.8 165.7 164.3 159.9 153.5 148.7 146.6 157.1 147 144.8 139.3 136.6 135.4 135.1 133.6 133.9 132.9 138.2 141.1 139 145.2 152.6 152 150.4 154.3 157.8 154.6 152.7 152.3 148.2 147.4 142.1 135.2 132.6 131.5 130.9 129
181.1 178.1 179.1 176 175 176.7 182 179.3 177.2 174.8 173.5 175 178 179.3 178.7 177.9 177.9 177.6 176.2 175.4 178.7 178.6 178.2 179.5 182.5 177.8 176.5 180.1 187.6 189.4 186.8 177.1 176.9 175.1 179.5 182.8 183.2 178.1 165.7 160.5 162.1 164.9 160.8 154.1 150.7 148.2 145.5 150.4 142.6 139.5 138.7 135.5 133 133.3 133.3 130.6 130.9 133.6 139.8 142.3 151.1 160 160.4 155.1 159.9 158.4 155.2 153.8 151.8 148.9 155.3 141.5 137.7 134.8 132.5 130.6 128.6
183.1 180.4 177.7 175.9 175.4 176 176.3 174.7 173 175.1 175.4 174.2 174.8 176.2 177.9 177 173.2 174.6 178.1 178.1 177.3 177.9 177.9 179.2 181.6 176.4 176.8 181.2 189.5 190.8 185.8 179.5 181.3 178.7 182 180.2 175.9 176.4 164.3 159.1 159.3 163.6 161.2 153.2 150.3 149.8 143 141.5 141.3 138 134 134.4 134.3 130.8 133.8 131.2 135.1 138.6 145.8 146.7 150.8 161.9 164.5 155.7 159.2 154.2 153 147.6 144.9 146.1 159.1 146.2 142.2 139.7 136.5 133.9 132.4
187.2 182 176.7 177.9 180.8 176.9 173.3 173.3 172 170.2 172 173.9 175.2 174.9 173.8 173.9 171.1 174.6 176.7 176.1 174.7 175.4 175.7 176.4 178.6 176.9 176.8 179.4 183.7 186.2 186.4 185.9 186 182.3 179.8 176.8 173.4 175.2 166.9 163.2 155.3 155.4 154.4 149.4 146.4 148 143.2 140.7 138.9 139.2 138.8 135.8 134.3 136.5 137.1 131.5 136.3 146.7 152.8 156.3 154.7 162.5 162.9 150.4 151.4 149.3 146.1 140.9 141.1 141.6 146.9 148.1 146.1 142.6 140.4 138.8 136.3
184.2 178.7 179.2 182.8 182.3 178.7 174.1 172.2 171.2 166.1 164.5 168.2 173.4 170.8 168.9 166.5 170.4 170.4 172.2 172.3 172.5 174.7 176.3 176.5 176.2 177.6 174.6 173.1 176.4 179.9 185.2 186.4 183.5 177.9 173.7 172.1 169.9 169.1 166.4 163.1 159.5 152.9 150.7 149 148.5 145.3 143 139.9 140.9 138.8 140 138.1 138 140.4 139.3 134.6 132.6 143.8 150.3 152.8 152.1 152.5 155.9 150.7 153.4 147.9 145.6 147.6 145.3 143.6 145.9 143.5 145.1 142.7 140.9 139.1 137
183.5 183.3 182.7 180.9 182.3 181.9 174.8 170.2 169.1 169.4 167.5 166.9 166.6 166.1 165.9 170.8 172.4 170.2 172.8 173.4 172.3 172.1 173.1 173.8 174.9 172.9 169.2 167.7 171.8 173 174 180 179.9 175.3 171.9 169.6 166.6 160.6 161.4 161.9 162.2 153.7 150.3 148.6 147.4 143.8 141.8 140.8 144.5 141.2 141.2 139.5 139.3 139.9 145.2 138.1 134.7 143.2 150.2 152.4 147.9 149.6 151 151.2 153.9 147.5 147.9 147.1 142.4 141.8 145.6 138.1 143 139.6 139.3 140.1 139
183.8 187.7 184.3 182.6 174.5 171.9 170.2 168.6 166.2 166.2 165.2 165.4 165.7 163.5 164.6 169.9 177.1 173.6 175.4 176 174.7 174.3 173.4 169.7 164.5 167.3 167.4 168.4 168.4 169.6 173.9 181.1 181.7 176.4 171.9 168.3 162.8 160.3 160.2 159.6 160.9 152.5 151 149.4 148.3 145.2 142.7 142 144.7 144.2 143.3 145.4 142.9 140 147.2 138.8 140.7 146.3 149.5 155.2 157.6 146.5 147.4 154.2 155.3 145.6 143.8 142.8 140.4 139.9 140.6 137.6 138.9 136.1 136.5 136.5 136.8
186.3 189 178.2 177 172.6 170 169.1 167.9 166.9 168.1 169.5 174 171.8 169.5 167.5 169.8 174.5 175.6 183.9 184.1 182.2 178.7 171.5 164.9 167.9 167.8 168.3 170.5 169.5 171.1 177.6 182.7 -9999 178.6 172.1 167.6 163.1 157.9 158.6 153.9 152.7 152.9 146.7 147.6 150.5 144.6 141.6 141.3 144 142.2 144.3 147.7 149 146.3 151.9 141.2 141.5 146.6 152.5 156.4 154.1 146.9 142.1 147.9 155.5 150.1 144.3 141.8 140.2 142.2 145.3 139.1 140.5 139.7 137.2 134.9 135.5
186 184.1 176.2 176.2 176.4 175.5 174.1 172.9 170.6 167.1 168.7 170 176.8 173.6 167.2 166.2 173.7 179.6 184.1 188.8 182.6 175 169.6 167.2 168.4 168.3 168.3 171.2 170.2 168.9 169.6 175 174.3 178.6 173.2 167.2 161.6 157.8 159.8 154.1 152.9 149.5 147.3 147.7 146.6 144.3 142.5 144.3 145.1 143.2 144.1 149.6 146.9 146 157.4 148.6 143.7 151.3 152.9 151.9 146 141.4 138 139.1 144.9 144 138.8 141.5 140.7 141.9 142.3 139 138.5 142.3 142.6 140.3 137.3
183.4 177 177.6 182.8 185.1 182.9 178.5 178.5 178.3 171.5 168.4 170.1 175.4 177.5 175.2 173.4 170.6 176.9 177.7 182.7 176.5 170.4 167.3 165.2 167.6 171.1 168.2 168.1 166.2 163.2 164 169.6 169.2 170.5 171.4 171.8 163.9 163.9 163.2 157.1 153.2 150.5 149.9 148.9 147.7 145.7 146 148.1 150.3 150.1 147.5 144.4 145.3 148.3 162.3 155 145.8 158.2 153.3 148.4 143 138.3 136.9 134.4 132.6 137.3 138.9 142.8 141.9 141.5 140.7 139.8 138.5 140.1 139.6 138.1 135.2
180.3 178.3 182.7 191 190.6 185.1 180.4 178.9 178.7 176.4 173 168.5 170.1 180.7 183.4 176.7 171.9 175.7 176.4 177.7 170.2 166.4 168.6 168.3 163.6 168.7 165.8 166 163 162.7 166.3 168.7 168.5 169.5 173.5 172.9 171.2 163.4 162.5 157.5 154.1 152.5 153 148.4 147.3 147.3 149.1 154.4 154.9 156 152.4 145 146.3 151 166.6 157.4 151 153.6 153.2 150.2 147 142.7 137.4 134.9 132.1 134.4 134.6 133.2 132.1 137.4 136.7 140.7 137.9 138 136.3 135.8 135.5
184.1 184.7 185 190.2 189.5 184 179.6 178.7 179.2 179.3 177.9 170 170.4 183 189.1 183 174.2 169.6 171.6 170.4 167.2 170.7 175.6 172.8 165.4 166.8 167.8 165.3 164.5 163.9 165 167.6 167.1 169.5 173.6 175.4 171.5 163.1 157.6 151.5 151.1 150.8 148 148.6 149 149.3 151.6 152.7 154.3 156.9 153.5 147.1 146.8 151.4 163.4 159 151.5 150.3 152.6 150.1 150.4 146.8 137.7 133.2 132.4 132.8 135.3 134.4 133.3 134.3 138.3 137.2 138.9 136.7 137.1 138.7 136.8
187.6 196.1 185.2 185.5 185.5 180.6 177.6 179.8 180.7 182.5 180.1 175.7 175.8 181.4 185.5 178.8 171.8 166.9 173 166.9 167 172.2 175.4 174.5 168.9 168 171 166.2 164.8 163.9 166.3 171.9 174.1 172.8 174.3 174.1 169.2 167.2 164 154.2 152.1 149.7 150.7 152.2 154.2 154.9 154.9 155.6 157.7 162.4 159.5 151.7 147.8 152.5 161.9 155 150.7 148.7 150.9 150.8 150.2 145.6 139.2 135.4 134.2 133.8 134.7 133.8 133.1 133.7 135.3 134.4 134.3 133 134 137.7 136.6
189.3 194.9 181.4 184.3 184.6 180.4 177.5 177.6 181.9 182.1 178.9 177 175.4 174.5 174.4 172.8 165.8 164.8 167.2 167 165.4 171.5 176.5 177.3 175.9 173 170.6 167 167.2 166.9 170.4 178.1 181.1 178.8 173.9 171.2 167.2 163 162.6 155.6 153.1 151.7 155.1 163.7 165.2 158.4 158.1 162.5 167.1 161 161.1 154.2 148.5 148.9 155.1 153.8 150.9 147.2 154.5 151 148.4 144.9 140.8 137.2 135.3 134.6 134.2 133.5 132.8 133.5 135.2 134.9 133.4 131.9 134.6 134 131.8
190.3 192.6 184.8 189 190.8 188.3 181.3 176.9 175.9 175.3 174.5 176.1 170 167.2 168.6 170.5 167.7 164.4 162.9 164.5 164.1 166.6 169.1 170.3 172.7 175.1 167.8 164.6 164.6 -9999 -9999 177.3 183.9 184.8 176.1 170.2 166.2 160.9 161.2 157.3 152.9 153.4 155.8 164.5 164.6 158.8 158.4 160.2 166.8 155.1 153.6 155.5 149.1 151 151.6 147.3 149.5 151.6 155.2 150.6 147.7 145.9 142.2 137.7 135.2 135.6 134.4 133.9 133.5 133 133 134.5 133.2 131.8 132.7 134.2 131.7
184.7 182.9 185 184.8 186 187.1 186.4 186.8 190.3 190.1 180.7 172.2 173.5 172.8 174.5 174.4 171 167.1 167.7 165 165.4 162.8 161.8 164.9 167.9 168.8 172.3 174.6 174 -9999 174 176.5 181.5 182.7 174.3 171.1 173.9 171.1 167.8 167.3 169.7 172.5 170.1 166.6 165.5 163.2 158.8 158.6 160.6 160.4 161 161.3 162.2 173.7 170.7 166.5 165.1 157.9 154.4 156.2 150.8 147.9 145.1 143.8 143 140.6 135.8 134.7 134.4 133.8 132.9 134.1 142.6 139 133.4 131.7 128.3
183.2 181.6 185.1 187.4 186.3 188.1 190.1 191.9 193.6 195.9 184.3 177.9 178.2 180.6 179.8 178 178.2 180.2 174.9 169.9 169.7 165.6 168.3 174.7 174.9 174.7 171.6 172.9 177.2 182.9 181 177.9 179.1 182.9 181.4 178.2 178.5 172 171.3 175.7 177.8 178 172.5 171.4 169.4 167.5 164.4 162.4 164.1 167.3 172.9 166.1 170 175.5 176.6 168.5 160.4 159.1 152.1 153.6 149.7 147.3 146.7 149.1 150.7 147.5 142.4 146.5 143.8 140.6 138.3 139 137.8 137.6 132.6 131.4 130.1
