features/re_bio7.asc
ncols         768
nrows         589
xllcorner     124.299398925
yllcorner     32.893460211367
cellsize      0.010567299164062
NODATA_value  -9999
[rows 256 to 287 of 589, columns 216 to 287 of 768]
34.0576 33.98963 34.10968 35.4076 35.79113 35.01601 34.82846 35.07972 36.06279 36.1803 37.24125 37.09032 36.93226 36.92903 37.08065 37.57742 38.19355 37.93871 37.83548 37.96774 37.98064 37.9 37.99032 38.39677 38.40645 38.41935 38.43548 38.6129 38.77742 38.99032 38.99677 38.75484 38.91613 38.35484 38.17742 38.56774 38.82258 38.86774 38.76451 38.65807 38.86129 38.86452 38.90968 38.85161 38.80645 38.78387 38.74194 38.79678 38.69355 38.7129 38.49677 38.3871 38.18387 38.16452 38.64516 38.65484 37.98387 38.54516 38.10323 37.87097 37.9129 38.10323 37.44194 37.7129 38.1258 38.27097 38.32258 38.20645 38.19677 38.34839 37.94194 37.72258
33.34343 34.00035 35.0356 34.93675 35.25703 35.45968 34.89309 34.75184 35.80346 36.12765 36.25841 36.02949 37.43226 38.27419 37.99032 37.51613 37.5 37.48387 37.60645 37.76129 37.7871 37.9 37.89355 38.36452 38.23871 38.33871 38.2 38.42903 38.84839 39.04516 38.92903 38.71936 38.73226 38.56452 38.35484 38.47097 38.72903 38.88387 38.92258 38.87742 38.84839 38.79032 39.05806 39.09032 38.89677 38.7 38.69032 38.83226 38.65484 38.52258 38.07419 38.17419 38.24194 38.29678 38.53548 38.43226 37.7129 38.33548 38.47097 37.92581 37.50968 37.87742 38.05161 38.0871 38.44194 38.35161 37.7523 37.54193 37.77742 38.03871 38.18387 37.84193
33.48249 33.69551 34.21521 34.7068 35.11601 34.71417 34.66578 34.39643 34.35219 35.61924 35.47604 36.24965 37.35 38.15484 37.90968 37.36452 37.38065 37.34516 37.20968 37.56774 37.86774 38.09032 38.06774 38.13226 38.29678 38.25161 38.19032 38.1129 38.55806 38.92581 38.88065 38.65161 38.59032 38.5 38.46774 38.64516 38.86129 38.93871 38.93871 38.95484 39 38.99677 38.85484 38.99032 38.84516 38.56129 38.60323 38.8742 38.80323 38.59355 38.14194 38.04193 38.1129 38.30968 38.60323 38.5 37.81613 38.35161 38.23226 37.66774 37.41613 37.9 38.1258 38.25484 38.49355 38.31936 37.49274 37.40322 37.92258 38.10323 38.1129 37.83226
33.29412 33.54908 33.43042 33.84424 35.20127 34.46071 34.34171 34.72408 35.38548 36.67523 36.59516 36.33963 36.81152 38.14516 38.5 38.04839 37.90645 37.32903 37.25484 38.01613 37.90322 37.74516 37.94839 38.27097 38.22258 38.17742 38.45807 38.54839 38.61613 38.75161 38.89677 38.90322 38.62258 38.11613 38.68387 38.70645 38.73871 38.7129 38.71613 38.86452 39.05161 39.10968 38.78064 38.71936 38.55484 38.42258 38.61935 38.90645 38.8 38.8871 38.71936 38.42258 38.43871 38.55484 38.51613 38.42258 37.9129 38.3742 37.82903 37.58387 37.72581 37.94965 38.13203 38.2871 38.45956 38.27534 37.48975 37.43594 37.87742 37.90968 37.81936 37.8129
33.47972 33.5318 33.6106 33.9341 34.59988 34.70668 34.72304 35.66555 37.23341 37.8697 38.57108 37.92258 38.80323 39.14839 38.92903 38.48387 37.92903 37.49032 37.6129 37.42581 37.84839 37.97742 38.10968 38.35484 38.17742 38.47097 38.64839 38.54516 38.53226 38.6258 38.64839 38.66452 38.82258 38.75161 38.86774 38.72581 38.8129 38.81613 38.83226 39.00968 39.14194 38.67742 38.76774 38.79678 38.50323 38.46452 38.8871 39.1258 38.77742 38.79355 38.83871 38.48709 38.24839 38.35806 38.57742 38.53226 38.44194 38.51613 37.64009 37.16947 37.0826 37.14919 37.5341 38.03099 38.27419 38.35588 37.57258 37.54608 37.87742 37.75161 37.62903 37.86129
33.46648 33.42581 33.49735 33.86313 33.90369 35.01256 35.66786 36.17189 36.70807 36.85991 38.54689 38.34193 38.34193 38.03548 37.81613 37.75806 37.65807 37.50645 37.82903 37.72258 38.06129 38.09678 38.17097 38.19677 38.20322 38.06774 38.34193 38.56452 38.60323 38.52581 38.58065 38.73226 38.66452 38.6258 38.74194 38.78387 38.54516 38.48387 38.61613 38.76129 39.00645 39.01291 39.01291 38.78387 38.74839 38.91935 39.13871 39.07097 38.67097 38.55806 38.52581 38.60968 38.30323 38.30323 38.75806 38.86774 38.89677 38.7644 37.66221 36.76878 36.61786 37.36694 37.92776 38.52834 38.70426 38.48226 38.0303 37.90034 38.09355 38.21936 38.12258 38.12258
33.70829 33.46313 33.64436 33.95956 33.81705 35.52143 36.52903 36.04366 35.27765 36.60461 37.71866 38.23226 38.04193 37.80323 37.20968 36.96175 37.52903 38.15161 38.31613 38.06452 37.73871 37.98387 38.02903 37.87097 38.32258 38.27419 38.33548 38.59355 38.72258 38.62903 38.5871 38.59355 38.52581 38.50968 38.61613 38.58065 38.73226 38.65484 38.74516 39.09355 39.16774 39.11613 38.88387 38.9 38.81613 38.83548 38.9 38.7 38.6258 38.64194 38.65807 38.56129 38.48709 38.63548 38.93871 38.97385 38.70046 38.76567 36.94735 36.76313 36.97972 37.26924 37.37247 37.58065 38.87442 38.2977 37.68018 37.87108 38.29032 38.51936 38.59032 38.50323
33.71106 33.7136 33.73998 33.83744 33.83606 35.19493 35.85207 35.87442 35.71728 36.62592 38.76463 38.55035 37.95484 37.58065 36.8023 36.84966 37.85161 37.89355 38.26451 37.65484 37.09678 37.81613 38.04839 37.96774 38.32258 38.22258 38.15161 38.40968 38.50968 38.52258 38.49677 38.44839 38.44839 38.53871 38.66452 38.77419 38.76774 38.80645 38.8871 38.91935 38.93548 39.03226 38.91383 38.90138 38.67362 38.53871 38.71613 38.95807 38.98283 38.85161 38.62097 38.81325 38.88387 38.91935 38.99216 38.91751 38.53883 38.83767 37.75092 36.90426 36.89746 37.67938 37.89412 37.43237 38.31279 38.05138 37.91717 38.09678 38.39032 38.56452 38.48387 38.11613
33.72039 33.9462 34.10127 33.86913 33.89758 35.7667 35.89631 35.51048 36.22892 38.37811 38.80173 38.19551 37.7492 37.39482 36.68698 36.47961 36.92788 37.10645 37.69032 37.84516 37.79032 37.94194 37.90968 37.75161 38.2 38.19355 38.08387 38.17419 38.20968 38.28064 38.37742 38.42903 38.44839 38.50645 38.70645 38.65161 38.85484 38.98387 38.99677 38.92581 38.97742 39.39965 39.3106 39.18283 38.85622 38.75484 38.91233 39.04516 38.98998 38.98629 38.97949 38.8947 39.00968 39.1053 39.07281 38.95253 38.80357 38.87592 38.35173 37.5356 37.675 38.39032 38.48491 38.38906 37.88375 37.64839 37.66544 37.76451 38.20645 38.63871 38.71936 38.79678
33.60012 33.74954 33.92581 33.85069 33.86843 37.01659 37.25795 35.71348 35.28698 37.6318 38.46256 37.1826 37.32765 36.94608 36.22535 36.35311 37.1326 37.08445 37.24194 37.75161 38.03871 38.0871 38.01291 37.95484 38.07419 38.16129 38.07419 38.19677 38.23549 38.25806 38.35484 38.43871 38.40968 38.4 38.5 38.66129 38.85484 38.90968 38.8871 38.87742 38.97742 38.97466 38.95472 38.98571 38.80645 38.75161 38.8742 38.95484 39.04482 39.09678 39.14931 39.13318 39.18767 39.26763 39.2977 39.17477 38.87799 38.96774 38.92511 38.60518 38.72788 39.04988 39.07534 38.95104 38.84919 38.43837 38.02765 37.99677 38.35806 38.71613 38.85484 38.87742
33.28859 33.21797 33.38341 33.66463 33.73629 36.48456 36.54447 35.50853 35.57661 37.03617 38.12247 37.32627 36.88825 36.43767 36.60357 37.1644 37.45161 36.94516 36.24574 37.21936 37.86129 37.92581 37.97419 38.17419 38.04516 38.06452 38.07097 38.11613 38.24839 38.31936 38.36452 38.38387 38.3742 38.41935 38.38387 38.54193 38.72903 38.78064 38.76129 38.8742 39.0871 38.77212 38.71936 38.98709 39.00968 38.97419 39.00645 39.00657 39.09505 39.21912 38.96025 39.00484 39.20334 39.35507 39.31256 39.1947 39.17028 39.26659 39.33376 38.95576 39.11049 39.47961 39.57154 39.49677 39.16452 38.84839 38.27742 38.39032 38.50645 38.64839 38.95807 38.94516
33.24539 33.34459 33.58157 33.66302 33.73364 35.55806 35.53525 35.60588 36.31463 36.57419 37.2144 37.69896 36.65253 35.98525 36.70357 37.26832 36.97869 36.478 35.55184 36.44908 37.58387 37.77419 37.76451 37.96452 37.84516 38 38.06452 38.06774 38.1258 38.20322 38.21936 38.21613 38.27419 38.30968 38.33548 38.41613 38.58387 38.70968 38.83548 38.93548 38.94516 38.7947 38.88387 39.18064 39.27419 39.18387 39.06129 39.05634 39.26993 39.13537 39.09516 38.92419 38.93641 39.19562 39.27765 39.09182 39.40138 39.4833 39.38675 38.8765 39.04447 39.5144 39.62903 39.7 39.41613 38.86129 38.74194 38.63226 38.70968 38.95807 39.20645 39.15807
33.6182 33.63525 33.77408 33.88698 34.3023 35.09758 34.77189 35.77615 36.89827 35.86049 35.70046 37.40829 37.70265 36.90012 36.71498 36.79654 36.81855 36.93629 36.51498 36.2697 36.68157 37.21936 37.72903 37.64516 37.7871 37.96452 37.99677 38.01613 38.03871 38.04839 38.06452 38.13548 38.25806 38.26451 38.30323 38.37742 38.62258 38.63226 38.74516 38.87742 38.86129 38.93226 39.07097 39.25161 39.28064 39.16452 39.02258 39.13836 39.27857 39.08214 39.12028 39.00242 38.7015 38.81532 39.1212 39.25968 39.39055 39.42823 39.18456 38.8485 38.95115 39.3 39.48064 39.56129 39.42258 39.19677 39.1258 38.80968 38.85161 38.83548 38.78064 39.10645
33.43963 33.41578 33.60392 34.00415 34.61509 34.04885 34.25184 35.76083 36.98767 36.16705 35.90253 38.43652 37.88076 37.17477 37.51279 37.45853 36.87177 36.96302 37.7364 37.16405 37.09597 37.11786 37.1712 37.46452 37.59032 37.7129 37.71936 37.79032 37.87742 37.96452 37.99355 38.00968 38.05484 38.15807 38.19355 38.36452 38.65484 38.74516 38.80968 38.77419 38.7 39.04839 39.23871 39.14516 39.26774 39.38445 39.35081 39.26579 39.21993 39.21671 39.23133 39.18042 39.17592 39.19378 39.30357 39.30035 39.06509 39.44735 38.81014 38.86774 39.11935 39.34193 39.3742 39.29355 39.55806 39.61935 39.31613 39.05161 38.84193 38.8129 38.83226 38.80645
33.61452 33.39182 33.59032 34.83364 34.24643 33.93364 34.79574 36.1288 36.70576 36.0424 35.97949 37.7879 37.61993 37.94343 37.80542 37.51336 37.20058 37.11797 37.70945 37.12753 37.2038 37.14551 37.17765 37.06452 37.54193 37.68387 37.75484 37.76774 37.84516 37.90645 37.96774 38.01291 38.09032 38.17419 38.25806 38.40322 38.48064 38.94194 38.92581 38.7871 38.84839 39.2 39.1258 39.16187 39.33226 39.35703 39.37961 39.41394 39.31682 39.29366 39.38053 39.35276 39.42166 39.38629 39.36452 39.28744 39.08779 39.02742 38.94194 39.14516 39.42581 39.46452 39.27742 39.16774 39.46452 39.39677 39.37742 39.22258 39.2 39.02581 38.79355 38.84193
34.02684 34.10887 33.74701 34.21429 34.12742 34.0568 34.53548 35.97235 36.48859 35.58479 37.11394 37.8576 37.56763 37.73549 37.75035 37.72293 37.59343 37.35081 37.39781 37.18802 37.19366 37.15231 37.22258 37.27419 37.38065 37.57742 37.63548 37.53548 37.64516 37.84193 37.96129 38.01613 38.0871 38.21613 38.3871 38.43226 38.47742 38.61613 38.90322 38.99677 38.91935 39.27419 39.40322 39.40322 39.44654 39.58502 39.67926 39.57316 39.37004 39.43652 39.44044 39.43318 39.24504 39.28894 39.39447 39.37996 39.22604 39.12972 38.93226 39.14516 39.3 39.35161 39.2 39.02581 39.35806 39.20645 39.3129 39.11613 39.24194 39.2 39.08387 39.03548
33.88122 34.27419 34.2136 34.06394 34.14597 34.44009 34.47442 35.33226 35.78145 35.49792 36.33341 37.2477 37.13813 37.19366 37.272 37.38594 37.47915 37.40046 37.1477 37.06014 37.17408 37.22719 37.23871 37.25484 37.26774 37.52581 37.57097 37.53226 37.72258 37.87742 38.00645 38.20645 38.36129 38.26129 38.30323 38.54193 38.59032 38.73871 39.02581 39.07419 39.00645 39.38065 39.47097 39.44954 39.59931 39.67247 39.64101 39.48664 39.31175 39.21198 39.38698 39.2924 39.1265 39.17719 39.28548 39.27834 39.23111 39.38433 38.93871 38.76774 38.96774 39.24194 39.04516 38.67742 39.15807 38.96774 39.09032 39.09355 38.93548 39.02258 39.17097 39.09355
33.84954 34.16187 34.1068 33.96866 33.98007 34.77926 34.32051 35.11383 35.79597 35.91175 37.45898 36.86613 36.33099 37.41763 37.52592 37.30507 37.26843 37.2788 37.08076 37.01267 37.06613 36.99608 37.06705 37.30323 37.35806 37.29678 37.34516 37.43226 37.77419 37.93226 38.09678 38.26774 38.32258 38.33226 38.50323 38.48064 38.52581 38.66774 38.76129 38.83226 39 39.26451 39.34193 39.45242 39.52926 39.42661 39.4318 39.48318 39.38087 39.29009 39.44205 39.32995 39.18998 39.37615 39.52892 39.50737 39.41855 39.35806 39.18064 38.70645 38.72581 39.0871 38.98387 38.56452 39.00323 38.6871 38.92903 38.97097 38.69032 38.80645 39.06452 38.97742
34.03007 34.10219 34.14528 34.1962 33.95184 34.34942 34.49424 35.31198 36.05714 36.3288 36.85104 37.54159 36.91002 37.35979 37.0735 37.1576 37.34678 37.18076 37.11486 37.0818 37.03468 36.91682 36.82892 37.16774 37.17419 37.32903 37.46774 37.49032 37.74516 37.96774 38.1129 38.22581 38.38065 38.46129 38.45807 38.52258 38.60968 38.80645 38.80645 38.80968 38.98387 39.06774 39.38065 39.40968 39.4636 39.50645 39.51936 39.54562 39.57442 39.4977 39.21936 39.48871 39.52316 39.50726 39.40127 39.37132 39.43663 39.46636 39.19355 38.96774 38.94516 39.16129 39.05806 38.61935 38.49355 38.26451 38.75806 39.02581 39.1 39.13871 39.09032 38.90968
34.06337 34.11256 34.23456 34.52834 34.44044 34.20622 34.57189 35.5659 36.60484 36.76106 36.17178 38.06279 37.50634 37.20369 36.74954 37.14286 37.46959 37.19009 37.07074 37.0197 36.94147 36.78583 36.7606 37.22903 37.28064 37.50968 37.59032 37.69677 37.79355 37.94516 38.02581 38.1 38.24194 38.43548 38.56452 38.64194 38.64839 38.7 38.77097 38.83548 38.96452 39.06774 39.23445 39.38191 39.50657 39.48042 39.47765 39.547 39.58905 39.50127 39.40726 39.44585 39.50368 39.44793 39.40864 39.38813 39.36129 39.26451 39.43548 39.38065 39.42258 39.29355 39.00968 38.72903 38.63226 38.71936 39.22903 39.19677 39.14516 39.00645 38.80968 38.71613
33.8591 33.78664 34.24424 34.89677 34.65322 34.31809 34.44263 35.62016 36.77108 36.81763 36.33076 37.528 37.23468 36.97857 36.49689 36.87788 37.26498 37.05622 36.98272 36.96267 37.00691 36.85092 36.9417 37.60323 37.55806 37.73226 37.80968 37.87742 37.86774 37.94194 38.06452 38.14516 38.24516 38.3871 38.49677 38.51291 38.55484 38.58065 38.60323 38.72258 38.94839 39.09896 39.1538 39.12535 39.34919 39.44689 39.4985 39.57143 39.58779 39.54735 39.52592 39.47995 39.49355 39.44585 39.39355 39.30968 39.3129 39.44194 39.56774 39.33548 39.27097 39.34516 39.18064 38.97742 39.17097 39.26774 39.17097 38.92581 38.76774 38.97742 39.03226 38.93226
34.1917 34.07788 34.0765 34.28376 34.97097 34.61866 34.4174 35.3674 36.2121 36.35138 37.02661 37.18353 36.97811 36.83756 36.5644 36.64954 36.84424 36.9644 37.12558 36.98133 37.16452 36.97097 37.01613 37.51613 37.43548 37.49355 37.77097 37.8871 37.78064 37.99355 38.09678 38.23549 38.32258 38.30645 38.36774 38.41613 38.58387 38.72258 38.79355 38.84839 38.95484 39.03905 39.07834 39.21037 39.43249 39.39931 39.47673 39.55887 39.58007 39.53871 39.49677 39.46129 39.45807 39.47097 39.42258 39.27742 39.2129 39.37742 39.29355 39.39677 39.47742 39.47742 39.27097 39.07742 39.04516 38.94516 39.15807 39.05161 39.09678 39.17097 38.97419 38.75484
-9999 34.34366 34.30622 34.26867 34.25784 34.71095 35.01774 35.53606 36.37868 36.88733 36.3871 35.86106 37.0159 37.07097 37.04781 37.10035 37.0462 36.95495 36.98433 36.87569 37.17419 37.55806 37.57742 37.21936 37.21936 37.50323 37.77419 37.81613 37.75484 37.87742 37.96774 38.16129 38.36774 38.44839 38.37742 38.47742 38.65807 38.82581 38.90968 38.89032 38.89355 39.02834 39.27995 39.45495 39.44839 39.34816 39.42466 39.54217 39.55806 39.54193 39.49677 39.41935 39.44194 39.45161 39.41935 39.31936 39.2 39.06452 39.25484 39.62903 39.66452 39.44194 39.36129 39.37742 39.24194 39.06129 39.18064 39.14194 39.08065 39.07097 38.90322 38.75484
34.5212 34.52039 34.47984 34.46717 34.4788 34.00991 33.63951 34.38986 35.69643 36.23709 35.51924 34.6326 35.17926 36.91175 37.19101 37.18375 37.23099 37.14516 36.93721 36.88065 36.72258 37.78064 37.7 37.59032 37.41613 37.43871 37.62903 37.96129 37.95161 37.9 38.04839 38.28064 38.40322 38.39032 38.35806 38.47097 38.60968 38.7 38.74516 38.81936 38.90968 39.11544 39.4015 39.40012 39.38951 39.40541 39.46452 39.51613 39.53548 39.53226 39.47742 39.4 39.43226 39.40322 39.43548 39.36774 39.29032 39.35161 39.61935 39.90645 39.76129 39.64516 39.64194 39.59678 39.3871 39.33548 39.26774 38.86129 39.1258 39.20322 38.96129 38.91613
34.49009 34.48191 34.33606 34.09136 34.26763 33.56694 33.82788 34.87926 35.56924 35.42166 35.2159 34.52143 34.92615 36.88491 36.95219 37.02926 37.14136 37.06452 36.87097 36.84193 36.74194 37.58065 37.35161 37.70968 37.71613 37.96774 37.89677 37.87742 37.8871 37.89677 38.02581 38.18064 38.2871 38.32258 38.40322 38.48709 38.53871 38.60323 38.75161 38.81982 38.87638 39.21152 39.37546 39.33756 39.28733 39.4076 39.49032 39.52581 39.51613 39.48709 39.39355 39.39032 39.43226 39.38387 39.35806 39.40645 39.46452 39.52581 39.56129 40.00968 39.8742 39.86129 39.77419 39.57742 39.48387 39.53548 39.13871 38.89032 39.21613 39.30323 39.19677 39.2871
-9999 34.39228 34.30576 34.05495 33.90449 33.74747 34.32546 34.89954 35.12926 35.20173 35.22984 35.03917 34.37708 34.3886 35.8386 36.63341 37.0068 37.18387 36.84193 36.42431 36.66129 37.30323 37.17097 37.22258 37.24194 37.44194 37.49355 37.91613 37.82258 37.74839 37.98387 38.17419 38.29032 38.4 38.44839 38.52581 38.66452 38.56774 38.73871 38.94205 39.11716 39.16071 39.4159 39.29263 39.26624 39.35472 39.49355 39.52581 39.47097 39.39032 39.35806 39.45161 39.46452 39.4 39.33871 39.36774 39.44194 39.52581 39.78387 39.98709 40.01936 39.99677 40.02581 40.00968 39.96774 39.95161 39.60645 39.44839 39.51613 39.57419 39.37742 39.60323
-9999 -9999 34.50277 34.32753 34.0356 34.02396 34.51694 34.98802 35.10092 35.18514 35.43191 35.03825 34.50173 34.71636 35.6614 36.04539 36.31382 36.8129 37.02581 36.44101 36.46774 37.24194 37.51291 37.22258 37.26129 37.51291 37.83226 37.60323 37.91613 37.8871 37.99032 38.1129 38.21936 38.33548 38.49355 38.54839 38.82581 38.67419 38.74194 38.95703 39.08295 39.20357 39.39309 39.23733 39.21521 39.20046 39.39677 39.51291 39.49355 39.44194 39.33548 39.33548 39.46129 39.40645 39.36452 39.41935 39.45807 39.53871 39.95807 39.93226 40.06452 40.26774 40.35484 40.34516 40.26774 40.14194 40.01291 39.99355 40.14194 40.02258 39.90968 40.17097
-9999 -9999 -9999 34.43859 34.27822 34.37868 34.35 34.29885 34.86094 35.38456 35.08433 34.86475 34.4674 34.46682 36.28652 36.51394 36.3614 36.64839 36.67097 36.37097 36.49355 37.21613 37.3742 37.33548 37.22903 37.19355 37.58065 37.60968 37.72258 37.95807 38.15807 38.28387 38.3871 38.46774 38.54839 38.75806 38.61935 38.72258 38.80219 38.80484 38.93779 39.26659 39.12074 39.16095 39.18779 39.16567 39.35806 39.5 39.46452 39.32903 39.24516 39.42581 39.45807 39.47742 39.45161 39.45807 39.58065 39.67742 39.83548 39.9129 40.10645 40.27742 40.31936 40.29032 40.26451 40.15161 40.05806 40 40.1258 40.13226 40.17097 40.45807
-9999 -9999 -9999 -9999 34.40576 34.58502 34.44343 34.12938 34.96014 35.82005 35.18906 34.89862 34.3447 35.07246 35.29643 35.62431 35.90472 36.23226 36.5871 36.25161 36.69032 37.16129 37.16774 37.24839 37.1871 37.09678 37.44839 37.57097 37.49032 37.8129 38.14839 38.4129 38.50645 38.50323 38.56774 38.77097 38.7129 38.77419 39.02039 38.97673 38.94677 39.30772 39.20841 39.26117 39.25357 39.21648 39.36129 39.3871 39.30968 39.29355 39.30323 39.39355 39.47097 39.50968 39.6129 39.61935 39.69032 39.77419 39.79355 40.01936 40.09355 40.19032 40.20968 40.22258 40.22903 40.22581 40.08387 40.00968 40.15807 40.17097 40.40645 40.47742
-9999 -9999 -9999 -9999 -9999 -9999 -9999 34.29286 34.52396 34.93318 34.97661 34.9015 34.46383 35.17327 35.48433 35.55115 35.77258 36.24516 36.56774 36.18387 36.72903 37.06129 37.17097 37.33548 37.19677 37.02903 37.0871 37.3871 37.57419 37.36452 37.81936 38.29032 38.48709 38.55161 38.59032 38.69677 38.72258 38.79862 38.95864 39.01094 39.04574 39.28744 39.24113 39.25357 39.2121 39.17926 39.28019 39.23226 39.22903 39.37097 39.38387 39.4129 39.42258 39.53548 39.84516 39.90968 39.74194 39.69677 39.76451 39.96129 40.04839 40.08065 40.10323 40.13871 40.14194 40.12258 40.09678 40.1129 40.00968 40.09355 40.29355 40.26451
-9999 -9999 -9999 -9999 -9999 -9999 -9999 -9999 34.62615 35.02892 34.97638 34.96809 34.94217 35.40438 35.54493 35.52696 35.57431 35.94067 36.30968 36.20645 36.72581 36.89032 36.94194 37.2 37.18064 37.04193 37.1 37.17419 37.46452 37.54839 37.66129 38.14194 38.47097 38.54193 38.64839 38.69032 38.78226 38.8614 39.03364 39.17719 39.17776 39.31129 39.25864 39.2379 39.18618 39.26163 39.27131 39.31613 39.22903 39.18064 39.33226 39.41613 39.55806 39.66774 39.65484 39.6129 39.74839 39.91613 39.73549 40.03871 40.04516 40.1 40.05806 40.07097 40.06774 39.99032 40.02258 40.05806 39.98387 40.02903 40.07097 40.02258
-9999 -9999 -9999 -9999 -9999 -9999 -9999 -9999 34.91221 35.08871 35.20322 35.3409 35.43871 35.58641 35.52212 35.47005 35.60265 35.60611 35.69666 36.24896 36.76129 37.15484 37.02258 37.04516 37.17097 37.28064 37.3129 37.8 37.7871 37.73226 37.88065 38.1129 38.44839 38.5871 38.53099 38.66555 38.95219 38.975 39.19182 39.27592 39.24701 39.35657 39.38226 39.28652 39.1856 39.11498 39.01117 39.02903 39.08065 39.09032 39.09678 39.19355 39.31936 39.71936 39.78064 39.98709 39.99032 39.86129 39.84516 39.83226 39.74194 40.00645 39.99677 39.97742 39.99677 40.00968 40.07419 39.8129 39.98387 40.19677 40.19355 40.24194
