features/re_bio13.asc
ncols         768
nrows         589
xllcorner     124.299398925
yllcorner     32.893460211367
cellsize      0.010567299164062
NODATA_value  -9999
[rows 210 to 244 of 589, columns 231 to 307 of 768]
551.8 551.3 548.2 544.5 540.8 536.3 527.8 -9999 -9999 -9999 -9999 -9999 -9999 -9999 -9999 -9999 -9999 -9999 -9999 461.8 460.1 457.9 457.7 457.9 459.5 460.2 458.4 457 460.6 458.8 457 456 455.1 453.9 452.5 448.6 445.6 440.8 439.8 445.2 448.8 443 439 435.1 440.8 443.8 444 445.2 447 452.2 455.5 464.6 464.7 467.6 482.8 472.6 466.2 502.2 480 469.5 468.6 483.6 473.9 478.1 484.4 473.1 465 459.8 455.7 453.3 450.9 449.4 449.9 441.8 438.1 435.9 434.9
552.3 551.1 548.8 544.6 539.5 534.1 526.9 519 -9999 -9999 -9999 -9999 -9999 -9999 -9999 -9999 -9999 -9999 452.3 451.6 450.5 449.3 448.9 452.8 458.1 456.4 451.4 449.7 452.1 451 449.3 447.5 446 444.2 443.4 439.3 436.2 434.9 431.2 430.1 431 430.6 427.6 425.9 430.9 440.8 442 437.8 446.3 468.4 449.6 461.3 465.3 461.5 462.1 467.9 461.1 466.8 478.9 472.8 468.3 469.9 473.1 469.1 477.9 468.5 461.2 458.7 457.1 452.6 448.6 446.2 447.6 440.2 435.9 433.3 432.8
549.3 548.7 546 541.5 536.6 530.8 523.2 515 -9999 -9999 -9999 -9999 -9999 -9999 -9999 -9999 446.4 445.6 444.6 443 442 440.1 440.9 444.9 448.7 447.9 445.1 443.2 444.4 443.5 444.3 442.3 438.9 436.7 437.5 432 428.1 428.5 423.8 420.4 419.6 419 419.4 417.6 423.2 430.7 434.8 435.8 442.1 476.5 475.5 451.8 449.1 447.8 459.2 488 486.1 479.7 457.4 456.7 461 458.6 462.2 459.7 462.2 459.6 455.5 455.8 456.3 453.3 449.4 444.1 444.8 441.4 433.7 431.7 432.6
542.2 542.3 538.4 535.5 531.4 523.5 515.3 507.1 -9999 -9999 -9999 461.7 454.6 448 443.4 439.8 438.7 440.7 442.1 438.9 434 432.6 433.8 438.6 438.8 438.4 439 435 437.7 435.3 439.1 438.8 434.8 432.7 433.6 425.8 423.1 420.9 417.2 412.3 409.2 408.7 409.1 409.6 418.6 422.4 430.8 440.1 440.8 477.3 453.6 438.3 434.4 435.3 447.8 461.9 449.6 458.8 457.2 474.9 470.5 457.9 453.9 454.8 453.9 453.9 451.3 451.4 452.4 451.4 450.5 446.1 441.1 436.6 434.8 431.5 432
537.6 535.8 532.1 527.6 522.1 514.4 505.5 496.9 478 -9999 -9999 454.9 446 440.8 435.7 432.7 431 431.6 431.9 429.6 425.9 426.1 433.2 441.5 442 436.5 432.1 429.1 432.4 433.6 438.2 436.1 429.3 425.9 425.6 419.1 418.4 414 411.4 405.9 401.5 402.8 406 405.8 418 424.3 434.1 454.7 445.9 438.4 425.4 427.3 427.8 442.4 461.3 461.8 445.9 454.7 469.9 477.2 472 453.6 454.1 455.7 452.5 452.4 449.4 448 447.4 445.7 444.5 444.7 441.6 435.5 433.9 431.4 430.9
527.4 524.7 521.9 517.4 510.1 501.4 493.7 484.3 467.6 458.8 450.8 443.8 437.6 433.5 429.3 426.2 422.7 426.3 431.1 431.6 429.3 416.5 424.9 425.9 429 428.1 419.5 423.7 427.1 424.7 424.6 422 416.6 411.3 407.9 407 406.5 404.9 402.7 397.9 394.2 397 401.4 401.6 411.4 432.8 473.6 485.1 451.7 427.2 414.6 420.3 422 443.9 458.9 443.8 439.1 458.5 518.6 479.6 463.1 466.9 463.1 462.2 452.8 457 449.8 445.8 443.7 441.8 440.6 439.7 438.6 431.8 436.7 430.5 425.2
512.7 503.8 497.8 491 484.4 479.4 471.8 463.2 444.3 435.7 428.6 422 415.7 411.1 407.7 407.1 402.8 399.4 402.4 408.6 409.5 405.9 398 402 402.8 400 398.9 408.8 411.5 406.6 402.1 398.2 393.5 388.5 386.3 386.2 384.8 383.3 384.8 383.1 379.7 377.7 377.7 413.2 444.9 446.2 429.6 421.9 427.5 428.8 403.5 405.6 411.1 421.5 420 417.2 422.8 438.7 442.7 457.5 456.2 443 440.3 441.2 440.9 459.4 447.7 439.1 438.7 438.2 435.2 434.3 433.4 433.4 429.5 425.2 427.3
502.1 498.6 491.5 484.3 477 469 462.9 454.4 434.9 425.8 419.8 414.5 408.1 403.9 400.2 397.4 394.5 391.2 388.6 387.6 387.6 387.9 388.7 388 387.8 387.8 386.4 389.6 397.4 395.4 388.9 389 384.5 378.2 377 377.3 374.1 379.3 377.8 375.4 373.3 379.3 386.3 411.1 466.3 430 403.5 413.7 432.8 414.2 401.6 398.2 402.6 416.2 419.7 415.2 415.4 429.2 429.7 442.9 445.4 441.8 441 437.4 433.4 445.6 443.6 440.1 439.1 439.6 437.8 433.8 427.3 427 423.3 424.8 434.4
492.1 486.9 481.8 474.9 467.3 459.7 451.6 442.6 424.8 416.2 410 405.1 400.5 397.1 393.6 391.2 389.3 385.9 382.1 379.5 378.9 378.4 377 376.7 376.2 376.1 376.7 378.6 384.6 378.4 376.2 376.2 374.8 372.7 370.7 368.7 365.6 393.1 372.6 368.4 372.4 376.6 375.8 424.7 434.3 393.8 386.7 393.2 396.8 399.7 399 392.9 396.2 420.9 418.9 412.5 410.1 416.6 421.3 429.7 435 439.9 447.3 438.7 431.7 436.7 431.2 434.9 435.4 435.3 435 428.3 424.2 423.9 422.3 426.2 436.9
480.3 475.8 470 463.5 457.9 452 442 431.2 419.2 410.5 402.9 398 394.1 391.1 387.7 386.6 384.9 379.7 375.6 374.2 374 372.4 371.5 371.1 369.4 368.9 367.2 365.9 368.1 367.4 367.7 366.3 365.1 363.8 365.4 366.9 372.3 381.4 381.4 370.1 366.3 371.3 387.8 421.9 447.7 432.7 394.8 382.7 387.6 395.5 388.8 388 397.2 434.2 419.2 410.1 407.5 414.9 425.3 420.3 423.4 429.5 438.4 439.1 430.5 434 424.5 427.3 429.3 429.6 429.6 427.9 423.2 422.6 422.6 426.5 434.3
470.2 464.3 458.9 453.1 447.5 441.5 434.2 424.3 413.8 405.3 398.1 392.4 388 384.7 383.1 382.3 379.4 375.4 372.7 371.6 370.6 368.1 366.8 364.2 362.6 362.2 360 357.7 356.2 357 356.9 359.2 370 373.4 368 373.7 393.7 386.2 383.6 376.1 381.7 378.6 381.1 402.7 469.5 425.6 383.5 376.3 381.2 387.4 379.1 392.4 398.3 401 401 400.3 402 409.7 416.2 414.5 417 421.9 428.9 434.2 429.8 431.6 423.4 421.6 425.6 427.4 425.3 422.3 423.3 422.8 424.7 426.2 426.9
458.4 455.2 449.6 444 438.3 432.1 423.7 416.3 405 399.1 392.8 387.4 383.6 380.7 379.6 377 374.5 373.3 372 370.4 367.7 363.6 361.2 359.4 359.4 357.2 359.1 362.2 363.7 363.4 366.1 368.5 372.1 374.3 376.8 379.3 380.9 379.7 377.4 376.1 384 379.7 386.7 403.6 402.4 377.9 371.6 372.7 376.4 380.4 375 385.8 395.3 392.6 394.2 397.6 399.7 404.9 407.4 408.2 411.4 419.4 423.3 427.5 425.2 429.2 421.5 419 420.8 422.6 422.1 420.9 422.8 422 424.7 425.1 423.9
448.8 447.6 442.3 437.1 431.8 425.4 416.8 410.4 402.2 396.3 389.6 384.6 381.8 378.9 376.1 373 369.7 369.1 370.6 369.9 365.2 360.8 358.4 366.3 385.6 383 389 388 381.3 389.1 390.4 386.8 387.3 387.1 388.2 394.2 396.4 397.5 384.9 380.6 381.2 389.3 401.7 410.3 386.5 369.2 369 371 373.5 375.4 372.4 377.4 378.4 387.4 389.6 392.1 398.6 401.7 401 406.9 423.5 417.1 419.3 422 422.2 426.3 425.5 417.8 421.2 426.9 427 423.1 421.7 420.8 421.3 421.9 422.6
445.9 441.1 437.1 432.5 425.9 418.1 411.5 407 400.3 395.2 388.5 382.3 378.3 375.9 373.2 370.4 367.3 367.6 367.9 367.4 364.6 363.1 375 388.5 414.3 415.8 421.9 416 414.2 442.7 436.3 426.4 412.9 405.5 400.2 398.8 404 409.8 406.7 389.5 379.5 384 387.5 394.1 373.8 368.3 367.1 370.7 372.3 373.5 374.9 374.1 375.5 380.7 384.3 387.4 393.8 401.5 406.3 414.5 414.1 416.5 417.7 417.6 420.3 422.6 424.5 417.9 417.8 423.4 425.6 422.4 420.9 420.8 420.6 420.8 422.4
443.5 436.7 432.8 426.3 418.6 412.6 408.3 404.2 398 393.3 386 379.5 376.2 373.4 372.5 369.5 366.3 367.7 366.4 374.8 397.2 386.2 397.1 411.3 427.9 442.3 442.4 452.8 479.9 466.5 491.1 463.9 438.7 426.6 421.6 410.6 403.4 399.7 414 402.2 389.1 385.5 383.2 376 364.8 361.1 364.4 368.3 371.8 372.9 369 370.3 373.7 379 385 387.7 390 398.3 410.3 411.6 411.8 414.9 416.3 417.8 419.3 422.6 426.4 419.2 419.1 420.7 421.1 421.3 421 418.8 422.8 423.1 424.4
439 430.5 426 420.6 414.8 409.6 406 402.4 394.9 389.7 383.4 378.5 376 374.3 375 371.9 369.3 367 371.4 396.7 427.3 462.6 474.1 465.2 474 501 480.1 514 565.9 491.6 501.8 493.2 471.5 455.3 443.7 427.3 412 400.7 395.4 393.8 388.5 385.7 378.3 372.9 363.1 359 359.7 361.6 365.9 369 365.9 369.5 372.9 377.2 385.2 388.6 390 394.3 398.3 404.5 409.8 415 417.6 419.4 422.4 428.2 425.9 421.6 420.6 420.4 420.7 420.8 420 423.6 425.4 425.3 425.5
434.9 429.7 426.4 416.5 409.4 405.9 402.1 398.9 394.1 386.3 380.9 377.9 375.8 375.6 380 375.6 385 380.1 385.6 415.7 452.5 489.6 525.6 512.5 534.3 534.1 519.5 548.1 583.2 541.1 517.5 553 535.6 505 479.2 449.4 425.9 405.1 394.2 384.9 378.8 373.1 368.5 391.5 379.5 359.5 360 361.3 364.9 367.2 364 367.6 371.2 374.7 384.7 388.3 387.8 391.5 398.7 402.6 407.7 413.1 416.9 419.3 422.1 427.6 427.6 421.1 421.4 421.5 422 423.7 424.5 425.5 425.2 424.9 424.8
429.6 424.1 418.7 412.9 408 405.2 401.9 398.3 392.5 385.2 380.7 378.5 377.1 375.7 377.9 401.9 399 394.3 404.5 432.4 468.8 499.4 525 526.2 543.2 553.3 578 601.2 645.3 591.4 600.1 578.5 595.1 594 554.9 497 444.4 408 396.3 391.3 370.2 359.5 360.1 378.4 380 360.6 362.7 364.6 366.4 366.6 364.4 366.6 371.3 376 380.1 383.7 388.7 393.7 396.3 403.3 409.4 416.6 420.4 423.3 425.8 427.9 424.2 420.5 421.3 422.4 423.1 425.2 429 430.4 430.2 429 428.7
426.3 419.4 414.3 410.6 407.2 404.8 402.2 396.9 387 383.7 380.6 379.6 378.2 377.2 404.6 409.7 411.9 410.9 426.7 472 519.1 536.8 568.2 597.1 624.4 610.9 651.2 673.8 715.8 705 696.7 654.4 637.4 593.3 543.3 509.1 458 414.7 404.8 387.2 371.3 374.6 380 351.7 360.2 360.3 366.4 368.9 367.2 366.5 368.7 368 373 -9999 -9999 388.5 395 399.8 398.2 402 407 417.5 420.9 423 424.2 423.8 424.1 422.8 422.7 423.2 425.7 428.8 430.5 431.1 433.7 430.6 431.9
422.4 414.9 411.3 408.5 405.7 401.8 397.4 394.3 386.9 383.4 381.6 381.5 383 385.2 387.7 420.8 423.2 441.2 461.5 510.9 570.8 592.5 610.7 609.2 617.1 656.7 700.9 735.7 738.9 769.6 742.4 684.8 647.3 608.6 556.9 504.6 469.6 453.1 424.1 401.6 387.8 386.6 383.7 342.6 348.6 356.4 363.9 368.4 370.6 370.9 370.7 371.9 379.9 383.7 383.9 385.8 392.6 399.8 402 404.2 407.8 420.4 422.7 422.1 422.7 424.2 426.2 425.9 425 425.6 427.7 430.3 431.6 432.1 431.9 433.4 435.8
414.9 411.9 410.1 406.6 402.5 399 396.3 393 387 384.2 382.8 383.8 385.7 406.6 424 408.1 431.8 457.3 482.4 525.8 569.7 595.9 662.6 709.1 667.5 705 766.3 810.6 852.1 813 718.8 690 633.5 581.1 540.7 506.8 477.7 449 417.5 394.7 368.4 359.4 365 339.7 343.4 351.3 359.2 368.4 372.1 371.3 372.1 377 387.6 393.8 392.2 391 390.5 393.1 398.4 402.7 408.9 419.4 421.5 422.8 423.1 424.9 426.6 429.6 429.4 430.5 431.1 431.2 432 433.4 435.1 434.6 437.2
413.4 410.5 408.1 403.7 400.6 397.9 394.8 391.5 385.1 383.7 381.3 380.7 380.1 393.7 406.6 431.1 449.6 469 496.9 538.7 583.5 640.7 708.8 742 725.5 749.4 814.6 845.8 819.2 785.9 732.3 676.4 633.1 608.4 591.2 560.7 513.1 489.3 441.9 411.7 380.6 357.4 344.2 338.7 341 349.1 357.7 366.8 369.4 369 371.9 378.2 378.1 386 388.8 390.7 391.1 392.7 397.7 400.3 406.2 417.7 420.2 421.5 422.9 424.9 426.7 429.7 431.4 433.1 433.8 434.5 435.5 436.6 438.5 438.2 442.3
412 408.4 405.7 401.2 398.4 396.6 393.6 390.4 384.5 383.1 381.4 379.5 378.2 392.7 418.6 441.4 452.6 480.7 517.6 568.3 640.3 706 749.3 746.8 755.6 775.7 857 875.7 799.8 774.8 732.8 721.8 680.3 672.9 665 615.4 541.6 518.6 466.1 406.7 378.4 366.1 344.7 338.2 341 344.3 353.1 360.2 363.2 366 370.9 375.9 377.9 384.5 386.6 388.2 391.9 397.3 400.6 401.7 407.7 413 415.1 418.8 423 425.4 429.4 431 431.7 432.3 434.5 437.3 438.7 439.8 442.1 446.1 454.9
410.4 406 403.9 400.1 397.2 396 393.9 389 383.8 382.9 384 380.9 387.6 412.4 419.7 442.7 465.7 500.5 532.7 585.1 656.7 719.6 765.2 788.3 785.6 803 895.1 901.3 876.3 838.2 805.9 781.6 719.2 692.9 666.9 605.4 535.1 468.5 429.3 404.4 384 364.8 349 340.1 345.4 344.9 357.1 357.9 361 366.3 371.3 376.8 378.6 382.5 386.2 388 393.4 398.3 400.2 403.3 406.4 412 413.9 416.4 421.4 427.1 428.7 431.1 431.5 432 433.5 435.6 438 440.4 442 450.2 457.9
405.5 404.4 400.9 399 396.8 394.5 391.4 386.4 380.5 380.7 377.3 391 412.5 424.5 442.7 465.1 498.9 535.8 580.7 640.2 699.8 753.7 785.2 817 840.6 885.8 955.3 978 927.9 886.1 854.4 838.2 746.6 686.1 634.4 578.1 528.9 487.9 460 425.4 390.9 359.8 341.7 351.7 353 351.8 357.9 362.3 366.3 370.7 375.7 379.7 377.6 380.2 384.5 386.9 389.2 394.8 400.9 403.7 406.2 412.3 416 418.3 420.2 422.5 425.5 426.4 428.1 431 431.2 431.3 435.2 440.6 439 443.6 453.9
403 400.4 399.6 399.2 396.8 392.2 387.3 383.8 382.5 378.7 382.6 405.4 425.2 433.6 454.5 481.9 523.1 557.5 633.1 693.5 741.2 784.6 799.1 844 925.5 951.4 999.9 1012.1 963.9 893.7 840.5 795 750.3 704.1 652.5 596.7 541.4 491.8 456.5 431.9 393.3 357.7 344.6 353 357.6 357.4 362.1 365.5 368.9 373.7 378.3 379.9 377.7 381.3 384.3 388 391.1 395.7 401.3 406.3 409.8 413.9 416.5 421.5 423 420.8 421.1 425 425.1 428.9 430 430.3 432.2 433.9 434.3 433.2 448.1
401.1 398 396.9 394.7 391 386.6 383.1 382.2 377.9 373.4 392.7 409.7 430.7 447.5 472.7 508.5 552.4 583.1 656.1 735.9 778.6 814.2 856.9 861.8 965.8 995 1042.7 1003.9 951.8 899.9 862.4 826.8 780.8 724.6 667 608.8 550.3 499.4 460.5 430.7 392.7 358.6 347 356.4 361.5 362.6 366.5 367.5 371.3 376.3 381 383.3 381.4 383.4 385 389 392.6 395.3 399.6 406.3 409 414.8 416.9 418 419.5 420.7 420.8 422.4 425.9 428.3 431.8 431.2 429.1 428.8 429.5 430.6 432.3
397.7 393.9 391.7 390.3 388.4 386.5 384.1 382 379.6 381.8 396.7 408.3 432.1 457.1 490 520.9 561.1 603.6 685.2 748.7 794.8 839.8 889.3 884.5 998.3 1011.7 1030.6 983.9 962.5 930.7 887.2 857.4 802.7 742.4 683 620.8 558.6 506 466.7 425.1 390.7 354.4 350.4 358.5 362.6 363.4 367.7 370.5 374.8 379.2 383.7 386.4 386.2 385.5 386.6 389.9 392.4 394.8 398.1 403.5 408.5 415.2 416.4 416.4 417 418.2 419.4 420.1 424.6 426.2 426.2 425.8 424.7 424.7 426.6 426.4 424.7
395.6 391.5 390.8 393.7 392.5 387.2 382.6 380.1 373 382.8 405.1 426.2 442.2 471.7 508.5 554.9 594.9 664.5 724.2 763.4 793.2 827.2 878.7 908.8 974.8 1045 1014 1009.9 984.1 949.5 918.6 887.9 820.6 757.9 695.3 628.2 562.3 508.8 465.3 421.1 392.6 351.6 352.6 359.8 362.2 363.8 368.8 373.5 376.4 379.3 384.1 388.8 390.7 387.3 388.8 390.7 392.6 394.9 397.6 401.1 407.4 413.1 414.7 415.3 416 416.8 417.1 417.9 422.6 423.6 424.1 423.5 421.5 420.2 421 424.4 425.3
394.2 393.7 388.4 388.1 392.9 389 380.7 376.9 391.5 408.5 428 437.3 454.1 485.8 516.7 553.8 594.3 661.6 717.4 781.7 843.2 870.5 887.3 929.8 1033.5 1007.7 1026.8 1026.2 1005.8 962.7 928.9 890.7 824.3 756.8 689.8 623.8 562.4 508.2 461.7 422.4 384.8 348.7 353.5 361.9 363.2 367.2 371 375.4 376.4 379.7 384.3 387.6 390.5 388 389.6 390.8 392.8 395.5 397.9 400.8 404.7 411.4 412.5 413.5 415.9 416.7 415.8 417.3 419.4 421.7 421.7 421.3 420.4 418.6 418.2 419.9 420.9
392.7 388.5 387.6 383.3 385.1 383.7 379.1 374.8 398.7 422.6 440.1 448 465.7 499.3 533 579.5 655.5 688.4 760.1 786.6 846.3 912.1 900.8 933.8 1008.8 1013.2 1034.9 1035 1010.5 969.1 943.3 896.2 829 760.3 691.9 621.8 554.3 497.9 456.1 420.1 378.7 350.3 356.6 364.2 365.2 370.4 373.1 371.9 375.6 381.4 384.4 385.5 387.9 384.5 388.1 389 392.5 395.3 398.1 400.7 403.9 410.6 411.4 412.1 416 417.6 415.9 416.9 417 418.1 420.2 419.7 418.3 416.8 416.1 419.1 421.1
389.1 386.6 386 381.5 378.8 378.5 376.6 372.8 407.9 425.1 449 456.2 473.2 507.4 540.5 592.3 675.3 737 767.9 780.7 819.5 868.9 892.1 928 974.1 1009.7 1015.5 1021 1000.8 958 932.8 890.3 822.3 756.2 683.7 614.2 553.4 495.3 451.9 410.3 375.3 354.4 359.8 363.9 367.8 370.6 370.6 376.6 382 386.4 388.7 388.6 387 384.3 386.9 386.9 390.3 394.7 398.6 401.5 403.7 409.7 411 411.6 414.6 416 415.3 415.4 414.4 414.9 418.1 417.8 416.7 415.2 413.9 414.6 419.4
388 385.3 386.2 380.8 378 375.9 376.8 386.3 428.3 438.9 459.7 466.5 482.1 514.4 555.2 617.7 693.4 734.2 749 762.8 790.8 837 878.6 916.3 951.9 988.7 993.9 989 977.4 956.4 919 879.5 805.4 739.4 670 604 540.6 487.7 453.5 420.6 368.9 356.6 360.6 363.2 368.4 371.2 377.8 380.8 383.7 388 392.6 396.5 397.1 392.3 391.7 393.7 396.3 399.1 401.4 403.6 405.4 408.9 410.5 412.2 414 414.3 413.8 414.8 414.2 414.9 418.1 417.6 415.7 413.6 412.5 412.6 413.8
387.7 384.9 383.6 381.8 380.3 386.7 394.4 410.3 449.1 462.7 459.6 472.8 490.9 523.6 571.5 635.9 681.6 718.5 730.1 749.9 769.7 809.3 856 889.9 925.2 952.7 961.9 955.5 940.7 923.7 898.7 850.9 781.6 715.7 648.5 586.1 531.7 482.7 439.5 393.4 358.2 360.4 363.7 364.6 368.7 372.7 376.4 384 387.1 390 393 396 398.4 399.3 392.5 395.6 397.8 400.4 402.2 403 404.6 408.2 410.5 412.9 414.6 414.4 413 412.9 412 411.6 412.7 414.7 413.8 412 411.1 410.3 409.5
397.6 395.3 399.1 400.1 407.7 410.8 418.5 432.2 479.8 490.6 468.5 477.3 503.9 545.1 594.2 648.4 652.2 699.2 702.8 720.4 744.5 778.6 816.8 859.8 891.3 896.9 920.5 908.2 893.1 874.7 850.5 807.4 745.5 689.4 627.8 565.5 512.2 470.1 422.7 371.3 351.2 363.8 368.5 366.9 371.2 376.4 380.9 384.8 386.5 388.5 390.8 393.4 396.1 397.9 393.8 395.9 398.1 399.3 400.7 402.7 404.8 410.4 412.2 414.6 413.8 411.8 411.1 411.4 411.3 409.8 411.1 413.6 414.2 413.3 411.8 410.7 409.5
