features/re_bio15.asc
ncols         768
nrows         589
xllcorner     124.299398925
yllcorner     32.893460211367
cellsize      0.010567299164062
NODATA_value  -9999
[rows 248 to 278 of 589, columns 355 to 425 of 768]
1.011158 1.042403 1.082805 1.089759 1.085813 1.065928 1.109005 1.136891 1.151378 1.157553 1.151884 1.147695 1.168406 1.200069 1.205444 1.207566 1.200185 1.191469 1.19603 1.194437 1.179839 1.229386 1.234007 1.225679 1.216428 1.199467 1.180548 1.173893 1.127887 1.138662 1.125402 1.134093 1.148548 1.147401 1.128682 1.125441 1.1444 1.085794 1.071929 1.097627 1.120474 1.106403 1.086439 1.121531 1.115572 1.103551 1.096324 1.109036 1.119511 1.112327 1.110646 1.102308 1.109688 1.126869 1.127981 1.112783 1.108653 1.12184 1.125334 1.142649 1.137777 1.128973 1.143603 1.149353 1.149787 1.157777 1.138676 1.164501 1.158462 1.163486 1.172408
1.04817 1.059877 1.083267 1.093611 1.083859 1.087259 1.115998 1.146539 1.154825 1.161411 1.153177 1.138297 1.16311 1.213104 1.213876 1.220137 1.220277 1.216778 1.218006 1.227455 1.227005 1.243157 1.248311 1.23675 1.228395 1.206255 1.193741 1.165812 1.144347 1.1116 1.07883 1.079702 1.115949 1.133406 1.101654 1.105801 1.119739 1.128602 1.089218 1.067854 1.086321 1.105307 1.093029 1.088766 1.093411 1.113783 1.109821 1.097609 1.093615 1.101259 1.112819 1.105323 1.108523 1.123121 1.122807 1.109551 1.118697 1.138029 1.135321 1.144984 1.116661 1.111052 1.126177 1.140828 1.137684 1.154904 1.134553 1.138711 1.150407 1.164093 1.167198
1.082005 1.069736 1.087009 1.097703 1.098063 1.113884 1.114089 1.138089 1.152292 1.168743 1.179685 1.191217 1.200221 1.218458 1.217662 1.218129 1.225316 1.231263 1.234722 1.245371 1.263302 1.258734 1.251052 1.211217 1.218337 1.209721 1.187613 1.146569 1.167234 1.118625 1.083694 1.084967 1.112391 1.126076 1.104539 1.081337 1.060225 1.094049 1.084045 1.071473 1.062225 1.079405 1.101162 1.105232 1.067709 1.073131 1.100511 1.101243 1.077113 1.084337 1.097213 1.098997 1.112211 1.114016 1.111727 1.107701 1.117422 1.129316 1.138394 1.140856 1.130343 1.124264 1.125144 1.137401 1.141191 1.143189 1.138905 1.13217 1.139851 1.152837 1.16089
1.084054 1.088692 1.094933 1.086118 1.07833 1.110014 1.121954 1.138596 1.15802 1.147835 1.154386 1.184985 1.211019 1.221405 1.230757 1.224973 1.236862 1.245281 1.242049 1.248512 1.269666 1.26549 1.25192 1.227691 1.171343 1.184596 1.190883 1.193364 1.179648 1.175251 1.166021 1.150669 1.130938 1.111457 1.093791 1.071711 1.056404 1.053046 1.061068 1.08767 1.066267 1.038294 1.042403 1.08529 1.09084 1.090729 1.090214 1.091713 1.084637 1.078467 1.080247 1.074743 1.085476 1.113782 1.13506 1.125797 1.109864 1.110629 1.126267 1.157607 1.137228 1.135177 1.137273 1.148163 1.162439 1.161407 1.147389 1.151622 1.150506 1.147098 1.137076
1.072267 1.072514 1.075346 1.080802 1.075483 1.071309 1.065364 1.130306 1.137335 1.118306 1.138286 1.189217 1.208652 1.226928 1.235338 1.235434 1.244757 1.258999 1.259387 1.250685 1.250695 1.268052 1.233916 1.216791 1.17348 1.192058 1.19353 1.200226 1.184471 1.186025 1.171423 1.152709 1.140888 1.125902 1.1076 1.089418 1.060798 1.058047 1.064355 1.0863 1.080475 1.069942 1.065707 1.087434 1.114907 1.096648 1.091028 1.091195 1.093681 1.086448 1.067539 1.102547 1.11995 1.111599 1.110857 1.119184 1.122868 1.121617 1.129085 1.136672 1.139816 1.134599 1.140497 1.152495 1.158988 1.152777 1.149841 1.151559 1.16108 1.160635 1.150267
1.078147 1.075729 1.076347 1.081906 1.080773 1.054139 1.044852 1.120021 1.136568 1.121063 1.142203 1.182703 1.195945 1.208135 1.222894 1.233827 1.228548 1.242529 1.262256 1.271929 1.278091 1.268284 1.225738 1.219535 1.203943 1.179374 1.190754 1.189039 1.190213 1.183558 1.169105 1.1546 1.146068 1.132589 1.123504 1.105205 1.07027 1.061353 1.068329 1.082243 1.094081 1.092611 1.077959 1.062057 1.082188 1.097736 1.068109 1.075678 1.089147 1.09283 1.090428 1.088202 1.089706 1.09974 1.111282 1.121972 1.119375 1.120085 1.132745 1.136044 1.1494 1.142612 1.14381 1.153123 1.158846 1.159337 1.151866 1.157455 1.16771 1.162269 1.164087
1.080427 1.089046 1.089562 1.080232 1.06849 1.040545 1.051554 1.107193 1.132043 1.124117 1.143224 1.172975 1.182791 1.18952 1.205388 1.219817 1.225544 1.22685 1.236349 1.253085 1.255154 1.256522 1.229166 1.230752 1.214734 1.197268 1.20675 1.192206 1.185687 1.178759 1.165851 1.157493 1.149575 1.138807 1.132373 1.130818 1.120841 1.107365 1.108319 1.103249 1.116767 1.108303 1.088612 1.058001 1.077783 1.095661 1.065512 1.078895 1.095021 1.102289 1.111712 1.109231 1.08969 1.098003 1.116111 1.135286 1.14703 1.151683 1.149447 1.154098 1.140007 1.141172 1.146978 1.157145 1.167156 1.177544 1.176239 1.173524 1.182041 1.168678 1.174823
1.054131 1.070347 1.083766 1.070312 1.055012 1.054447 1.069749 1.085209 1.115085 1.119531 1.137045 1.156355 1.167418 1.179344 1.185944 1.199414 1.202991 1.172702 1.197942 1.239856 1.238749 1.236133 1.229535 1.218157 1.204498 1.21285 1.204249 1.180262 1.146589 1.165739 1.168637 1.16066 1.148446 1.141053 1.140953 1.139776 1.139626 1.136172 1.135882 1.119133 1.128436 1.126778 1.119705 1.077756 1.086258 1.092185 1.078249 1.076976 1.090438 1.123136 1.139548 1.128476 1.109309 1.099966 1.124142 1.14501 1.152926 1.152141 1.148662 1.143777 1.159076 1.159106 1.164657 1.16643 1.169113 1.172243 1.170639 1.176859 1.186338 1.193991 1.196415
1.044305 1.045615 1.064357 1.076901 1.079016 1.076208 1.073864 1.088133 1.090441 1.102705 1.112822 1.131912 1.146302 1.153169 1.137475 1.139902 1.159562 1.170328 1.194414 1.216495 1.227114 1.223937 1.218573 1.212125 1.226405 1.204029 1.185779 1.17286 1.182398 1.180512 1.172992 1.162058 1.158859 1.155015 1.152168 1.147748 1.151527 1.150321 1.145824 1.140706 1.146117 1.133042 1.116351 1.108416 1.088747 1.078653 1.120952 1.122309 1.119571 1.144614 1.160195 1.136335 1.146797 1.125738 1.132521 1.145228 1.16106 1.158633 1.143674 1.150564 1.161234 1.16565 1.159755 1.15098 1.155845 1.158471 1.161497 1.169709 1.187755 1.179433 1.184903
1.030643 1.044736 1.032855 1.045394 1.059367 1.053042 1.045588 1.040047 1.050838 1.07533 1.084352 1.101933 1.123149 1.131092 1.103962 1.078627 1.096403 1.119184 1.150851 1.181855 1.199004 1.200243 1.203701 1.200127 1.200583 1.196336 1.182791 1.17275 1.151817 1.161327 1.157686 1.147311 1.145747 1.151426 1.155594 1.155265 1.155675 1.162904 1.149138 1.152668 1.162789 1.163683 1.144158 1.107651 1.111826 1.096366 1.150552 1.161341 1.15112 1.164065 1.176027 1.163527 1.177756 1.147163 1.166414 1.158039 1.160501 1.160114 1.154934 1.152667 1.164107 1.159296 1.162475 1.161387 1.154118 1.148573 1.158933 1.157917 1.184448 1.186038 1.180497
1.019509 1.007948 1.012732 1.002508 1.005865 1.011946 1.018655 1.01853 1.031306 1.043027 1.062496 1.08255 1.102932 1.098397 1.069296 1.044258 1.067756 1.114759 1.131084 1.155918 1.174683 1.173972 1.168065 1.160794 1.15952 1.18055 1.162864 1.138329 1.134802 1.130571 1.1494 1.156571 1.14648 1.155942 1.159756 1.16168 1.169297 1.164996 1.165882 1.158487 1.170236 1.176642 1.173802 1.146392 1.11193 1.106829 1.142002 1.136856 1.139177 1.164495 1.195451 1.197243 1.178602 1.173562 1.1836 1.173771 1.175344 1.171757 1.173606 1.173434 1.170454 1.176799 1.176865 1.172573 1.172305 1.162434 1.154875 1.173535 1.185047 1.194035 1.18695
0.9934891 0.969999 0.9719341 0.9848976 0.9941549 0.9967391 1.00418 1.016984 1.018239 1.029351 1.046486 1.062902 1.076563 1.074291 1.053578 1.061277 1.082575 1.090115 1.116931 1.141313 1.148809 1.14489 1.127366 1.139049 1.157121 1.160091 1.151858 1.133442 1.128281 1.12217 1.121319 1.142544 1.149296 1.158502 1.168527 1.169296 1.171834 1.177358 1.185129 1.184148 1.171879 1.149853 1.165164 1.16458 1.136405 1.151391 1.126877 1.163529 1.184233 1.191412 1.208618 1.218645 1.202044 1.22016 1.204327 1.193587 1.19638 1.188736 1.178407 1.175597 1.190818 1.184762 1.183623 1.176273 1.173859 1.159534 1.155009 1.170961 1.176311 1.188937 1.195255
0.9727866 0.9566288 0.9695811 0.9760027 0.9884312 0.9982141 1.008384 0.9927726 1.007234 1.023552 1.030244 1.0266 1.020172 1.02914 1.035626 1.06372 1.08279 1.095067 1.110739 1.120985 1.115956 1.100245 1.100661 1.121509 1.157587 1.157681 1.154144 1.147285 1.145495 1.137994 1.109276 1.127609 1.14703 1.15669 1.168467 1.175987 1.17671 1.180698 1.189207 1.192791 1.194515 1.185726 1.196997 1.192412 1.190858 1.198507 1.155355 1.200039 1.187441 1.181666 1.206671 1.23111 1.22123 1.229262 1.216747 1.202964 1.213234 1.211435 1.188695 1.179892 1.194106 1.197873 1.193145 1.180034 1.186606 1.193648 1.193245 1.184168 1.187281 1.18834 1.18941
0.9633919 0.950513 0.9631598 0.9742481 0.9816163 0.9887814 0.9977055 1.011012 1.01191 1.010036 1.015906 1.011674 0.9829165 0.9714982 0.9830885 1.018989 1.03094 1.064821 1.092144 1.092854 1.072353 1.057072 1.085 1.107983 1.145671 1.138071 1.141674 1.141883 1.124506 1.100222 1.104683 1.124061 1.138624 1.149094 1.158137 1.171054 1.177858 1.183093 1.187415 1.19094 1.202662 1.202837 1.198921 1.191817 1.214257 1.20366 1.162387 1.20675 1.197826 1.207054 1.228581 1.238656 1.227393 1.21629 1.201262 1.217336 1.21983 1.217024 1.199662 1.191138 1.212222 1.215858 1.206181 1.195302 1.197122 1.197688 1.197694 1.20021 1.200499 1.193419 1.1922
0.9379365 0.9442884 0.9449802 0.9659175 0.9828393 0.9915068 0.9979729 0.9992746 0.9969416 0.9977735 0.9973298 0.9835158 0.9700853 0.9456264 0.9423409 0.9667897 1.001093 1.050483 1.0773 1.087716 1.068757 1.059518 1.091332 1.120418 1.148732 1.126786 1.119216 1.115299 1.092577 1.06134 1.069932 1.108053 1.125831 1.136035 1.153175 1.162961 1.170563 1.180692 1.186135 1.188735 1.200519 1.207023 1.205977 1.20891 1.212547 1.205928 1.213408 1.228649 1.231565 1.221993 1.219922 1.234458 1.24226 1.223956 1.221884 1.22531 1.224079 1.220752 1.210163 1.208902 1.219944 1.219636 1.219781 1.202577 1.198052 1.200633 1.198495 1.195156 1.200379 1.200898 1.179787
0.927083 0.938192 0.940273 0.9576617 0.9632221 0.9638383 0.9699784 0.9811487 0.9851131 0.984587 0.9805524 0.965894 0.9508217 0.9384497 0.9494036 0.9912303 1.039796 1.053731 1.039013 1.040772 1.067641 1.09652 1.10114 1.108263 1.123483 1.121187 1.116398 1.108718 1.086988 1.062575 1.069298 1.069706 1.122563 1.126965 1.135486 1.152388 1.165355 1.170679 1.184347 1.186277 1.197806 1.208468 1.209459 1.203562 1.201295 1.209977 1.221393 1.196872 1.244569 1.227608 1.232528 1.252086 1.249721 1.21787 1.222594 1.234585 1.232503 1.232525 1.221448 1.226118 1.226062 1.214578 1.229625 1.212256 1.203929 1.204353 1.20157 1.197361 1.19739 1.192176 1.186011
0.9247956 0.9285095 0.9454796 0.9472767 0.9408138 0.9411803 0.9597965 0.9714387 0.9761571 0.9757847 0.9777371 0.9803784 0.9677977 0.9614276 0.9747203 0.9983445 1.033182 1.030718 0.9814667 1.005433 1.042244 1.065092 1.082944 1.089758 1.109227 1.107061 1.110837 1.107616 1.095527 1.076881 1.082793 1.064844 1.08553 1.098448 1.104222 1.126024 1.14714 1.157891 1.170823 1.164885 1.183327 1.201798 1.207433 1.220368 1.228304 1.228887 1.211734 1.208495 1.243202 1.228494 1.230086 1.244676 1.254161 1.241086 1.221846 1.228466 1.215601 1.245206 1.23318 1.234823 1.230342 1.230794 1.234329 1.227933 1.22244 1.221849 1.212736 1.20362 1.203769 1.202577 1.20546
0.9200578 0.9243699 0.9374962 0.9445998 0.9392823 0.93631 0.9592003 0.9678036 0.970813 0.9707124 0.9768726 0.9895519 0.9778788 0.9775041 0.9938198 1.009656 1.021237 1.016557 0.9860581 0.9999043 1.012678 1.032908 1.058906 1.0789 1.087163 -9999 1.103673 1.099383 1.103814 1.116298 1.095063 1.056325 1.056632 1.084267 1.091065 1.110073 1.127867 1.137189 1.136711 1.152655 1.178843 1.195649 1.203668 1.215802 1.222205 1.22751 1.240377 1.22331 1.244857 1.236852 1.223471 1.238861 1.258591 1.242454 1.207637 1.229515 1.25318 1.260634 1.263249 1.250461 1.233929 1.225911 1.227935 1.235347 1.221648 1.222541 1.230897 1.224618 1.213933 1.209226 1.212033
0.9226271 0.9311902 0.9410341 0.9481311 0.9498186 0.9568229 0.961632 0.9645666 0.965412 0.9554282 0.951394 0.9567805 0.95702 0.9540438 0.9693872 0.9884847 0.9971897 1.009431 0.9900221 0.994622 1.000905 1.021307 1.049433 1.071124 1.0751 1.081789 1.096738 1.106786 1.111929 1.097764 1.07136 1.070055 1.085966 1.061363 1.061296 1.07495 1.107688 1.116595 1.105045 1.133008 1.174613 1.195342 1.213348 1.193779 1.210853 1.219267 1.237148 1.235271 1.244161 1.255455 1.23302 1.233992 1.247973 1.240054 1.23153 1.250338 1.242094 1.229169 1.231855 1.232918 1.246035 1.229186 1.208966 1.229904 1.191831 1.206666 1.222289 1.224206 1.218898 1.224954 1.2278
0.9108339 0.9269422 0.951039 0.9526023 0.955446 0.9658954 0.9667439 0.9670159 0.9691358 0.9604508 0.9426642 0.9364167 0.9356869 0.9454041 0.9550131 0.9714381 0.9864957 1.009317 1.015481 1.016474 0.999377 1.008672 1.042913 1.065373 1.076838 1.095161 1.09811 -9999 1.103487 1.082167 1.065995 1.080876 1.046439 1.034547 1.022283 1.045541 1.073998 1.094294 1.113233 1.140021 1.165798 1.178824 1.185526 1.182843 1.192843 1.203477 1.204232 1.214409 1.218292 1.225574 1.245808 1.249116 1.255332 1.26179 1.246087 1.234191 1.242408 1.219536 1.237228 1.236946 1.235433 1.232877 1.224731 1.219853 1.217832 1.219495 1.220454 1.22169 1.219673 1.218739 1.222163
0.9197299 0.9336864 0.9547679 0.9564527 0.959281 0.9621299 0.9642545 0.974952 0.972946 0.9608841 0.9464197 0.9482171 0.9485697 0.9582929 0.9680644 0.9707583 0.9796127 1.009917 1.026973 1.021478 1.020367 1.031036 1.045845 1.053324 1.059659 1.054073 1.058491 1.087518 1.107857 1.114854 1.107266 1.085612 1.038174 1.036968 1.002468 1.010918 1.036886 1.07861 1.093458 1.101709 1.130868 1.17133 1.165529 1.17702 1.180253 1.187148 1.179878 1.212286 1.191138 1.194608 1.226514 1.242287 1.236183 1.235293 1.243733 1.223747 1.246821 1.239043 1.234213 1.23257 1.220083 1.213654 1.205954 1.221292 1.221965 1.203064 1.196059 1.192131 1.20234 1.209526 1.2017
0.9196449 0.924688 0.9421675 0.9577397 0.9662852 0.9712674 0.9663629 0.9695801 0.9810744 0.986956 0.9986483 1.004914 1.012698 1.014097 1.01613 1.016529 1.010509 1.019573 1.034571 1.033482 1.046597 1.027105 1.004828 1.005951 1.016329 1.02039 1.049856 1.070472 1.089151 1.075196 1.061729 1.043869 1.01361 1.033557 1.06004 1.066772 1.049824 1.054608 1.083342 1.103745 1.122699 1.15778 1.153467 1.177247 1.18583 1.192035 1.206396 1.210955 1.195044 1.202034 1.2052 1.213988 1.206334 1.195719 1.209427 1.213356 1.232547 1.237077 1.236439 1.240023 1.231778 1.223008 1.217801 1.1966 1.180043 1.164044 1.151892 1.160108 1.176157 1.184526 1.187661
0.9139351 0.9139131 0.9345438 0.9573881 0.9737336 0.9701558 0.9685806 0.9563994 0.9596661 0.9756204 0.9935365 0.9911729 1.005918 1.016362 1.023969 1.029218 1.032791 1.038465 1.049513 1.028249 1.053501 1.038105 1.013079 1.011958 1.029009 1.045919 1.042791 1.074334 1.092059 1.092651 1.07998 1.054609 1.020607 1.001152 1.01422 1.020627 1.027281 1.057759 1.095155 1.113187 1.112979 1.114334 1.152102 1.168803 1.16444 1.163407 1.185699 1.1951 1.18347 1.185627 1.198325 1.192472 1.175169 1.178722 1.18874 1.198861 1.214725 1.224396 1.227947 1.228323 1.231177 1.222592 1.205194 1.174964 1.157771 1.151985 1.1431 1.156039 1.174563 1.175921 1.158779
0.9113406 0.9267184 0.9485432 0.9707679 0.9765633 0.9833903 0.9935438 0.9702891 0.9547882 0.9656536 0.9863448 1.002921 1.000521 0.9919127 0.9999844 1.021584 1.034036 1.043166 1.053282 1.046574 1.051148 1.054436 1.044882 1.032985 1.035711 1.064247 1.047557 1.075203 1.088505 1.082446 1.079594 1.069515 1.045514 1.039224 1.026832 1.036689 1.038414 1.036294 1.057828 1.095722 1.120822 1.124247 1.14676 1.140511 1.164764 1.159765 1.17418 1.175205 1.178631 1.193782 1.197509 1.180533 1.16775 1.183363 1.197533 1.204256 1.215267 1.204142 1.220493 1.2088 1.218899 1.220723 1.214062 1.204484 1.189344 1.174354 1.174959 1.175338 1.175192 1.163692 1.149718
0.9135483 0.9321121 0.955282 0.9738062 0.9748961 0.9919126 0.9886117 0.9994503 0.9858657 0.971883 0.9987411 1.014279 1.015779 0.992123 1.001649 1.014786 1.013254 1.016577 1.034463 1.042722 1.058907 1.061718 1.062311 1.054415 1.053895 1.067044 1.060136 1.063898 1.079044 1.066937 1.064889 1.061516 1.049199 1.051867 1.049812 1.057728 1.0408 1.045733 1.062156 1.07447 1.083544 1.094032 1.119709 1.133965 1.148227 1.142127 1.144171 1.172462 1.179218 1.194149 1.208836 1.200654 1.202111 1.193112 1.198478 1.202259 1.199873 1.203114 1.219477 1.209129 1.205202 1.211344 1.21632 1.214073 1.196585 1.196648 1.191368 1.187824 1.183371 1.177183 1.08693
0.9261235 0.9390918 0.9531205 0.9634169 0.9779383 0.9873665 0.9894409 1.002423 1.00492 0.9934694 0.9872759 1.000024 1.015509 1.00229 1.001293 1.024978 1.017366 0.9991028 1.015721 1.039773 1.008115 1.038404 1.051218 1.056571 1.064386 1.070845 1.071922 1.067235 1.071012 -9999 1.073799 1.070439 1.060866 1.063669 1.070061 1.06472 1.057565 1.071443 1.077062 1.084264 1.093207 1.101424 1.104833 1.135662 1.14468 1.131724 1.118288 1.132669 1.162154 1.181029 1.187555 1.193066 1.205639 1.204746 1.198869 1.192808 1.191913 1.191114 1.208049 1.199393 1.194067 1.201439 1.199207 1.191478 1.195048 1.197993 1.189884 1.18304 1.186041 1.176866 1.075086
0.9325609 0.9391723 0.9445956 0.9378495 0.9646989 0.9896237 0.9968784 1.003999 1.013408 1.00186 1.004295 1.006801 1.01016 1.012336 1.013461 1.01888 1.018887 1.010846 1.020141 1.037427 1.012821 1.035007 1.044449 1.054964 1.06022 1.044558 1.063907 1.067574 1.071383 1.071113 1.074958 1.07432 1.075081 1.071434 1.071824 1.080477 1.086456 1.094461 1.085651 1.078053 1.081187 1.10152 1.116804 1.110375 1.125696 1.12522 1.116832 1.13038 1.155895 1.170901 1.17426 1.146953 1.145183 1.164892 1.171763 1.170084 1.16785 1.172799 1.184818 1.173647 1.193272 1.190847 1.177247 1.170345 1.181691 1.189208 1.179674 1.170493 1.170624 1.156705 1.057837
0.9273736 0.9258706 0.9262127 0.9263142 0.95994 0.979452 0.9988904 0.9976305 1.010513 1.014662 1.007245 1.011176 1.009658 1.019693 1.022673 1.02522 1.027243 1.026453 1.02699 1.037635 1.044481 1.040047 1.042611 1.049011 1.045061 1.043065 1.04645 1.058846 1.067285 1.066714 1.072743 1.063058 1.062364 1.068295 1.070782 1.088795 1.097528 1.089345 1.078045 1.072528 1.084425 1.103472 1.109237 1.117829 1.107365 1.111151 1.117378 1.121326 1.138673 1.154551 1.159906 1.154844 1.140452 1.144837 1.160186 1.169165 1.175495 1.177598 1.181354 1.176347 1.188547 1.182731 1.170916 1.169306 1.176477 1.180196 1.166574 1.157134 1.08046 1.067201 1.051628
0.9248503 0.9226511 0.9169581 0.929098 0.9593961 0.9858082 1.004249 0.9999248 1.000297 1.015452 1.017478 1.011646 1.013734 1.002708 1.013418 1.022081 1.020723 1.021415 1.02562 1.033522 1.039108 1.04639 1.042493 1.050902 1.044193 1.039412 1.037519 1.049369 1.056929 1.063282 1.071747 1.060055 1.054041 1.067861 1.075805 1.080555 1.086225 1.088033 1.082432 1.075997 1.084512 1.099009 1.100254 1.09987 1.097679 1.097829 1.105913 1.107807 1.11512 1.138677 1.156181 1.141127 1.143452 1.145121 1.158377 1.167223 1.155892 1.158251 1.163592 1.174667 1.183332 1.176167 1.169228 1.164941 1.162838 1.163254 1.150918 1.138585 1.063914 1.046143 1.02014
0.9316829 0.9287385 0.9136804 0.9366397 0.9644927 0.973966 0.9838145 1.011757 1.013644 1.013466 1.016092 1.022271 1.024061 0.9948775 0.9990168 1.000196 1.010594 1.018606 1.019939 1.026619 1.037868 1.038374 1.015928 1.027263 1.026178 1.02054 1.025933 0.9838943 1.028945 1.052158 1.066952 -9999 1.064771 1.066659 1.076563 1.072677 1.075863 1.085144 1.088454 1.082828 1.084764 1.097201 1.096506 1.092564 1.089653 1.103991 1.109242 1.105575 1.110345 1.128051 1.143765 1.134448 1.1398 1.148965 1.159812 1.162989 1.16015 1.161993 1.168647 1.172144 1.167267 1.164379 1.16645 1.166497 1.15877 1.152169 1.14622 1.143303 1.061509 1.046729 1.02754
0.9368083 0.9385268 0.9400375 0.9478171 0.951626 0.9657373 0.9871616 1.005249 1.009038 1.011437 1.010794 1.015143 1.005475 0.9823155 0.9997339 1.013237 1.01112 1.015885 1.018281 1.017449 1.031678 1.029208 1.018774 1.013518 1.015619 0.9976333 1.010571 0.9720458 1.010506 1.040527 1.034212 1.050698 1.063467 1.069534 1.066663 1.07134 1.073421 1.073375 1.086324 1.091498 1.090482 1.088161 1.093132 1.090581 1.093779 1.100212 1.111598 1.117227 1.116512 1.113363 1.130536 1.14083 1.139806 1.146648 1.153931 1.15465 1.164206 1.167536 1.162083 1.15107 1.167131 1.16617 1.170088 1.163781 1.149251 1.145838 1.140183 1.145098 1.140295 1.056974 1.048156
