features/re_bio1.asc
ncols         768
nrows         589
xllcorner     124.299398925
yllcorner     32.893460211367
cellsize      0.010567299164062
NODATA_value  -9999
[rows 256 to 287 of 589, columns 216 to 287 of 768]
14.98466 14.95268 14.69922 13.76453 13.99219 14.58657 14.68385 14.60607 14.2724 14.169 13.55334 13.8452 14.05414 14.06531 13.83975 13.3866 13.06364 13.51616 13.85514 13.81129 14.0321 14.13354 13.94907 13.08959 13.50871 13.71223 13.82676 13.51204 13.02202 12.43527 12.44272 13.32675 13.69832 14.12066 13.89226 14.33407 14.6324 14.68876 14.5974 14.49148 14.5884 14.41558 14.50671 14.5413 14.63719 14.6989 14.59203 14.65397 14.50163 14.76735 14.62396 14.53997 14.18018 13.99651 14.49794 14.60694 13.84333 14.44905 14.15607 13.88784 14.02606 14.38389 13.75858 14.29792 14.79982 14.91787 14.84605 14.70488 14.72184 14.88579 14.50178 14.30497
15.04368 14.76106 13.91149 14.07566 14.16856 14.4581 14.64714 14.57704 14.1752 14.45711 14.03326 14.26791 13.2479 12.48752 12.89514 13.70286 13.89062 14.03727 14.00944 14.09784 14.1694 14.03695 14.02734 13.42775 14.11914 14.26476 14.44504 13.9475 12.96134 12.66065 12.99264 13.30844 13.8679 14.32193 14.18495 14.22502 14.45616 14.64573 14.69138 14.64744 14.5895 14.42594 14.59258 14.67916 14.5936 14.44564 14.44891 14.67224 14.49896 14.63028 14.22705 14.32318 14.25546 14.20862 14.5645 14.34921 13.62625 14.39682 14.4855 13.86868 13.50818 14.0037 14.39839 14.70153 14.83582 14.68257 14.02289 13.78457 14.1461 14.62646 14.89732 14.58947
14.92457 14.44539 14.55291 14.23553 14.2766 14.66424 14.61956 14.71381 14.7296 14.62054 14.56853 13.98502 13.2667 12.50107 12.94527 13.81746 13.8718 14.03502 14.15584 13.97859 13.83272 13.45165 13.6559 13.75781 13.57353 14.18851 14.42396 14.40661 13.61302 13.00884 13.14352 13.69084 14.11769 14.19469 14.24383 14.34638 14.54771 14.6474 14.60742 14.57181 14.62215 14.68159 14.35293 14.44411 14.41292 14.25099 14.36553 14.71382 14.67613 14.59857 14.12043 13.97657 13.97934 14.1949 14.55793 14.32781 13.6921 14.3231 14.16166 13.55865 13.40125 14.02171 14.13012 14.33229 14.71214 14.41499 13.45716 13.58484 14.30758 14.54412 14.8142 14.85751
15.08457 15.03629 14.98014 14.85625 14.39283 14.87524 14.82891 14.62945 14.31925 13.85904 13.95973 14.12773 13.72547 12.44233 12.29142 12.90637 13.13889 13.88334 13.91733 13.2557 13.77108 13.98787 13.71775 13.36616 13.84397 14.13994 13.54557 13.49051 13.63916 13.59683 13.39504 13.54204 14.2924 13.72752 14.43297 14.55657 14.47179 14.32364 14.2942 14.45843 14.65721 14.7051 14.27567 14.12007 13.97603 13.98488 14.35691 14.74401 14.95285 14.81696 14.58998 14.23652 14.21951 14.32893 14.29761 14.2496 13.72933 14.3263 13.59922 13.35658 13.56801 13.85923 13.94186 14.17846 14.45055 14.21561 13.42752 13.60898 14.24063 14.43468 14.67296 15.11435
15.09721 15.21576 14.97985 14.24925 14.55813 14.71236 14.57569 13.78393 12.61447 12.45976 11.84399 12.61182 11.80403 11.40061 11.64259 12.27207 13.046 13.67413 13.51606 13.75708 13.46463 13.62349 13.61077 13.56628 14.35032 13.68625 13.33103 13.5992 14.06829 14.13 14.08689 14.21433 14.18463 14.54887 14.64302 14.59688 14.61312 14.46882 14.41343 14.60437 14.68422 14.11173 14.27222 14.273 14.07061 14.20104 14.65035 14.69723 14.7533 14.58246 14.6704 14.26328 13.86461 13.98385 14.39282 14.45353 14.34007 14.32033 13.19009 12.59432 12.4467 12.56174 13.24671 13.90094 14.3941 14.23038 13.49989 13.70189 14.41762 14.73623 14.76498 15.12913
15.23537 15.17657 14.88198 15.03452 15.09483 14.18609 13.76885 13.24792 12.49444 12.60089 11.86655 11.94798 12.02204 12.74609 13.23984 13.33208 13.40063 13.47143 13.31416 13.47673 13.14202 13.24549 13.4593 13.92765 13.9131 14.55481 14.103 13.49829 13.58791 14.08471 14.23701 14.10029 14.43467 14.42663 14.50004 14.6797 14.28709 14.04632 14.10296 14.30521 14.57974 14.58207 14.48729 14.16057 14.20853 14.48442 14.6044 14.52279 14.5169 14.26091 14.32942 14.43573 14.04332 14.06419 14.61537 14.63707 14.73272 14.44387 13.09958 12.03452 11.87149 12.74079 13.30049 14.11932 14.48297 14.24313 13.82292 13.92256 14.46802 14.91544 15.00585 15.15169
15.2332 15.23845 15.16797 15.12898 15.14625 13.41506 13.06769 13.53675 13.52354 12.66471 12.60551 12.0342 12.37477 12.77301 13.39368 13.62496 13.16625 12.74381 12.59316 12.92342 13.3569 13.20098 13.68968 13.95474 13.50774 14.13797 14.04215 13.71376 13.08759 13.54103 14.27373 14.45357 14.64386 14.64723 14.60284 14.51582 14.66968 14.51626 14.44944 14.67951 14.72182 14.69532 14.29016 14.19085 14.15044 14.2124 14.38824 14.46043 14.37905 14.46253 14.52562 14.36905 14.27141 14.49392 14.77438 14.61532 14.35065 14.31881 12.07133 11.89715 12.23494 12.44178 12.28785 12.46788 14.15442 13.85566 13.28725 13.74689 14.47253 14.80448 14.91631 14.97515
15.24866 15.2817 15.25486 15.15024 15.04968 13.44213 13.37596 13.65419 13.50442 13.14043 11.70218 11.69884 12.44764 13.07336 13.63204 13.49635 12.8959 13.02059 12.82744 13.69647 13.80819 13.41959 13.73289 14.02501 14.14538 14.50865 14.5781 14.1436 14.12309 14.30093 14.53134 14.70498 14.72209 14.70712 14.66591 14.64779 14.70216 14.75578 14.77751 14.69381 14.51191 14.60772 14.34843 14.27459 14.23117 14.2358 14.46439 14.8606 14.84495 14.59422 14.42501 14.66535 14.75771 14.78194 14.76079 14.48261 14.13767 14.5756 13.06862 11.94958 11.94302 12.97513 13.16848 12.50864 13.19596 13.1684 13.43818 13.89996 14.41712 14.77757 14.94191 15.07301
15.16829 15.04354 15.07449 15.11395 14.93185 13.36765 13.59019 13.85719 13.14337 11.96779 11.56118 12.18913 12.71701 13.20364 13.68648 13.8248 13.65546 13.61798 13.27158 13.28279 13.40313 13.63072 14.02801 14.28627 14.23377 14.33656 14.70124 14.66092 14.70977 14.73902 14.72311 14.72082 14.72473 14.60926 14.71927 14.75085 14.70714 14.7241 14.7478 14.67425 14.54823 14.67932 14.65456 14.46853 14.3798 14.40916 14.55838 14.77937 14.76271 14.82586 14.83046 14.63851 14.73606 14.89932 14.9146 14.81901 14.68577 14.70549 13.68659 12.50483 12.67438 13.58341 13.68829 13.57717 12.92537 12.81152 12.9708 13.3104 13.99953 14.66662 14.91796 15.08305
15.13737 15.08303 15.028 15.05449 14.88539 12.60127 12.8419 13.76682 13.73455 12.57891 11.81372 13.56095 13.25384 13.60972 14.00707 13.77052 13.35469 13.51235 13.29123 12.99686 13.11001 13.20883 13.55727 14.12098 14.22705 14.35246 14.67079 14.49823 14.61835 14.65312 14.61195 14.62058 14.69512 14.72892 14.75984 14.74594 14.76107 14.76654 14.67605 14.54624 14.48982 14.23656 14.17805 14.14144 14.23112 14.44187 14.67282 14.82127 14.88785 14.82742 14.94648 14.69744 14.83221 15.03662 15.03141 14.83522 14.58016 14.82475 14.2603 13.65034 13.75056 14.1295 14.12199 14.05655 14.02898 13.68141 13.3551 13.65703 14.17114 14.6285 14.94451 15.0406
15.12216 14.98014 15.03162 14.94868 14.83687 12.58359 12.95758 13.81602 13.81859 12.99687 11.99399 13.33851 13.71473 13.77525 13.58781 13.25727 13.21597 13.6997 13.81366 13.29377 12.96654 13.19114 13.55911 13.79371 14.15857 14.49689 14.71106 14.52284 14.43391 14.47086 14.54375 14.61714 14.69357 14.70463 14.76587 14.74167 14.74911 14.71345 14.57901 14.48969 14.55793 14.14697 14.01854 14.24271 14.4631 14.66706 14.82835 14.88947 14.92985 15.0263 14.66181 14.63 14.82873 15.02623 15.0244 14.90149 14.96524 14.96633 14.56218 13.74797 13.71208 14.17207 14.33453 14.35897 14.15857 14.03259 13.6218 14.09336 14.26019 14.4178 14.97218 15.09348
15.20723 15.18437 15.18546 15.01243 14.53548 13.07891 13.69477 13.82635 13.54935 13.43009 12.84809 12.65677 13.84967 13.95304 13.41463 13.31899 13.8016 14.19418 14.35207 13.73412 13.0538 13.43303 13.76677 13.93202 14.38865 14.49191 14.58512 14.73555 14.62537 14.62492 14.71125 14.76061 14.76745 14.79331 14.79313 14.81264 14.78772 14.7432 14.69662 14.58436 14.43059 14.25359 14.14693 14.47038 14.52525 14.6485 14.88296 15.01276 15.02791 14.91666 14.8815 14.64564 14.50241 14.76683 14.99563 14.93158 15.03306 15.05023 14.55328 13.48524 13.45402 13.98223 14.12331 14.29509 14.30483 13.84607 14.12244 14.32123 14.42134 14.57282 14.82985 15.05739
15.24497 15.13791 14.90554 14.86177 13.87479 13.80852 14.22106 13.82008 13.55031 14.3846 14.02219 12.91729 12.62066 13.59098 13.97508 14.05564 14.08944 13.95512 14.33417 14.39989 14.05388 13.68265 13.3247 14.16631 14.11855 14.24025 14.38002 14.6539 14.77225 14.80218 14.80758 14.76149 14.68034 14.75345 14.79837 14.81833 14.62719 14.44601 14.44748 14.48839 14.39 14.3537 14.38554 14.67585 14.72052 14.8429 15.00685 15.05367 15.04333 14.83998 14.99086 14.74759 14.34285 14.56202 15.02723 15.10608 14.96204 14.94294 14.22335 13.53292 13.53014 13.87979 14.12586 14.33007 14.46864 14.40972 14.54743 14.38052 14.53506 14.59424 14.54864 14.96457
14.72881 14.32819 14.22421 13.0616 14.24686 14.8771 14.32135 13.63177 13.56749 14.15699 13.9073 11.64466 12.54256 13.48322 13.08867 13.31716 14.06116 13.70983 12.98983 14.11954 14.57502 14.47077 14.57775 14.52897 14.6435 14.66347 14.7728 14.83073 14.74766 14.7765 14.81768 14.82446 14.81282 14.77024 14.80407 14.74375 14.61722 14.61681 14.6249 14.49015 14.37137 14.63055 14.84924 14.78325 14.76849 14.8703 14.99633 15.05488 15.03897 15.03011 15.01533 14.98428 15.01001 15.08563 15.08223 14.8619 14.58674 14.8415 13.91977 14.09374 14.47262 14.62101 14.48617 14.27552 14.3863 14.534 14.69483 14.63185 14.62548 14.65759 14.75817 14.93744
14.77297 14.72992 14.44052 13.68183 14.88669 14.76187 13.77448 13.34555 13.79776 14.21972 13.89623 12.37559 13.13083 12.62398 12.83922 13.35195 13.62544 13.50687 13.06207 14.33382 14.60834 14.73997 14.71123 14.65903 14.486 14.71245 14.73247 14.84085 14.84057 14.82728 14.82863 14.8331 14.83197 14.83013 14.83056 14.753 14.78187 14.46543 14.39894 14.47769 14.49517 14.86196 14.89141 14.87046 14.87702 14.91782 14.95535 14.98331 15.01808 15.04905 15.03258 14.96949 15.00379 15.09677 15.10085 14.95291 14.73079 14.64061 14.23898 14.31107 14.61303 14.76204 14.58629 14.28013 14.35043 14.33331 14.61836 14.79755 14.83897 14.86873 14.85272 14.7657
14.58899 14.76031 14.63836 14.90783 15.05824 14.87349 14.02782 13.42381 13.71365 14.15434 13.04811 12.4589 13.20332 12.81627 12.85392 13.00947 13.32122 13.80474 13.84238 14.47421 14.45448 14.60639 14.67105 14.84687 14.84294 14.80397 14.84454 14.94026 14.94598 14.90329 14.86524 14.86126 14.85955 14.83246 14.84221 14.89164 14.86142 14.81646 14.53909 14.36646 14.54646 14.90534 14.9197 14.86579 14.99392 15.00566 14.95518 15.002 15.13671 15.10238 14.97421 14.94478 14.8324 14.97709 15.06725 15.00225 14.94969 14.90906 14.25035 14.09606 14.36815 14.70417 14.58069 14.12955 14.34984 14.42257 14.40355 14.45305 14.60245 14.77558 14.9242 14.93727
14.71577 14.76779 14.8902 15.11209 14.93973 14.66709 14.42237 14.35233 14.48695 14.32105 13.8142 13.56733 13.50216 13.59267 13.66151 13.68402 13.70571 13.90781 14.39791 14.5292 14.48103 14.51912 14.65829 14.79937 14.83788 14.83838 14.8845 14.91122 14.90061 14.87113 14.7411 14.54869 14.50999 14.75774 14.85908 14.7292 14.81248 14.84274 14.47222 14.46561 14.84349 14.87447 14.92942 15.03507 14.99249 14.94975 14.89846 14.88874 14.95742 14.99263 15.01695 14.8778 14.98747 15.04628 15.00153 14.97504 15.03273 15.04857 14.28154 14.06724 14.36475 14.7618 14.41529 13.66612 14.07525 13.94102 14.44963 14.4674 14.33357 14.59654 14.91117 14.89614
14.74279 14.88288 15.15629 15.11286 14.37529 14.68843 14.76338 14.54193 14.46893 14.17452 13.23692 14.2135 14.23421 13.26456 13.52855 14.03954 14.18974 14.25582 14.62586 14.68817 14.62447 14.73034 14.78773 14.83046 14.87636 14.94195 14.94017 14.92276 14.77477 14.70639 14.44766 14.32775 14.52846 14.68037 14.56754 14.79261 14.84358 14.84964 14.7663 14.78502 14.88882 14.78165 14.93281 14.91426 14.90978 14.88646 14.91311 14.97335 14.99179 15.01653 15.01151 15.05071 15.11425 15.06216 15.09324 15.1217 15.02755 14.98126 14.85453 14.11498 14.39681 14.83525 14.37533 13.56649 13.92494 13.8746 14.52437 14.46288 14.40071 14.6657 14.8987 14.7082
14.8981 14.9988 15.0101 14.98774 14.53747 14.91928 14.62375 14.31839 14.15529 13.92325 13.59441 13.31841 14.05182 13.66313 14.17568 14.26383 14.18371 14.50393 14.67987 14.72446 14.74318 14.80484 14.84048 14.93333 14.96372 14.89469 14.76738 14.83249 14.70087 14.48669 14.47391 14.5043 14.51895 14.64386 14.78837 14.8069 14.81912 14.86146 14.85406 14.85828 14.86652 14.8545 14.9867 14.95888 14.92208 14.93646 14.95653 14.95746 14.94806 14.96979 15.08648 15.07688 15.08758 15.1001 15.05323 15.06652 15.16874 15.13267 14.91923 14.72285 14.98108 15.02879 14.44857 13.76664 13.75663 13.66173 14.74228 14.68194 14.75421 14.84816 14.74489 14.42272
15.02258 15.02347 14.75622 14.48545 15.04586 15.02787 14.45167 14.09735 13.92341 13.84686 14.04195 12.50242 13.49425 14.1162 14.50217 14.03621 13.89473 14.52224 14.77539 14.80315 14.82159 14.82234 14.74772 14.79474 14.8512 14.63184 14.64087 14.68766 14.63732 14.61964 14.61609 14.67228 14.70808 14.64319 14.66864 14.60423 14.73818 14.85482 14.83753 14.85387 14.8805 14.91667 14.98389 15.02513 14.95341 14.91166 14.92269 14.9354 14.93299 14.96235 14.98756 14.96993 14.94091 14.92799 14.95366 15.0116 15.01928 14.9303 15.04177 14.96573 14.97765 14.79587 14.32157 14.10585 14.58464 14.70271 14.82018 14.62371 14.54342 14.31651 14.01052 13.79435
14.97098 14.88229 14.56257 13.57281 14.90316 15.01749 14.56791 13.86995 13.69 13.99672 13.88609 13.3669 13.93476 14.47113 14.73163 14.33274 14.27188 14.75185 14.79378 14.7719 14.60353 14.71012 14.57116 14.24032 14.47003 14.4418 14.55538 14.56085 14.52665 14.59425 14.44754 14.45907 14.66963 14.7655 14.67191 14.68079 14.77505 14.91128 14.96296 14.95845 14.93618 14.91163 14.94562 14.93004 14.95163 14.94736 14.95194 14.95767 14.9423 14.93898 14.94865 14.97158 14.95169 14.9314 14.88928 14.88366 14.94599 14.94545 15.06741 14.81206 14.83597 14.86732 14.49276 14.06284 14.20835 14.63073 14.45414 14.00698 13.81894 14.22366 14.14286 13.7952
15.08764 15.02552 14.86678 14.52092 14.44499 14.72285 14.76132 14.09459 13.81243 14.1409 13.76857 13.89683 14.27898 14.58495 14.71894 14.67835 14.66189 14.60134 14.40396 14.5898 14.40687 14.60862 14.61053 14.40676 14.57357 14.70474 14.76729 14.73278 14.69008 14.54841 14.46815 14.42623 14.54979 14.80408 14.81939 14.88677 14.91558 14.9379 14.9116 14.9185 14.94067 14.8882 14.94848 14.98074 14.93898 14.93591 14.96626 14.95392 14.89522 14.85393 14.84107 14.83404 14.94927 14.9439 14.90421 14.79379 14.75884 14.91419 15.04 14.99796 14.92946 14.81635 14.36587 13.9355 13.94787 13.77381 14.22555 14.05221 14.36957 14.50744 14.08566 13.68846
-9999 15.09596 15.06339 15.0057 14.73143 14.50931 14.21233 13.70952 13.4487 13.69818 14.00858 14.50933 13.81743 14.09967 14.08702 14.14187 14.2946 14.36501 14.34822 14.49655 14.36014 14.23348 14.24168 14.67625 14.66352 14.58861 14.69283 14.75594 14.87065 14.74936 14.83059 14.84413 14.62203 14.48841 14.87285 14.9383 14.95081 14.87631 14.78946 14.83574 14.94472 14.96543 15.00337 15.01066 14.95732 14.93432 14.92687 14.89448 14.84766 14.8436 14.82361 14.79458 14.91656 14.96366 14.93988 14.9032 14.83363 14.73559 15.10096 15.00349 14.917 14.51796 14.37869 14.41382 14.16409 13.82782 13.8944 14.04647 14.05493 13.96549 13.74712 13.51743
15.09648 15.1205 15.12073 15.10751 15.09141 14.61055 14.24573 14.13409 13.97211 13.96967 14.54111 14.72669 14.41149 14.02826 14.03385 14.07416 14.14262 14.31745 14.43806 14.23235 14.38713 13.86852 14.13385 14.36111 14.53908 14.58608 14.61037 14.65667 14.77233 14.88871 14.9384 14.85034 14.71035 14.69918 14.90985 14.93756 14.95797 14.93118 14.9113 14.90919 14.94092 14.97356 15.04624 15.0585 15.02643 14.98473 14.94337 14.90444 14.87181 14.85465 14.84595 14.86959 14.93551 14.98761 14.99272 14.9263 14.89422 14.97649 14.93056 14.96475 14.77644 14.54104 14.49175 14.40849 14.12931 14.08357 14.08525 13.3929 14.17724 14.17562 13.66589 13.66656
15.01667 15.05264 14.94495 14.72069 14.88569 14.36447 14.37715 14.24247 14.27395 14.52737 14.69324 14.75304 14.5154 13.7297 14.24004 14.2478 14.23087 14.51152 14.69381 14.74276 14.7248 14.24972 14.58712 14.22639 14.32197 14.01785 14.27607 14.78727 14.8562 14.88644 14.91186 14.91023 14.89318 14.89638 14.91065 14.89781 14.96019 14.97701 14.98779 14.98534 14.98058 15.03173 15.01505 15.04922 15.00895 14.98024 14.95106 14.94127 14.93712 14.91036 14.91365 14.91402 14.91777 14.94431 15.01713 14.99994 14.94497 14.96036 14.74699 14.9058 14.66841 14.51869 14.37187 14.1423 14.05116 14.19659 13.63999 13.38036 13.88749 14.23881 14.06985 13.87677
-9999 14.98086 14.94148 14.7894 14.66955 14.60764 14.33443 14.50208 14.74391 14.78871 14.83168 14.9129 14.78751 14.63833 14.45659 14.49347 14.41871 14.42861 14.79242 14.89871 14.75757 14.6014 14.84249 14.84487 14.78966 14.76143 14.87475 14.81784 14.95081 15.01211 14.91404 14.89302 14.94203 14.94816 14.90916 14.90263 14.99565 15.10178 15.08547 15.04246 15.01497 15.00893 15.06117 15.06502 14.99529 14.98027 14.96445 14.96029 14.98745 15.00618 15.00432 14.9679 14.9129 14.93074 14.96934 14.96905 14.95425 14.94844 14.79102 14.71247 14.75039 14.57389 14.40396 14.39044 14.46432 14.3471 13.47509 13.3496 13.15725 13.75937 13.66358 13.4151
-9999 -9999 15.08099 14.94932 14.60421 14.76566 14.61011 14.68454 14.8423 14.8651 14.80716 14.96231 14.99049 14.48487 14.37501 14.55364 14.74342 14.76632 14.73115 14.94341 14.93057 14.76332 14.71327 14.90101 14.87363 14.84605 14.69129 14.85319 14.9412 14.97806 14.95964 14.99221 15.03921 14.99111 14.88568 14.91508 15.05688 15.10575 15.02704 15.01257 15.02179 15.02522 15.01389 15.00069 15.00018 15.00739 14.99075 14.96613 14.97375 15.01886 15.05368 15.07438 14.9698 14.94616 14.90441 14.92408 14.96569 14.92238 14.47202 14.34846 14.71153 14.78064 14.67408 14.60131 14.53232 14.28987 13.95238 13.85239 13.08059 13.56164 13.25476 12.67013
-9999 -9999 -9999 15.06806 14.97031 14.90708 14.89761 14.66631 14.49413 14.60114 14.86807 14.95452 14.98348 14.63442 14.07239 14.20179 14.62712 14.88027 14.9394 14.98018 14.9377 14.81279 14.79481 14.92435 14.97029 14.93246 14.86867 14.87155 14.93747 14.93022 14.9518 14.97116 14.92615 14.87909 14.93484 15.06842 15.08385 14.96864 15.00339 15.11761 15.1606 15.04462 15.03373 15.04817 15.0462 15.04386 15.02581 14.99513 14.9828 14.98606 14.96328 14.97037 15.00133 14.89291 14.94112 14.98133 14.76568 14.53684 14.40866 14.5112 14.65437 14.64219 14.42912 14.47518 14.69049 14.6304 14.66386 14.53142 13.45993 13.16049 12.4634 12.08019
-9999 -9999 -9999 -9999 15.11272 15.04934 14.98684 14.71946 14.35372 14.29257 14.69792 14.99655 14.89633 14.82237 14.89276 14.7968 14.81264 14.90844 14.94465 15.01739 14.94704 14.87093 14.92692 14.87879 14.926 15.00683 14.96915 14.90545 14.92926 14.9479 14.97189 14.92436 14.88178 14.90279 14.95013 15.02139 14.97117 14.96177 15.05644 15.13737 15.15752 15.1317 15.15929 15.19244 15.24258 15.25499 15.12534 15.05149 15.05729 15.05826 15.048 15.01627 14.89613 14.93215 14.8527 14.78774 14.56021 14.36971 14.65344 14.71071 14.52156 14.47088 14.48383 14.56613 14.71325 14.7204 14.37966 14.53415 13.39313 13.15183 12.35389 12.37252
-9999 -9999 -9999 -9999 -9999 -9999 -9999 14.90372 14.82199 14.81341 14.83365 15.024 14.96885 14.88994 15.00291 14.94456 14.88653 14.89998 14.96366 15.04746 14.91458 14.92561 14.98782 14.92321 14.95289 15.01401 15.00289 14.96298 14.91597 15.011 15.01774 14.99853 14.94332 14.9276 15.00276 15.009 15.01055 15.00821 15.03663 15.04391 15.05529 15.11065 15.18513 15.24282 15.32267 15.32955 15.22617 15.25207 15.26665 15.16045 15.12743 15.07592 15.07002 14.96012 14.3944 14.11017 14.38486 14.5064 14.65324 14.4603 13.96753 14.33622 14.5939 14.49076 14.51569 14.78816 14.48895 14.21012 14.09784 13.73047 13.04475 13.10172
-9999 -9999 -9999 -9999 -9999 -9999 -9999 -9999 14.94371 15.02147 15.03383 15.0148 14.95976 14.97648 15.00544 15.04725 15.02925 14.99125 15.002 15.02547 14.88358 14.9269 14.99988 15.01979 15.0151 15.0161 14.992 14.99051 14.95939 15.02718 14.99576 14.98605 14.9884 14.97317 14.95472 14.95986 14.99418 15.03447 15.06715 15.0924 15.12234 15.14115 15.25768 15.34045 15.34692 15.25214 15.16821 15.17564 15.26348 15.29849 15.17041 15.0519 14.88718 14.67811 14.43438 14.44728 14.47389 14.26829 14.53347 13.79913 13.83407 13.684 14.22238 14.35133 14.38622 14.84422 14.73416 14.39217 14.46088 14.25402 14.05576 14.15313
-9999 -9999 -9999 -9999 -9999 -9999 -9999 -9999 15.05454 15.01631 15.01776 14.9721 14.96346 14.99058 14.9985 15.00732 15.03746 15.06874 15.05647 15.01622 15.03841 14.91533 14.96033 14.99184 15.0391 15.06781 15.05562 15.02352 15.02518 15.05174 15.047 15.01152 14.92246 14.92816 15.04761 15.059 15.07852 15.13394 15.13522 15.14035 15.13941 15.16128 15.2115 15.36861 15.43048 15.47517 15.54114 15.4317 15.33499 15.33068 15.29466 15.13558 14.89711 14.05369 14.05137 13.59062 13.5876 13.9 14.03296 14.14686 14.45656 13.87027 13.99285 14.2054 14.24316 14.20289 14.14894 14.84347 14.39558 13.54137 13.58103 13.57609
