features/re_bio18.asc
ncols         768
nrows         589
xllcorner     124.299398925
yllcorner     32.893460211367
cellsize      0.010567299164062
NODATA_value  -9999
[rows 238 to 271 of 589, columns 231 to 307 of 768]
678.1 682.1 687.1 732.2 748.9 724.7 709.5 716.4 716.3 742.7 770.2 791.4 799.1 818.7 861.9 934.5 976.4 1055.5 1124.9 1151.5 1165.6 1186.6 1241.2 1272.7 1367.8 1465.8 1398.4 1412.6 1387 1332.5 1295.4 1275.3 1202.3 1129.7 1058.4 988 908.1 851.7 818.2 772.8 739.7 681.2 658.4 630.3 618.4 601.5 601.5 605.1 598.9 595.8 609.6 619.1 619.7 621.6 621.8 625.1 621.6 622.3 624.6 645.8 661.1 673.8 677.2 683.3 693.1 696.4 686.6 673.3 688.8 684.4 687.3 687.2 674.9 666.5 678.4 702.9 711.5
682.9 694.5 684.9 712.3 774 751.9 714.4 706.7 756.5 779.1 799.1 792.6 798.9 829.2 861.1 892.3 935.9 1017.9 1084.4 1140.5 1218.7 1241.5 1240.6 1280.6 1439 1379.9 1407.1 1422.2 1398 1344 1303.8 1271.8 1199.4 1111.9 1035.1 973.8 904.5 845.8 805.3 774.1 722.8 678 646.3 620.5 605.7 605.5 600.3 595 598.2 597.5 595.9 619.5 620.3 627.1 625.9 621.2 621 623.1 626.7 630.7 655 670.2 669.7 676.6 699.1 707 692.9 684.1 695.2 691 692.3 694 688.3 679.8 686.1 698.9 709.8
682.2 681.8 688.7 685.3 734.9 737.2 707.9 705.1 757.9 787.1 802.6 797.3 809.5 838.4 877.7 935.5 1039.4 1061.7 1151.7 1147.3 1218.8 1287.9 1251.4 1271.9 1378.7 1380.9 1419 1432 1391.7 1346.2 1324.3 1276.5 1204.4 1116.9 1048.3 972.7 893 832.4 796.1 763.1 711.7 670.8 654.3 622.1 605.1 615.1 600.7 593.9 597.9 598.7 599.9 612.4 620.4 627.5 625.9 620.5 625 628.1 630.8 635.5 654.3 668 674.1 676 692.4 716.1 699.3 699.3 690.8 687.4 695.1 701.6 698.7 693.7 692.3 715.3 730.8
673.9 683.4 694.5 686.3 692.5 704.8 705.8 708.5 745.7 757.6 791.7 790.8 808.2 833.2 872.5 931.4 1046.7 1125 1136.6 1126.3 1158.9 1208.4 1226.6 1262.7 1323.3 1376.9 1378.1 1401.4 1375.9 1322.1 1303.8 1269.6 1198.7 1123.4 1041.7 967.7 899.9 827.8 773.6 736.8 708.3 671.1 646.4 612.3 617.9 607 597.3 603.5 611.9 612.1 609.1 616.2 613.4 625.5 626.8 619.7 625.4 628.8 632.4 636.6 639 664.8 676.4 679.3 690 702.2 693.5 706.2 699.1 691.2 698 700.4 700.7 697.2 691.4 698.6 725.2
689 696.4 714.8 700.7 696.2 699 706.5 714.7 754.2 762.3 789.1 787.7 798.7 833.8 868 953.5 1069.7 1113.9 1109.2 1097.5 1113.2 1166.6 1213 1260.9 1302.5 1355 1353.6 1356.3 1340.1 1316.7 1298 1276.1 1181.7 1101.5 1023.9 951.6 877.5 814 784.5 767.1 703.2 655 625.2 601.6 612.1 599.9 614.5 615.9 603.2 601.2 602.2 606.8 615.5 622 619 619.6 624.9 628.6 630.5 632.6 647.6 678.4 683.7 693 700.9 705.3 700.2 710.4 709.8 708.5 712.6 708.8 704.1 698.8 695.2 700.8 711
716.8 717.3 720.7 715.9 709 714.6 720.3 737 783.2 798.6 782.3 792.6 810.6 830.8 897.4 998.2 1054.4 1094.2 1083.1 1082.3 1096 1137.1 1195.9 1233.4 1279.5 1311.8 1321 1307.8 1291.5 1290.1 1292.3 1246.3 1157.5 1073.8 991.4 923.6 862.8 805.1 768.5 727.9 684.1 654.7 630.3 597.6 596.8 596.7 593.4 596.1 599.4 602.9 605.1 607.7 614.1 613.3 613.4 622.6 627.3 641 647.1 645.6 650.7 663.8 689.4 700.8 707.9 709 702.8 708.4 709.9 710.4 710.8 711.2 705.4 701.1 700.5 704.8 709.3
742.5 723.8 730.6 724.7 736.2 738.2 742.4 757.2 825.2 838 790.2 780.7 819.6 879.2 945.6 1009.2 1009.3 1065.4 1045.9 1047.8 1071 1106.6 1154.2 1212.3 1252.5 1242 1275.9 1258.3 1244 1241.4 1234.2 1193.6 1116.5 1047.3 973 902.2 839.4 793.7 755.8 696.6 664.3 658.9 642.9 596 597.2 600.8 586.9 589.3 591.7 595.5 597.4 601.6 611.2 619 622.9 636.9 640.9 645.5 645.1 647.9 653.5 670.6 694.4 705 706.6 701 699.3 704 705.8 702.2 714.2 714.5 710.2 706.5 707 711.7 709.9
750.9 752.9 777 777.5 770.3 763.1 772.5 790.6 846.6 842.3 785.8 794.8 858.6 922.7 947.6 996 988.4 973.3 1004.8 1025.3 1037.7 1058 1106.6 1162.7 1187.1 1179.7 1218.1 1205.8 1190.7 1188.7 1172 1125.6 1068.5 1009.6 951.3 886 823.1 766.9 734.1 696.3 661.4 641.3 627.7 604.6 601.6 603.2 600.1 597.4 596.7 599.1 601.7 605.6 623.6 626 632.7 645.8 639.4 644.8 642 641.3 642.9 659.9 683.2 690.4 693.1 689.1 694.7 715.5 701 704.9 715 714.8 710.3 709.8 710.9 712.8 709.5
793.7 781.9 822.6 794.8 799.7 791.3 794.7 808 889.2 831.2 796.8 806.8 834 875.9 913.5 970.6 963.7 927.3 942 974.7 991.7 1002.7 1036.1 1078.1 1109.2 1106.1 1132.2 1125.2 1111.9 1102.7 1083.9 1056 1035.5 957.7 910.7 856.2 801.4 749.8 714.5 684.6 653.8 636 627.4 608 594.1 594.1 600.6 590.6 592.9 600.1 598.8 619.1 628.7 628.7 641.5 632.1 637.1 638.4 644.5 651.6 645.3 682.4 694 689.8 685.4 687.9 695.1 701.7 697.6 701.2 716.9 712.2 705 703.5 707.4 704.4 704.1
837.6 835.2 828.1 820.4 825.4 823.3 823.4 838.2 881.7 823.6 848.3 879.3 906.3 945.6 946.4 904.9 917.2 907.1 916.6 916.5 927.8 949.9 963.5 988 1020.8 1011.4 1024 1023.9 1016.2 1011.4 999.7 976.3 966.7 907.4 862.1 821.9 777.6 738.6 704.2 675.2 661.6 637 625.6 593.8 592.2 589.8 594.3 585.7 589.9 589.7 605.1 618.6 627.3 627.3 626.1 622.6 634.7 642 -9999 643.1 648.6 651 663.2 671.9 678.2 686.8 695.7 705.7 714.9 706.9 707.8 718.1 709.4 701.2 694.8 695.6 695
858.8 864.7 851.4 846.2 862 859.8 882.6 895.9 850.2 819.7 878.8 880.4 902.5 895.5 880 880.4 849.4 898.4 854.3 843.3 853.4 888.8 907.4 918.9 940.6 931.1 948.5 936.2 926.9 928.1 921.1 905.3 881 850.6 823.1 786.3 749.2 717.2 690.2 668 655.1 637.4 622.2 590.6 585.1 586.4 591.4 592.2 585.7 583.9 605.4 610.8 616.2 622.9 624.4 629.5 635.8 641.3 647.3 645.2 650.3 651.4 658.2 660.1 668.7 678.5 690.7 698.6 718.7 708.1 708.1 703.4 698.5 696.1 702.5 709.1 718.4
937.2 887.4 889.8 896.2 915.2 896.2 881.6 877.4 886.9 835.7 847.1 853.2 834.6 858.1 894.4 911 897.3 832.5 816.7 794 804 826.5 847.8 867 857.7 874.5 870.8 870.1 856.9 851.4 860.6 836.2 814 799.6 782.8 758.7 733.3 708.7 687.1 669.9 652.5 641.7 627.6 595.9 594.6 593.3 594.6 601 595 598.3 599.1 601.8 607.9 625.9 628.5 636.8 631 641.7 648.2 647.7 651.9 648.8 651.2 656.8 661.2 676.4 687 691 702.2 726.5 718.3 701.7 694.1 698.5 708.8 714.4 726.3
922.2 917.8 917.6 935.6 942.5 925.4 915.4 935.8 892.8 879.9 865.3 840.1 858.1 874.3 884 875.8 814.6 794.4 762.9 745.1 752.7 772.7 790.2 805.3 808.4 838.2 807.6 786.1 783.8 780.7 786.6 777 764.3 760.1 746.8 735.1 718.8 693.4 666.9 662.6 651 637.5 626.1 604.1 603.8 609.1 602.2 591.9 598.1 596.3 595.6 602.4 612.2 628 629.3 633 630.5 645.5 654.2 659.2 660.4 659.3 658.3 659.2 666.5 683.6 687.7 682.6 697.2 694.1 695.8 692 693.3 691.6 690.9 692.5 696.4
936.5 951.6 1036.9 1045.1 997.2 965.4 943.8 930.1 878.5 863.3 861.2 878.1 842.7 825.3 813.9 779.2 780.8 813.3 699.7 677.3 668.5 668.4 677.2 673.9 660.6 660.4 682.8 673.2 655.8 660.4 664.5 662.2 661.1 661.5 662.7 656.8 651.7 656.1 647 629.2 637.1 644.2 624.6 615.5 616.2 596.1 584.3 579.7 568.5 579.8 588.1 602.3 618 630.8 630.7 621.9 636.2 632.2 643.4 650.4 660.1 658.7 659.6 659 665.9 673 695.7 696 694.9 691.3 689.6 690.6 697.6 688.1 685.6 691.8 700.8
957.9 1007.4 1112.9 1047.2 1015.4 982.4 957.1 932.5 904.2 858.5 877 875.6 843.1 836 828.3 806 799.3 755.4 674.7 650.3 641.1 629.8 626.2 641.3 647 635.6 619.6 617.3 609.8 618.2 628.1 630.5 636.3 631.8 631.4 635.8 638.7 636.7 624.1 610.8 607.4 624.2 621.8 621.3 615.4 594.6 572.9 552.9 574.8 576.3 566.1 580.5 602.8 624.9 626.5 637.2 649.3 646.2 651.4 654.6 655.9 647.7 648.3 654.8 664.5 668.3 689.6 686.7 685.7 686.2 683.5 681 682.7 676.2 679.3 684.6 679.4
999.5 1049.9 1153.8 1085.4 1047.4 992.8 953.9 945 933.9 866.8 868.7 846 816.3 820.4 825.6 816.3 791.9 724.8 651.8 621.9 616.2 601.5 600.4 624.1 614.4 592.4 562.5 559.9 565.6 577.3 599.4 596.2 594.7 602.2 604.8 625.6 622 618.5 615.8 622.8 602 612.9 610.6 598.4 584 581.8 573.3 555.2 560.9 558.1 546 549.5 578.2 620 626.7 644.2 659.3 669.6 656.1 655.3 657.7 649 645.2 655.9 664.9 671.5 681.8 692.1 693.3 699.8 687.4 686.8 688.3 680.9 684.3 683.7 671.2
1029.9 1090.3 1185.4 1089.7 1049.3 1009.1 974.3 955.6 984.2 901.1 874.4 850.7 835.9 827 821.4 792.6 748.4 693.5 647.5 619.5 597.8 581.9 565.3 575.3 574.4 570.1 551 546.5 566.1 579.2 586.1 583.8 588.7 598.4 601.3 613.8 621.1 610.6 617.4 608 594.3 621.9 615.3 597 577.5 576.6 571.4 538.4 535.4 526.6 526.1 546.6 580.7 623.2 632.5 637.1 658.7 666.1 669.5 664.5 661.1 647.4 646.6 656.3 666.1 675.1 685.9 694.1 693.8 705.9 689.8 694 678.4 674.6 671.8 672.2 668.5
1107.5 1131.4 1156.9 1082.8 1034.1 997.1 967.6 945.8 993 918.7 881.5 859.6 841.9 839.7 839.9 807.7 736.8 692.5 636.1 605.1 588.5 566 553.8 555.1 573.1 559.5 544 543.4 560.3 571.1 576.5 578 578.5 584.9 585.7 591.1 616 620.3 614.7 613 607.3 622.3 616.3 599.1 578.9 576.5 571.2 542.5 511.8 508.4 522.3 539.7 583.5 626.1 643.8 650.3 664 656.3 663.6 671.3 667.3 655.3 651.7 658.7 666.9 671.2 692.6 704.4 703.5 696.7 687.8 692 676.7 678.4 673.1 668.9 672
1075.7 1116.9 1080.2 1046.5 1037.8 1001.6 971.2 962.7 962.5 895.3 849.1 809.3 808.4 830.3 846.8 814.4 726.8 682.1 612 601.3 569.2 558.3 552.7 545.6 561.7 550.6 550.6 539.3 551.9 558.8 565.2 573 574.9 580.4 585.5 594 597.8 600.9 607.9 602.6 617.4 623.2 602.6 615.2 601.6 577 553.8 541.5 519.1 515.2 537.4 562.9 596.1 617.8 631.3 647 667.3 657.7 668.6 676.3 677.1 659.7 666.6 664.6 668.1 671 694.1 713.2 716.4 699.9 688.7 704.1 683.9 674.8 673 668.5 663.6
1058.4 1062.2 1043.2 1035.7 1016.1 990.8 978.9 953.7 931.1 838.4 796 752.2 770.3 832.3 825.1 768 722.8 658.6 601.8 592 567 556.7 546 532.6 542 544.5 549.3 540 545.3 556.9 565.3 573.1 577.6 582.1 587.1 597.8 597.2 601.5 602.3 603.5 617.1 614 606.6 619.2 612.4 585.7 552.1 545 534.3 539.5 571.8 596.7 614.6 616 626 646.4 684.1 675.1 678.9 684.7 689.6 678.8 680.1 682.6 680.1 685.4 698.9 713.8 714.7 702.7 691.8 696.2 684.4 677.4 677.1 675 672.6
1041.7 1057.8 1033.8 1014.6 1019.9 1010.9 1019.7 970.6 895.9 876.9 790 745.9 724.2 770.9 801.5 752 685.4 630.7 600.6 581.8 559.5 550.4 543.5 532.5 540.7 542.2 538.7 541.4 550.8 560.6 566.6 572.8 575 576.9 584.1 596 611.3 609.1 604.5 605.9 614.4 612.9 611.7 624.6 617.1 600.4 573.2 567.1 562.3 579.7 617.6 637.8 636.7 628.8 636.9 649.5 684.6 689.5 695.3 696.2 710.6 720.1 720 701.2 700.5 709.3 732.3 743.9 731.1 721.1 710.9 699.8 688.4 675.7 671.5 671.7 670.5
1128.1 1103.9 1050.5 1035.2 1082.2 1021.6 968.6 954.9 916.1 848.6 791.7 812.7 791.3 760.2 743.4 729.9 702.1 614.8 613 573.9 549.2 546.5 549.6 549.8 539.9 540.7 539.5 538.4 561.2 574.3 577.6 580.5 572.2 572.4 576.1 593.9 606.6 607.8 605.5 609.1 613.8 625 607.6 637.8 630.5 619.3 613.1 593.4 585 597.9 636.4 661.5 655.5 644.7 652.3 674.1 678.1 705.9 708.9 716.5 732.3 738.9 740.4 727.8 721.9 720.6 749.5 750.4 744.1 726.7 711.9 688.6 687.1 681.1 677.3 685.7 683.1
1170.6 1105 1059.5 1060.1 1033.7 1035.3 994 967.5 909.1 809.4 830.1 832.4 779.6 715.3 692.9 670 637.7 627.8 575.4 565.8 559.4 547.6 549.7 544.8 534.3 543 551.2 552.3 567.9 568.5 574.2 570.1 577.6 585.6 592.6 595.6 611.6 615.9 611.6 612 610.4 618.5 621.4 647.8 654.9 656.4 640.5 626 617.2 611 651 668.5 662.6 662 668.7 689.6 687.5 711.3 722 728.2 736 748 746.3 734.4 730.7 734.7 742.4 739.1 746.5 734.9 705.1 693.8 685.7 686.6 689.3 699 694.7
1070.9 1071.3 1064.2 1077.2 1046.2 1053.5 1011.5 968 868.3 833.9 749.3 765 791.9 747.6 683.5 649.1 654.5 603 584.7 576.3 562.7 565.6 570.5 561.5 558.1 563.3 557.3 554.4 576.6 583.7 591 586.3 588.8 599.2 607.9 615.6 616.3 619.4 614.9 610.3 612 624.9 636.1 659.5 678.2 673.9 656.2 648.8 631.7 627.3 661.9 684.8 679 681.3 685.5 695.6 692.6 708.2 719.5 734.5 737.2 750.9 763.4 747.5 751.4 745.6 747.9 736.1 734.8 737.5 719.5 696.1 691.9 695.5 709.5 715.2 717.5
1040.5 1076.7 1104.7 1119.4 1082.6 1019 1004.7 934 854.7 862.4 780.6 768.4 773.9 803.2 735.2 644 612.5 580.3 570.7 568.4 570.9 557 558.7 563.3 561.1 565.5 553.1 571.7 591.3 596.8 593.9 596 601.9 610.6 613.6 614.7 621.2 621.2 616.7 613.5 622 640.4 647.5 689.8 688.4 673.8 678.9 690.6 683.9 661.8 684.8 702.9 695.5 699.2 701.9 704.5 709.7 724.8 732.8 739.4 750.5 768.8 774.9 762 763.9 757.8 757.2 746.3 737.5 735.5 730.1 705.4 693.3 704 705.2 706.9 708.9
1032.2 1091 1069.4 1088.1 999.2 958.7 966 909.8 843.8 800.4 737.9 706.3 726.4 706 659.2 613 582.3 573.3 569.9 573.6 579.7 568.3 563.6 566.9 566.6 577.6 564.5 580 595.9 606.5 613.1 615.1 618.5 619.2 630.5 634.1 631 614.4 613.7 617.1 621.9 647.2 645.6 662.8 684 684.8 664.6 674.3 683.6 675.4 708.4 700.4 696.5 697.1 710.5 718.5 726.2 738.3 738.8 749.6 758.3 777.7 780.5 771.5 773.1 771.2 767.8 760.3 756.8 760.1 759.1 734.8 719.5 734.9 720.2 706.3 710.8
982 1007 1001.4 1028.1 1011.1 974.5 932 872.4 798.7 780.5 739.8 686.3 668.1 642.1 611.5 590.6 579.4 579 590.3 577.7 575 574.4 569.7 566.9 568 578.2 575.5 585.1 597.9 606.7 615.4 617.5 620.8 626.3 623.9 625.2 630.4 630.7 626.3 625.3 624 626.4 630.2 648.2 673.7 675 651.4 658.4 678.2 692.8 716.6 719.7 719.4 714.4 708.7 715.1 727.9 745 753.8 768.3 779.6 801 806.9 805.3 805.6 801.8 795.6 786.6 779.3 780.4 784.1 771.6 768.7 777.2 737.6 724 711.7
954.1 997.7 972.2 988.9 1004.6 976.3 948.2 892.7 793.7 761.4 729.2 680.5 673.5 641.5 617.9 600.7 596.4 579.2 574.1 564.3 570.6 572.1 567.9 568.8 566.7 576 590.4 601.2 610.8 613.9 615.8 609.8 611.5 621.3 626.7 627.3 629.4 625.6 627.3 628.5 619.1 626.7 624.9 642.4 662.4 667.8 653.1 659.5 684.3 684.2 706.1 717 712.3 708.9 707.3 711.6 738.2 750.9 752.6 784.2 803 818.4 831.5 829.1 835.4 831.1 818.4 811.3 802.3 794.7 791.7 799.2 816.2 784.2 770.8 758.4 727.3
960.3 975.8 917.1 895.8 934.7 957.4 922.4 869.7 805.7 750.5 700.3 666.5 664.4 657.6 636.1 616.9 600.8 584.5 578 567.7 570.4 563.9 562.8 566.9 570.6 582.5 587.7 602.8 607.1 605.4 606 606.8 610.7 620.9 618.1 631.1 627.1 624.1 621.8 627.9 618.2 623.3 626.3 649 678.5 675.7 672.1 671.5 682.7 694.9 701.9 709 704.7 703 713.8 713.1 740.8 762.5 775.2 795.5 811.8 844.8 860.8 863.9 871.8 877.8 854 844 827.9 824.6 831.9 849.9 862.5 834.3 783.5 748.6 719.9
925 901.5 848.5 818.6 863.3 914.3 866.8 824.1 773.1 713.2 684.1 660.8 636.7 635.3 620.7 601.9 589.1 580.6 572.3 567.9 556.5 557.7 563.6 566 566.3 578.5 585.1 594 599.4 593.1 596 597.9 600.4 603.4 611.8 615.4 621.1 632.2 629.9 618 616.4 622.2 623.7 649.5 683.9 688.2 684.4 683.2 683.3 699.7 707.1 702.3 702.2 702.5 711.8 716.6 745 769.2 787.5 815.1 838.5 875.2 897.6 908.4 927.1 946.2 913.8 878.2 859.9 862.6 883.2 911.6 877.3 834.1 784.2 752.2 724.7
838.4 833.2 840.1 798.6 779.1 798 812.7 830.7 736.4 724 692.1 666.2 632.9 609.6 601.4 593.3 591.5 593.4 581.1 566.9 552.4 579.2 584.2 576.4 577.6 581.6 586.3 584.4 582.5 588.3 592.2 594.7 596.2 596.1 608.6 609.5 620.4 633.2 628.7 609.1 600.8 617.1 625 657.1 677.4 678.9 678.7 676.6 676.3 689.2 695.5 695.3 702.6 702.1 716.2 729.9 756.9 789.7 807.8 839.8 860.2 898 925.8 950.7 953.7 975.7 943.5 913.6 900.2 893.1 883.4 879.6 870.1 815 784.6 751.1 747.7
826.4 771.8 793.7 848.8 754.4 707.7 700.8 683.8 669.3 647.1 633 615 609.9 606.2 601.5 585.9 583.8 581.2 574.5 561.5 568.8 578.5 574.6 569.1 571.4 579.9 573.6 568.4 578.5 585.6 584.4 583.2 591.8 590.9 592.8 595.9 600.4 610.9 606.7 605.4 600.6 613.7 619.7 655.7 655.8 652.3 652.3 659.4 672.7 674 676.3 685.5 687.8 698.5 713.2 747.7 766.7 790.6 818.7 861.3 889 933.9 949.2 958.3 974.5 997.4 991.5 982.2 967 940.4 914.2 911.9 891.6 832.8 806.2 775.5 750.6
795.4 783 793.6 811.5 713.2 677.4 657.2 651.9 636.9 638.8 608.6 608 600 594.7 590.8 583.9 581.4 569.5 564.4 550.8 561.1 560.8 600.4 593.6 563.6 578.2 565.7 564.3 575.4 581.6 577 574.7 580.3 587 590 592.1 596.1 598.6 600.5 600 604.9 606.2 620.4 642.6 646.9 644.5 641.8 649.9 666.2 666.7 672.1 677.3 683 692.7 706.5 741.4 769.3 799.4 822.5 873.2 896.5 939.1 958.1 971.2 992.3 1018.5 1002.4 987.7 978.5 953.3 929.6 917.7 905.2 852.8 815.4 833.3 820.8
799.5 778.2 744.6 733.9 674.8 670.6 646.2 633.7 602.3 595.1 594.6 582.8 567.8 566 572.1 571 563.6 566.6 557.1 551.6 546.5 548.6 554.8 589 596.4 567.8 559.6 558.4 564.4 566.3 566.1 565 575.8 587.5 583.9 589.1 593.8 601.6 601.6 594.3 594.4 609.7 611.3 640 646.3 644.9 638.4 645.9 665.1 655.1 661.2 674.5 687.5 693.6 720.4 738.4 773.8 805.1 827.5 876.7 908.3 959.3 982 982.3 999.4 1009.3 1009.6 1017.3 989.7 962.3 939.8 922.9 914.6 865.5 819 852.1 913.3
