features/re_bio7.asc
ncols         768
nrows         589
xllcorner     124.299398925
yllcorner     32.893460211367
cellsize      0.010567299164062
NODATA_value  -9999
[rows 224 to 255 of 589, columns 360 to 431 of 768]
39.31936 39.57419 38.95484 39.13871 39.22581 39.09678 39.21936 39.60645 39.77742 39.70322 40.19677 40.08387 39.72258 39.53548 39.40968 39.25806 39.16774 39.17097 39.4 39.24194 39.09678 39.10645 38.94516 38.76451 38.7129 38.46774 38.79032 38.69677 38.3871 38.34839 38.67419 38.92258 39.11613 39.56129 39.79678 39.29355 38.45807 38.3 39.51936 39.50323 39.16774 39.64839 40.0871 40.18387 40.09032 40.11935 40.78387 40.66452 40.77742 40.89355 41 40.86129 40.55161 40.41935 39.83226 40.83548 40.51613 39.83548 39.41613 39.44839 39.86452 38.96129 38.87097 39.08065 39.09355 39.00323 38.94194 39.02581 39.09032 39.53226 39.91935 39.74194
39.01936 39.13226 38.71936 38.86452 38.84193 39.22581 39.59355 39.90645 40.05484 39.84516 39.73549 39.83226 39.46774 39.42258 39.33548 39.18387 39.22581 39.10645 39.05484 39.1258 39.16774 39.05484 38.73871 38.5871 38.57419 38.59678 38.6 38.5871 38.48064 38.39677 38.48387 38.92903 38.96774 39.60645 39.58065 39.53871 38.94516 38.62258 39.58065 39.59355 39.56452 39.71936 40.13871 40.43548 40.6129 40.77097 40.62258 40.39677 40.27097 40.34516 40.38065 40.45484 40.52258 40.40322 39.91935 40.50323 40.31936 39.9129 39.67097 39.43226 39.5 39.05161 39.20322 39.19355 39.3129 39.54193 39.49355 39.19677 39.5871 39.64516 39.89355 39.90645
39.16129 38.59678 38.62903 38.90645 39.06129 39.51613 39.92258 40.43226 40.64516 39.71936 39.43548 39.46452 39.25806 39.22258 39.25806 39.27097 39.17097 39.05161 39.18064 39.22258 39.15161 39.07097 38.87742 38.88387 38.94516 38.84516 38.99032 38.86129 38.59678 38.47097 38.62258 38.95161 39.13226 39.49355 39.6 39.52258 39.51291 39.6258 39.49355 39.65807 39.77742 39.64516 39.6871 39.93871 40.42581 40.90322 40.39032 39.83548 39.81936 40.20322 40.42903 40.47742 40.3742 39.96452 39.70645 40.15807 39.97742 39.55806 39.25161 39.25161 39.30968 39.28387 39.22903 39.20968 39.3 39.43226 39.3871 39.33226 39.65484 39.51613 39.53871 39.6258
39.73871 38.66774 38.68387 39.23226 40.13871 40.05806 40.08065 40.79355 41.3 40.34193 39.63226 39.52903 39.23871 39.20322 39.30968 39.29678 39.13226 39.04193 39.24516 39.35161 39.24839 39.18387 39.04839 38.98387 39.11613 39.1258 39.09678 38.96452 38.62903 38.69032 38.92258 38.69677 39.0871 39.1129 39.51291 39.41613 39.41935 39.64839 39.76774 39.77419 39.82903 39.68064 39.79032 39.98709 40.34516 40.68064 40.23549 39.69677 39.8742 40.00645 40.46129 40.64516 40.47742 40.40645 40.42258 40.24516 39.69355 38.97097 38.7129 39.02581 39.42581 39.28387 39.35161 39.45807 39.43226 39.35161 39.27742 39.36452 39.9 39.66774 39.61613 39.57419
40.16774 39.48064 38.72258 39.09355 39.30968 39.45161 39.78387 40.15161 40.31936 40.25161 40.60323 39.77419 39.44839 39.32903 39.4 39.35161 39.18387 39.14194 39.34839 39.44516 39.30968 39.28064 39.16452 39.04839 38.97097 39.10968 39.31936 39.22581 38.93871 39.07742 39.36452 39.08065 38.70968 39.28064 39.46129 39.36774 39.11935 39.22903 39.78064 39.65807 39.93548 39.82258 39.69032 39.64516 39.93226 40.40322 40.3871 40 40.69355 40.65484 40.65484 40.53226 40.43226 40.55806 40.45484 40.2129 39.92903 39.02903 38.76129 39.28387 39.52903 39.09355 39.11935 39.25806 39.73871 39.90968 39.8871 39.84839 39.70645 39.51936 39.62903 40.02903
40.31936 39.41613 38.61935 38.85484 39.14839 39.50968 39.67097 39.59678 39.51936 39.55484 39.50968 39.30968 39.36129 39.27419 39.39355 39.43548 39.35484 39.23871 39.15161 39.2 39.3 39.23226 39.04193 39.02258 38.98387 39.00968 39.17097 39.20322 39.01936 39.20645 39.39355 39.13871 38.99032 39.40968 39.67097 39.48064 39.08065 39.27419 39.81613 39.86452 39.81613 39.76451 39.69032 39.79032 39.93226 39.87742 39.76129 40.33548 40.34839 40.7 40.17419 39.90968 40.04839 40.15484 39.88387 39.5 39.19032 38.93871 39.24194 39.69677 39.64516 39.04193 39.13548 39.24194 39.49677 39.54193 39.58387 39.58387 39.47742 39.49677 39.7 39.74194
40.06774 39.44194 38.58065 38.99032 39.23549 39.5 39.91613 40.08387 39.78064 39.31936 39.17742 39.02258 39.26774 39.20322 39.19032 39.32581 39.3871 39.23549 39.21936 39.28387 39.41613 39.25806 38.96774 38.7871 38.73549 38.88387 38.84839 38.93871 39.09355 39.31936 39.5 39.58387 39.55161 39.34839 39.64516 39.76451 39.6 39.54516 39.90322 39.86452 39.9 39.65807 39.72903 40.35806 40.63548 40.50323 40.45484 40.44194 39.95484 39.83226 39.76774 39.74516 39.67419 39.53226 39.33871 39.10645 39.00968 39.01613 39.42258 39.9 39.92581 39.51936 39.44839 39.32903 39.69677 39.65807 39.58065 39.64516 39.81613 40.02581 40.22903 39.93226
39.11935 38.74516 38.36129 38.91935 39.36774 40.03871 40.48064 40.15484 39.45161 39.00645 39.10645 39.03548 39.1258 39.23226 39.39677 39.43871 39.29032 39.17742 39.35484 39.21613 39.22258 39.01936 38.83548 38.82903 38.91935 39.12903 39.13871 39.09032 39.10968 39.39355 39.67419 39.80323 39.65807 39.34516 39.73549 39.98064 39.97742 39.84193 39.7129 39.8129 39.82258 39.95161 40.0871 40.27742 40.27742 40.20322 40.06129 39.58387 39.32258 39.6 39.66452 39.21613 38.6 38.43871 38.96452 39.14194 39.13871 39.13226 39.3742 39.66129 39.65484 39.34193 39.17419 39.65807 40.04839 39.79032 39.58065 39.73226 40.05484 40.25161 40.24516 40.19032
39.08387 38.8129 38.24194 38.8871 39.60968 40.16129 41 40.25806 39.05161 38.74516 39.07097 38.88387 38.92581 39.29355 39.36452 39.19032 39.03871 39.10968 39.28387 39.28387 39.06129 38.98064 38.85484 38.89677 39.19032 39.41935 39.51613 39.42258 39.42903 39.45161 39.42903 39.36452 39.29032 39.33871 39.86129 40.18064 40.06774 39.99032 39.92903 39.73871 39.96452 39.95807 40.00323 40.0871 40.06452 39.92581 39.67097 39.30645 39.12258 38.70322 38.9129 39.02258 38.84839 39.22258 39.93871 38.61613 39.21936 39.2129 39.6 39.8742 39.69677 39.36774 39.43226 40.01936 40.02903 39.56129 39.59678 39.9 40.11935 40.22581 40.26774 40.17419
38.90322 38.97097 38.18387 38.26451 39.19677 39.65161 39.77097 39.15484 38.62258 38.62258 38.91613 39.03226 38.98064 39.07419 39.20322 39.02903 38.95484 39.18387 39.25484 39.08065 39.2 39.26129 38.8871 38.77419 39.2 39.49032 39.45484 39.39677 39.34193 39.43226 39.34516 39.2 39.19355 39.47419 39.83871 40.24516 40.20645 40.14516 40.03226 40.00323 40.09355 39.92258 39.85806 39.89032 39.75806 39.39032 39.18387 39.32903 38.82258 37.86774 38.20322 38.52581 38.6129 38.93871 39.01613 38.76451 39.04516 39.92258 39.98387 39.95161 40.03548 39.82581 39.33548 39.49677 39.51613 39.36452 39.61613 39.99677 40.19032 40.24194 40.20645 40
38.86129 39.42903 39.4129 38.76129 37.79032 37.17742 37.37742 37.42903 37.62258 38.21613 38.83548 38.93871 38.8742 38.91935 38.66452 38.72581 38.84839 38.80645 38.77742 39.01291 39.00645 39.14516 39.25484 39.31613 39.38387 39.49677 39.72903 39.92258 39.75161 39.79032 39.94516 40.05806 40.13871 40.28387 40.34193 40.27097 40.28064 40.31613 40.09032 39.90645 39.72903 39.58387 39.18387 39.07742 38.98387 38.8129 38.65484 38.70645 38.97742 38.7 38.64516 39.02903 39.10645 38.76774 38.54516 38.97419 39.08065 39.45484 39.55161 39.52258 39.55484 39.67419 39.86452 39.92903 39.95807 39.8 39.6258 39.84839 39.82903 39.58387 39.73549 39.84193
39.0871 40.05161 38.82258 37.90645 37.33871 37.15484 37.03548 37.1129 37.20645 37.65161 38.4 38.72258 38.75161 38.66452 38.59032 38.7871 38.9 38.80968 38.83548 39.19032 39.17419 39.41613 39.49355 39.61613 39.79678 39.71936 39.37097 39.50645 39.66129 39.77419 39.87742 40.03871 40.15484 40.20645 40.19032 40.1871 40.16452 40.21936 40.0871 39.82258 39.44516 39.05484 38.92258 39.07742 39.0871 39.06452 38.97097 39.01936 39.14194 38.68064 38.89355 39.31936 39.00645 38.91935 39.00323 39.25484 39.41935 39.69032 39.75161 39.87097 39.91613 39.85161 39.76451 39.79678 39.2 39.48709 39.51613 39.78387 39.77097 39.7129 40.06129 40.29678
39.26774 39.59032 39.5 38.2871 37.49677 37.23549 37.16774 37.4 37.50968 37.56774 37.89677 38.48709 38.80323 38.45807 38.42903 38.73226 38.90645 38.91613 39.06774 39.37097 39.53871 39.47097 39.26774 39.21613 39.36129 39.47097 39.27419 39.35161 39.52903 39.70645 39.81613 40.10323 40.29032 40.1871 40.11613 40.09355 40.04516 39.97742 40.01291 39.66774 39.3871 39.32581 39.41613 39.3871 39.35161 39.34516 39.33226 39.32581 39.2129 38.70322 39.16774 39.4 39.12903 39.15807 39.32258 39.20645 39.27097 39.62903 39.71936 39.7 39.20322 39.06774 39.30645 39.04516 39.30968 39.6 39.8 39.9 39.66129 39.49677 39.79678 40.25806
40.21936 39.73549 38.81936 38.52258 38.43871 37.77097 37.34839 37.56129 38.04839 37.9129 37.72903 38.33548 38.93871 38.67097 38.30645 38.43226 38.75161 39.06452 39.3871 39.57419 39.30645 39.52258 39.49032 39.48064 39.50645 39.39032 39.23226 39.55161 39.38387 39.54193 39.75484 39.91935 39.98064 39.99677 40.00645 39.86774 40.07742 39.85806 40 39.73226 39.7 39.57742 39.52581 39.68064 39.49032 39.54193 39.56774 39.39032 39.21936 39.51613 39.77419 39.67419 39.39677 39.23871 39.19355 39.04516 38.81613 39.26451 39.46452 39.13226 38.71613 38.8129 39.06129 38.9 39.42581 39.76774 39.64516 39.27742 39.21613 39.32903 39.51291 39.83226
39.63548 39.23549 38.44194 38.02903 38.1258 37.99355 37.42581 37.41613 38.2129 38.36129 38.20645 38.52903 39.02258 38.97742 38.83871 38.61613 38.77097 38.79678 39.01613 39.49355 39.22903 39.52258 39.41935 39.30323 39.17097 38.98064 38.97419 39.56774 39.50645 39.59032 39.88065 40.01613 40.1 40.19355 40.19032 39.99355 40.05161 39.60323 39.76774 39.65484 39.57742 39.61935 39.76774 39.72581 39.77742 39.81613 39.81936 39.60968 39.32258 39.41613 39.81936 39.15807 39.25161 39.15161 39.03548 38.8871 38.76774 38.86129 39.06774 38.8742 38.55161 38.57742 38.86452 39.11613 39.24839 39.66774 39.25806 38.99677 39.54516 40.05484 40.02258 39.81613
38.73549 39.0871 37.99032 37.92258 37.88387 38.26129 37.92258 37.63226 38.09355 38.37097 38.45807 38.67097 39.06774 39.12258 38.84839 39.03226 38.93548 38.79678 39.03226 39.43226 38.79678 39.38065 39.25484 39.16774 39.13548 39.00645 38.90645 39.28387 39.70322 39.55161 39.84193 39.77419 39.60968 39.65807 39.8 39.63871 39.91935 39.97419 39.97097 39.98387 39.98709 39.98709 39.98064 39.92581 39.83871 39.88387 39.84516 39.79355 39.70322 39.53226 39.40645 39.3 39.40322 39.23549 39.08065 38.8871 38.75161 38.64194 38.51936 38.51936 38.45161 38.56129 38.80645 39.02258 39.26129 39.32258 38.57419 38.99355 39.40322 39.62258 39.74516 39.9
38.43548 39.11935 37.65807 37.54193 37.94839 38.35806 38.10323 38.1258 38.34839 38.48064 38.74516 39.09032 39.18387 39.1 38.32903 38.42581 38.44839 38.69355 39.05484 39.29032 38.59355 38.96774 39.11935 39.18387 39.02258 38.88065 38.83226 38.80645 38.90968 39.06129 39.41935 39.62258 39.80968 39.94516 39.98387 39.88065 39.6 40.00323 39.74516 39.68387 39.79032 39.95161 39.95484 40.05161 39.98387 39.92903 39.95807 39.99355 39.8871 39.6129 39.42581 39.55484 39.85161 39.73871 39.32581 38.86774 38.54516 38.36774 38 38.05484 38.3129 38.35806 38.71936 39.27419 39.44839 39.51291 39.47419 39.45807 39.63548 39.81936 39.94839 40.17097
38.28064 38.51613 37.91613 37.42903 37.4 37.71936 38.19355 38.28387 38.46452 38.62258 38.45161 38.46129 38.99677 39.18387 38.8742 38.6 38.61613 38.6871 38.65484 38.80645 39.12258 39.10645 39.0871 38.95484 38.66774 38.3871 38.28064 38.34193 38.52581 39.05161 39.26774 39.59678 39.9 39.90322 39.8 39.89677 39.92903 39.92581 39.93548 39.90968 39.89032 39.84839 39.77097 40.06129 40.00323 40.03871 40.01613 39.6258 39.48387 39.77419 39.71613 39.81613 39.42581 39.59678 39.09032 38.87742 38.47097 38.31936 38.27419 38.33226 38.54193 38.34516 38.6258 39.32581 39.7 39.88387 40.12258 40.07419 40.00645 39.95161 40.09355 40.27742
38.01936 38.08387 37.76451 37.66452 37.70645 37.64194 38.22581 38.42258 38.65807 39.22581 39.13548 38.87097 38.94839 38.8871 38.84516 38.83548 38.26129 38.46774 38.66452 38.79032 38.74839 38.60323 39.05161 39.10323 38.9 38.62258 38.55806 38.64839 38.76129 38.65161 39.21613 39.44839 39.48387 39.46452 39.52581 39.75806 39.96129 39.91613 39.95807 39.91935 39.94839 39.98709 39.98709 40 40.12258 40.06452 39.93871 39.87097 39.93871 40.1 40.18064 40.05484 39.65161 39.21936 38.8129 39.01613 38.61613 38.39355 38.62258 38.50645 38.67097 38.69032 38.93226 39.26451 39.33226 39.19677 39.80323 40.12258 40.04839 39.75806 39.79355 40.03226
37.99677 38.06452 38.02258 38.19677 37.96452 37.70968 37.82903 37.8871 38.20645 38.91935 39.30968 39.30968 39.19355 39.10968 39.16129 39.1258 39.02581 39.08065 39.06774 38.94839 38.30323 38.84193 39.10323 39.14194 38.96774 38.93871 39.04193 39.16452 39.14839 39.00968 38.48709 39.10968 39.31936 39.48387 39.7129 39.82258 39.93226 40.12258 39.96452 39.94194 39.92258 39.86774 39.82903 39.99032 40.14516 40.17742 40.23226 40.14194 40.09355 40.13226 40.14839 39.8742 40.08387 39.66452 39.64194 39.29355 39.07419 38.81936 39.06129 39.01936 39.14516 39.34193 39.56452 39.55806 39.30968 39.08387 39.47419 40.10968 39.90645 39.67742 39.76129 39.93226
38.14839 38.09355 37.81613 37.96129 37.92903 37.67419 38.04839 38.66129 38.52258 38.30645 38.51613 38.97742 39.22903 39.1129 38.97419 39.06774 39.08065 38.93871 38.70968 38.67097 38.69677 38.79678 39.09355 39.12258 39.13871 39.1871 39.3 39.41935 39.37742 39.09355 38.98064 39.16774 39.5 39.75484 39.94516 40.02258 40.02258 40.15484 39.96129 39.95161 39.96452 39.83548 39.7 39.93226 39.91935 40.02903 40.18064 40.18064 40.06129 39.95807 39.76451 39.20968 40.17419 40.20968 39.86452 39.60323 39.54193 39.43548 39.36129 39.43548 39.53871 39.69355 39.86129 39.80645 39.70645 39.77742 39.83226 40.02258 39.72581 39.7 39.75806 39.8
38.37097 38.10645 37.89032 37.89032 38.02581 38.15161 38.65484 38.95484 38.74516 38.33226 38.35161 38.75484 39.09032 39.00323 38.54839 38.63548 38.9129 38.92581 38.78387 38.7129 38.60645 38.7129 38.76129 38.68064 38.84839 39.3129 39.49677 39.34193 39.17742 38.9129 39.35161 39.45807 39.3742 39.50323 39.58065 39.67742 40.0871 40.13226 40.06774 40.04839 40.05806 40.06774 40.02258 39.87742 39.60968 39.30968 39.9 40.04516 39.80645 39.65807 39.7 39.7129 40.25806 39.6 39.85806 39.17097 39.11935 39.61613 39.64194 39.6871 39.65161 39.77097 39.67742 39.70322 39.85161 39.96452 40.04193 40.10323 39.89032 39.97742 40.07097 40.09678
37.90322 37.8 38.24194 37.98709 37.97742 38.38065 38.68064 39.02581 39.19355 38.86774 38.73871 38.66129 38.61935 38.67419 38.65807 38.30806 38.73549 38.85806 38.81613 38.72903 38.67742 38.68387 38.86452 38.78387 38.45161 39.03871 39.46774 39.36774 39.29355 39.38065 39.50968 39.52903 39.30645 39.15807 39.29355 39.67742 39.91613 39.43871 39.56129 39.75806 39.75806 39.74516 39.84516 39.90322 39.59355 39.1 39.92581 39.92258 39.70968 39.84193 40.09032 40.12258 40.08387 39.60323 39.89677 39.97419 39.86774 39.70645 39.4 39.14516 39.47097 39.37097 39.30968 39.50323 39.86452 40.13871 40.09678 40.2 40.04516 40.13548 40.15484 40.18387
38.37742 37.95484 38.11613 38.30645 38.46452 38.43226 38.37742 38.61935 39.12258 39.30323 39.23226 38.96774 38.72258 38.74194 38.79032 38.36256 38.75806 38.80645 38.72581 38.66774 38.67419 38.67742 38.8 38.90968 38.83871 38.84839 39.07419 39.40322 39.56452 39.42258 38.98709 39.70322 38.35161 38.65161 38.92258 38.77742 38.78064 38.67097 38.82258 39.06452 39.29032 39.4129 39.47419 39.59678 39.82258 39.81936 39.88065 39.84839 39.56129 39.84839 40.30645 40.17097 39.96129 39.71613 39.90645 40.25806 40.09678 40.01291 40.03548 40.10323 40.03871 39.87097 39.85484 39.99355 40.13871 40.28064 40.38065 40.35161 40.19032 40.3 40.21613 40.22258
38.46774 37.98387 37.90322 38.05484 38.40968 38.42926 38.12604 38.10035 38.74516 39.20322 39.37097 39.30645 39.12903 39.02581 38.91935 38.57719 38.83871 38.85806 38.8 38.71936 38.70968 38.75484 38.80323 38.82534 38.66129 38.48341 38.60772 38.98709 39.16774 38.86129 38.87742 39.77419 38.67419 38.22581 39.11613 39.79355 39.43871 39.00323 39.60645 39.37742 39.07742 38.87742 39.1871 39.64194 39.47097 39.40322 39.5871 39.43548 39.65161 39.77419 39.82903 39.81613 39.74194 39.69032 40.06774 40.13226 39.80323 39.75161 39.99032 40.03871 40.08065 40.31936 40.26774 40.4129 40.39677 40.5 40.80645 40.30645 40.27097 40.36774 40.33871 40.32903
38.45484 38.01613 37.63998 37.92373 38.40968 38.57419 38.30449 38.14424 38.41935 39.13226 39.25161 39.29355 39.25484 39.16452 39.10645 38.94194 39.04839 39.1129 39.01613 38.86452 38.8742 38.8742 38.78387 38.74839 38.36774 37.62903 37.66613 38.55472 39.08387 38.62258 38.72581 38.99355 39.6258 39.20645 38.55484 38.8 39.24516 38.94839 39.08387 39.23549 39.6129 39.35806 38.85806 38.80968 39.13548 39.32258 39.35161 39.33548 39.67742 39.66452 39.47097 39.72581 40.22903 39.95161 40.2 39.86129 39.49677 39.51936 40.07742 40.30645 40.28064 40.47097 40.38065 40.40968 40.40322 40.40645 40.48064 40.45484 40.38387 40.52903 40.49677 40.43548
38.17742 38.08065 38.09032 38.1871 38.52258 38.84839 38.74516 38.50323 38.66774 39.0871 39.11935 39.27097 39.30323 39.1258 39.03548 39.26774 39.29032 39.27051 38.76832 38.76463 39.01728 38.88502 38.54723 39.07005 38.55484 37.86452 38.10645 38.96774 39.45161 39.14516 38.39677 37.32581 38.52581 38.92258 38.79355 38.73871 38.98387 39.43871 39.44516 38.29355 38.47742 39.40322 39.31613 38.68064 38.85484 39.00968 39.1258 39.57419 39.33226 39.1258 39.32903 39.79032 40.17097 40.31936 40.25161 40.06774 39.74839 39.7 40.09032 40.36774 40.34839 40.39355 40.20968 40.50968 40.58387 40.5 40.49677 40.46452 40.46129 40.52258 40.39355 40.45807
38.04193 38.04839 37.85254 38.38214 38.38456 37.99862 37.79136 38.00714 38.11002 38.66935 38.89286 38.70968 38.96302 39.06048 38.91786 39.13767 39.36049 39.25991 39.05564 37.95864 38.62892 39.0947 39.40807 39.40922 39.55288 39.79885 39.75023 39.81913 39.77776 39.37753 38.71613 38.5871 38.0886 38.46129 39.3742 38.96774 38.20645 38.17097 39.15807 39.14839 38.73226 38.90322 38.88387 38.60645 38.4129 38.49032 38.55484 38.86129 39.65161 40.10323 40.00645 39.68387 39.61613 40.15484 40.7 40.54839 40.35161 40.21613 40.27742 40.46129 40.4129 40.42581 40.9129 41.06774 41.0871 40.72903 40.45807 40.50645 40.53548 40.5 40.47419 40.51936
38.85484 38.66452 37.85 38.26555 38.01521 37.72304 37.74171 37.80703 38.04562 38.49309 38.70184 38.56613 38.99942 39.36452 39.28802 39.27638 39.44147 39.13445 38.9235 38.07465 39.03433 39.32822 39.74297 39.67454 39.87396 40.02396 40.06486 40.12523 40.05853 39.9159 39.61728 38.74585 38.3129 38.84839 39.38065 39.23871 38.92258 38.69355 39.15807 39.77742 39.18064 38.97419 38.99032 39.05806 38.64516 37.91613 39.44516 39.83548 39.6129 39.54839 39.80968 39.93226 39.97419 40.20968 40.47419 40.54516 40.33871 40.41613 40.56774 40.57742 40.57742 40.80323 40.74516 41.00323 41.10323 40.68064 40.45161 40.61935 40.43226 40.51936 40.49355 40.50968
39.48387 38.71613 37.88122 38.11486 37.95576 37.65576 37.5121 37.52454 37.52892 38.19055 38.47431 38.70714 38.9212 39.11797 39.28479 39.43825 39.59274 39.22512 39.1576 38.97592 38.96705 39.38491 39.66014 39.99171 40.1174 40.29539 40.38329 40.4424 40.38272 40.31613 40.04516 39.08491 38.85161 38.92581 39.36452 39.63226 39.45161 39.10323 38.78387 39.07419 39.26129 38.48709 38.64839 38.90968 38.81936 38.82903 38.91935 38.95161 39.25484 39.69677 39.68064 39.50645 39.68387 40.18387 40.33871 40.63226 40.46452 40.48064 40.53226 40.51936 40.53548 40.6 40.52581 40.85806 41.09355 40.75161 40.61613 40.65807 40.37742 40.49355 40.46774 40.50323
39.26774 38.66452 37.86682 37.87615 37.75772 37.46164 37.37465 37.49723 37.51509 37.65092 38.4515 38.80081 38.73399 38.76958 39.09804 39.49654 39.47754 39.28479 39.46095 39.46383 39.38906 39.84424 39.80357 39.66878 39.94263 40.24781 40.42926 40.61832 40.67143 40.66417 40.60173 40.35104 40.02581 39.9129 39.80968 39.96452 39.76774 39.16774 38.50968 38.91935 39.13548 38.38065 38.79678 39.18064 39.15807 39.16774 39.11935 38.65807 39.21936 39.76451 40.13226 40.32258 40.45484 40.61935 40.69032 40.3129 40.43871 40.52903 40.61935 40.70322 40.73549 40.76129 40.7 40.80968 40.79678 40.61935 40.67097 40.67097 40.49355 40.52258 40.55161 40.51936
38.65807 38.49677 37.90864 37.5962 37.47557 37.26567 37.2394 37.44539 37.71717 37.84954 38.29055 38.45184 38.18433 38.72938 39.3674 39.44194 39.45841 39.51912 39.34574 39.38053 39.98906 40.09193 39.87661 39.53905 40.14124 40.49125 40.66901 40.78617 40.91279 40.92823 40.91924 40.85968 40.77419 40.6129 40.29678 40.29678 40.09678 39.86774 38.85484 38.94516 39.09032 38.56774 38.60968 38.98387 39.44839 39.65161 39.45161 39.09678 39.07742 39.80323 40.35161 40.56129 40.60968 40.61935 40.6258 40.75161 40.79355 40.76451 40.74839 40.74839 40.72581 40.76774 40.82258 40.79032 40.7 40.66129 40.67419 40.62903 40.57097 40.57419 40.51613 40.52258
