features/re_bio8.asc
ncols         768
nrows         589
xllcorner     124.299398925
yllcorner     32.893460211367
cellsize      0.010567299164062
NODATA_value  -9999
[rows 224 to 255 of 589, columns 432 to 503 of 768]
17.30093 17.58355 17.38814 17.03323 16.73771 16.11115 15.11846 15.29211 16.26713 16.46409 16.14115 15.57832 15.50688 15.5091 15.33541 15.44104 15.94645 16.29151 16.50043 16.37867 16.32885 16.61125 16.64889 16.2719 16.13885 16.36283 16.36953 16.12125 16.1553 16.28946 16.11803 15.77738 15.76079 15.99821 16.24993 16.15305 15.69885 14.96634 21.90136 22.15989 22.52541 22.45627 23.29297 23.88681 24.04462 17.4571 18.31609 18.33885 18.27444 18.24645 17.86283 17.9281 18.26964 18.32505 18.66373 18.73699 -9999 -9999 -9999 -9999 -9999 -9999 -9999 -9999 -9999 -9999 -9999 -9999 -9999 -9999 -9999 -9999
17.67358 18.11767 17.92222 17.57172 16.60004 16.46179 15.81097 16.191 16.76161 16.46849 16.24867 15.68703 15.60455 15.56487 15.74305 15.86168 16.0409 16.38703 16.12659 16.47412 16.55104 16.75982 16.67097 16.3576 16.33667 16.1609 16.37846 16.80383 16.8071 16.52251 16.08724 15.68391 15.71674 15.82118 16.1091 15.79237 14.92362 21.81735 21.49244 21.84609 22.50649 23.30029 23.66072 16.97401 17.33208 17.60444 17.86147 17.0176 18.06376 18.37591 18.13857 18.14416 18.3724 18.49176 18.52401 18.7948 18.66889 -9999 -9999 -9999 -9999 -9999 -9999 -9999 -9999 -9999 -9999 -9999 -9999 -9999 -9999 -9999
17.64366 18.10545 18.04946 17.59903 16.18581 16.25599 16.55036 17.04283 17.27584 16.96498 16.6486 16.43552 16.02771 15.89348 15.98147 16.11237 16.14964 16.2386 16.67502 16.27738 16.30258 16.74004 16.79276 16.48839 16.39269 16.11584 16.57527 16.11581 16.56649 16.32136 15.91029 15.87624 15.89591 16.0147 15.84749 15.68021 15.07093 22.27591 22.36728 22.78054 23.15183 23.52194 23.28029 22.96964 23.13914 24.04968 18.11961 18.0047 18.34402 18.56391 18.69885 18.70857 18.57889 18.59308 18.71057 -9999 -9999 -9999 -9999 -9999 -9999 -9999 -9999 -9999 -9999 -9999 -9999 -9999 -9999 -9999 -9999 -9999
18.38667 17.4514 16.90953 17.35151 16.22172 16.13799 17.06577 17.32527 17.08247 17.01118 17.04186 16.35405 15.82756 16.16588 16.54986 16.45193 16.3386 16.51678 16.74222 16.0981 16.38606 16.45093 16.75867 16.87634 16.57627 16.71584 16.81591 16.739 16.98953 16.57968 15.99369 15.63545 15.53656 15.80573 15.96724 15.79796 15.37753 15.31373 15.16419 15.42674 22.6705 22.69208 21.82186 22.14742 23.12878 24.35996 18.3538 18.5647 18.59624 18.3438 18.22964 18.46717 18.59115 18.58054 18.95427 18.94029 18.91986 -9999 -9999 -9999 -9999 -9999 -9999 -9999 -9999 -9999 -9999 -9999 -9999 -9999 -9999 -9999
17.98079 17.45577 16.65996 16.30068 15.76864 15.74441 16.8381 16.98229 16.5757 16.43935 16.54613 16.00111 15.71505 15.97681 16.44964 16.41444 16.40677 16.48054 16.32215 16.2267 16.67853 16.51136 16.53667 16.84778 16.95226 16.59832 16.79724 17.10384 16.33333 16.74111 17.04007 16.9257 16.50477 15.54398 16.11111 15.54061 15.19824 15.37864 15.36204 15.28606 22.52222 21.95179 21.82964 22.81889 24.00254 17.92086 18.35369 18.43158 18.27362 18.51122 18.21563 18.15849 18.42104 18.60315 18.85082 18.8447 -9999 -9999 -9999 -9999 -9999 -9999 -9999 -9999 -9999 -9999 -9999 -9999 -9999 -9999 -9999 -9999
18.14344 17.73699 17.14226 17.09072 16.87419 16.12452 17.20072 17.0624 16.90652 16.82742 16.57455 16.28448 16.00753 15.80405 15.9328 15.96591 15.88685 15.93409 16.29674 16.74212 16.80165 16.21222 15.98473 16.4191 16.84004 16.90602 17.38638 17.20387 16.80376 16.16964 15.73115 15.93108 16.4971 16.55197 16.25835 15.60928 15.24685 14.599 14.73828 22.40333 22.20903 21.74154 22.47247 23.05896 23.61057 24.51814 18.15348 18.13004 18.0105 18.41075 18.2719 17.96903 18.22154 18.50616 18.69548 18.73444 -9999 -9999 -9999 -9999 -9999 -9999 -9999 -9999 -9999 -9999 -9999 -9999 -9999 -9999 -9999 -9999
18.34441 17.66871 17.30265 17.12355 17.34574 16.86756 17.60627 17.83391 17.34936 16.73606 16.59326 16.70437 15.77771 15.92168 16.05366 15.95487 16.11867 16.36602 16.38262 16.48717 16.7247 16.47495 16.00344 16.31684 16.70599 16.68394 17.36771 16.60154 16.75108 16.76746 16.55541 16.16631 15.78574 15.74595 16.49566 16.31774 15.08857 22.18599 22.35244 22.28452 21.71104 22.24649 23.14262 22.97989 23.30857 24.30617 18.00943 17.84312 17.79272 18.33613 18.22796 18.32602 18.42233 18.49634 18.76179 -9999 -9999 -9999 -9999 -9999 -9999 -9999 -9999 -9999 -9999 -9999 -9999 -9999 -9999 -9999 -9999 -9999
17.88817 18.04889 18.00394 18.08426 17.88534 16.97416 17.34025 16.72161 16.96004 17.2976 16.98663 16.28548 15.78201 15.69523 15.82509 15.73939 15.93609 16.14946 16.17599 16.939 16.38817 16.19133 15.77168 16.20918 16.86419 17.12692 17.2609 17.15778 17.51158 16.82133 16.56197 16.24426 15.69337 15.40391 15.86333 15.97007 15.42774 15.3448 22.51007 22.50778 22.70165 23.54427 17.3828 24.22864 17.65473 17.96724 17.7238 24.33154 24.34222 17.73512 18.11993 18.09957 17.96233 -9999 -9999 -9999 -9999 -9999 -9999 -9999 -9999 -9999 -9999 -9999 -9999 -9999 -9999 -9999 -9999 -9999 -9999 -9999
17.23186 17.51455 17.42566 17.47297 17.56093 17.84574 16.99401 17.08534 16.89201 16.44688 16.23258 16.54369 16.89545 16.10964 15.91627 16.06143 16.10867 15.97573 16.12638 17.16631 16.86405 16.50581 15.99147 16.19262 16.95323 17.47638 17.27749 16.96312 17.39398 16.51022 16.27831 16.18488 15.91656 15.60301 15.44412 15.33867 15.96409 16.05487 22.87305 22.83029 23.26631 23.83627 24.01057 24.18509 24.30032 17.50312 17.27183 24.08348 24.14638 24.06645 17.81717 17.8419 17.91939 -9999 -9999 -9999 -9999 -9999 -9999 -9999 -9999 -9999 -9999 -9999 -9999 -9999 -9999 -9999 -9999 -9999 -9999 -9999
17.71893 17.30778 17.41233 17.11674 16.6772 17.00824 16.72136 17.09072 17.23706 17.14154 16.72599 16.56996 16.99315 16.13484 16.12602 16.6691 16.72083 16.45946 16.24183 17.25426 17.53563 16.74638 16.33746 16.27276 17.03341 17.65211 17.52681 17.56874 17.13677 16.37932 16.11337 16.16502 16.0924 15.84563 15.73634 15.84563 15.48337 16.62939 16.41581 16.37376 17.08756 17.28118 17.67484 17.74932 17.21297 16.99971 23.75667 23.61423 23.78509 23.72996 17.46599 17.92126 18.07344 -9999 -9999 -9999 -9999 -9999 -9999 -9999 -9999 -9999 -9999 -9999 -9999 -9999 -9999 -9999 -9999 -9999 -9999 -9999
18.38158 17.82548 17.75412 17.65746 17.49272 17.27061 17.53885 17.54348 17.02584 16.67082 16.8786 17.28527 17.27774 16.571 16.19401 16.52387 16.29753 16.36237 16.59326 17.58821 17.79255 17.1914 17.62556 17.29021 16.78039 16.85616 17.04297 16.80341 16.85072 16.98276 17.09262 17.03989 16.78799 16.59441 16.41846 15.93147 16.53681 16.83258 17.20667 17.33753 17.47814 17.73871 17.66925 18.39366 17.4929 17.55297 16.49728 23.0024 23.34778 24.1048 17.46308 -9999 -9999 -9999 -9999 -9999 -9999 -9999 -9999 -9999 -9999 -9999 -9999 -9999 -9999 -9999 -9999 -9999 -9999 -9999 -9999 -9999
18.11986 17.80118 17.89032 17.80581 17.56294 17.34645 17.11796 17.52358 16.98828 17.02136 17.53355 17.50394 16.8676 16.5653 16.04315 16.79523 17.10409 17.28548 17.02179 17.32416 17.66172 17.04939 17.87276 17.40563 16.55054 16.47359 16.82093 16.78573 16.64509 16.5429 16.81656 17.01556 16.86258 16.73061 16.6471 16.34706 15.75552 17.06247 17.2462 17.58932 17.98201 18.21294 18.33616 18.31108 18.2029 17.87133 17.00599 23.39498 23.13333 23.73115 17.82961 -9999 -9999 -9999 -9999 -9999 -9999 -9999 -9999 -9999 -9999 -9999 -9999 -9999 -9999 -9999 -9999 -9999 -9999 -9999 -9999 -9999
18.16276 18.0891 18.10455 18.07176 17.78165 17.28047 17.19477 17.17835 17.11577 17.4829 17.26971 17.18183 17.16975 16.64656 16.00799 16.97645 16.5972 17.10072 17.48663 17.16796 17.83301 16.73936 17.94738 17.28129 16.02495 15.89857 16.27584 16.40527 16.5733 16.64925 16.50753 16.479 16.51054 16.69749 16.59627 16.09047 15.95122 16.40674 16.74448 17.2109 17.50796 17.68176 17.88294 17.94312 18.36011 17.7381 16.68574 23.12867 23.35441 17.37566 18.24874 -9999 -9999 -9999 -9999 -9999 -9999 -9999 -9999 -9999 -9999 -9999 -9999 -9999 -9999 -9999 -9999 -9999 -9999 -9999 -9999 -9999
17.58785 18.29803 18.21337 18.00907 17.72878 17.52326 17.55738 17.66072 17.89821 17.79713 17.07061 16.65405 16.96409 17.12459 16.33656 16.58498 16.9752 17.05552 17.2381 17.17885 17.84498 17.1866 18.0924 17.17563 17.03609 17.19115 16.78893 16.44043 16.87341 16.88559 16.57452 16.3504 16.40161 16.53893 16.18165 15.75706 16.40559 16.3691 17.0414 17.33828 17.32961 17.28667 17.37986 17.70276 18.59204 18.22014 17.79369 16.90459 17.0138 17.83867 18.36003 -9999 -9999 -9999 -9999 -9999 -9999 -9999 -9999 -9999 -9999 -9999 -9999 -9999 -9999 -9999 -9999 -9999 -9999 -9999 -9999 -9999
18.31749 18.33545 17.85946 18.17265 18.26394 17.86294 17.60452 17.42534 18.28168 17.72011 16.98269 16.95075 17.47401 17.71143 17.05419 16.72674 16.52 17.05097 17.42039 17.73606 17.87792 17.61176 17.87014 17.78348 17.64935 16.98441 16.78649 17.13169 17.39986 17.36595 16.59864 16.75147 16.00473 15.9043 15.98749 15.99409 17.00599 16.8333 17.26007 17.38771 17.34606 17.38548 17.66799 18.1186 18.44781 18.24971 18.04473 17.26376 17.54358 18.18892 18.47688 -9999 -9999 -9999 -9999 -9999 -9999 -9999 -9999 -9999 -9999 -9999 -9999 -9999 -9999 -9999 -9999 -9999 -9999 -9999 -9999 -9999
18.47276 18.50133 18.2529 18.10233 17.97169 17.65943 17.47914 17.99355 18.1167 17.82781 17.39036 17.21993 17.29914 17.37613 17.38821 17.45749 17.13111 17.46419 17.42244 17.70943 17.77219 18.16355 18.04383 16.98645 17.06444 16.99523 16.9348 17.27229 17.47136 16.86226 17.25043 16.66889 16.44215 16.14255 16.2743 16.60452 17.10609 17.36799 17.31728 17.33599 17.54842 17.54609 17.74943 18.22133 18.12229 18.15158 18.48401 17.73728 17.84882 18.29713 18.53423 -9999 -9999 -9999 -9999 -9999 -9999 -9999 -9999 -9999 -9999 -9999 -9999 -9999 -9999 -9999 -9999 -9999 -9999 -9999 -9999 -9999
18.32315 18.31667 18.30351 18.26839 17.98366 17.55265 17.41968 17.98358 18.35634 18.09147 17.66068 17.75523 17.55968 17.28814 17.46502 17.86738 17.36405 17.72885 17.40262 17.53896 17.6853 17.88649 18.07778 17.37656 16.99957 17.41624 17.5195 17.37441 17.06774 16.77086 17.491 16.81835 16.60376 16.53878 16.27789 16.05337 16.12914 16.78057 17.5119 17.79469 17.63857 17.53398 17.74176 18.07828 18.00556 17.93774 18.52548 17.98258 17.96871 18.32455 18.60907 -9999 -9999 -9999 -9999 -9999 -9999 -9999 -9999 -9999 -9999 -9999 -9999 -9999 -9999 -9999 -9999 -9999 -9999 -9999 -9999 -9999
18.12659 18.38832 17.99799 17.77151 17.49663 17.32075 17.5 18.00552 18.4376 17.47154 17.64627 17.77057 17.56821 17.4914 17.67488 17.7233 17.92333 17.6795 17.5147 17.49939 17.71595 17.79409 18.06229 17.65118 17.24674 17.6238 17.71839 17.5943 17.42828 17.36893 17.26882 16.58179 17.08853 16.91161 16.25294 15.77993 15.56785 16.17742 17.4009 17.54935 17.59563 17.37548 17.51828 17.96373 18.18591 18.17319 18.49871 18.08276 18.06319 18.2409 18.4714 18.62699 -9999 -9999 -9999 -9999 -9999 -9999 -9999 -9999 -9999 -9999 -9999 -9999 -9999 -9999 -9999 -9999 -9999 -9999 -9999 -9999
18.27602 18.25527 18.1167 17.91878 17.85394 17.93405 18.11548 18.32867 18.38484 18.49699 18.09251 17.65276 17.37807 17.68907 18.04305 17.86283 18.09688 17.84978 17.70477 17.17498 17.63233 17.89523 17.99538 17.72706 17.6952 17.91176 17.72824 17.70631 17.69745 17.60405 17.5909 17.00165 16.97735 16.38785 16.26932 15.98767 15.27527 15.66215 16.75488 16.66613 16.31491 16.35774 16.989 17.80735 18.25172 18.19301 18.64523 18.25871 18.2372 18.34975 18.49233 18.59172 18.6295 -9999 -9999 -9999 -9999 -9999 -9999 -9999 -9999 -9999 -9999 -9999 -9999 -9999 -9999 -9999 -9999 -9999 -9999 -9999
18.18366 18.07061 18.19695 18.10032 18.02756 18.2091 18.31118 17.76925 16.83244 17.72083 17.96817 17.59237 17.5033 17.26925 17.59892 18.35409 17.8486 18.06613 18.031 17.93237 18.00176 17.89398 17.74674 17.83577 17.28617 17.82276 17.85566 17.92613 17.68853 17.33799 17.3424 16.97975 16.91254 16.28699 16.10061 16.09176 15.59158 16.24634 16.82305 16.44075 15.79717 16.3166 17.00097 17.80409 18.49394 18.50265 18.53638 18.5943 18.53097 18.53487 18.56176 18.58294 18.59871 18.59774 -9999 -9999 -9999 -9999 -9999 -9999 -9999 -9999 -9999 -9999 -9999 -9999 -9999 -9999 -9999 -9999 -9999 -9999
18.37169 18.38495 18.50921 18.25742 18.28047 18.20133 17.87043 17.19652 16.46315 16.87326 17.17785 17.61656 17.32079 17.21527 17.73857 18.36728 18.2914 18.51892 18.46061 18.23136 18.19728 18.10061 17.93036 17.85007 17.17398 17.3509 17.52018 17.78197 17.70165 17.53355 17.5248 17.34233 16.80606 16.26932 15.95824 16.32441 16.10219 16.48842 17.06394 16.4305 16.27401 16.70943 17.60054 17.85695 17.74014 17.99961 18.24462 18.5228 18.50889 18.58441 18.57054 18.54778 18.55677 18.56136 -9999 -9999 -9999 -9999 -9999 -9999 -9999 -9999 -9999 -9999 -9999 -9999 -9999 -9999 -9999 -9999 -9999 -9999
18.71251 18.67186 18.60806 18.43996 18.15642 17.91122 17.62652 17.00978 16.33172 16.86943 16.86728 17.32774 17.04219 17.309 17.53405 17.58244 17.94849 18.35086 18.25764 18.20043 18.10272 17.96749 17.86982 17.87523 17.73452 17.58064 17.39588 17.6324 17.45323 17.40936 17.64337 17.28297 16.41007 16.39681 16.04516 16.30789 16.25882 16.70742 17.23771 17.15849 16.75136 17.15598 17.28029 17.25832 17.46154 17.99817 18.43803 18.53358 18.57616 18.51391 18.48247 18.49602 18.52706 18.52176 -9999 -9999 -9999 -9999 -9999 -9999 -9999 -9999 -9999 -9999 -9999 -9999 -9999 -9999 -9999 -9999 -9999 -9999
18.51032 18.71247 18.50796 18.42018 18.20577 18.11781 17.47928 17.06272 17.19133 17.00459 17.10459 17.62315 17.17047 17.56943 17.52104 17.25201 17.70699 18.16953 18.11688 17.57498 17.11323 17.19021 17.5167 17.65746 17.82796 17.37498 17.35523 17.56294 17.3443 17.26846 17.52674 17.49168 16.66728 16.40882 16.35376 15.90677 16.05283 15.97118 16.8043 17.64147 17.41936 17.42667 17.41122 17.49588 17.86201 18.35054 18.47344 18.26527 18.3957 18.3929 18.36584 18.41545 18.48957 18.48756 -9999 -9999 -9999 -9999 -9999 -9999 -9999 -9999 -9999 -9999 -9999 -9999 -9999 -9999 -9999 -9999 -9999 -9999
18.68943 18.20814 18.47075 18.54878 18.06631 17.90692 17.72333 17.62007 17.81459 17.88165 17.83649 17.87383 17.95072 18.13979 17.66287 17.06828 17.17516 17.78606 17.86301 16.45355 16.49627 17.16348 17.66832 17.80021 17.8191 17.86201 17.27595 17.58928 17.15064 17.04405 17.23541 17.17283 16.93656 16.60677 16.16566 15.91545 15.88552 15.6047 16.00305 16.71731 17.2443 17.01226 17.27487 17.40452 17.31616 17.50513 18.17943 18.36279 18.27778 18.39588 18.51864 18.51663 18.53136 18.56237 -9999 -9999 -9999 -9999 -9999 -9999 -9999 -9999 -9999 -9999 -9999 -9999 -9999 -9999 -9999 -9999 -9999 -9999
18.57961 18.49602 17.99595 17.59574 17.27036 17.03211 17.86964 17.78918 17.38807 18.08613 17.72556 18.18491 18.41788 18.45093 18.09047 17.56953 17.53097 17.96953 17.75086 17.0748 16.63821 16.90075 17.30197 17.49448 17.72531 17.89366 17.58251 17.40007 16.68989 16.94505 17.39029 17.27502 17.05735 16.91663 16.04785 16.08767 16.36502 15.90061 16.04681 16.84695 17.42133 16.60953 16.90154 17.25029 17.55803 17.86258 18.13527 18.29781 18.34678 18.53226 18.61301 18.55853 18.51143 18.54459 -9999 -9999 -9999 -9999 -9999 -9999 -9999 -9999 -9999 -9999 -9999 -9999 -9999 -9999 -9999 -9999 -9999 -9999
18.30491 18.56753 18.6038 18.06842 17.52538 17.1628 17.84104 17.79029 17.66394 18.07398 17.09022 17.32029 17.81466 18.19932 18.37502 18.21799 18.12337 18.18172 17.68498 17.37283 16.87814 16.89663 17.16799 17.32728 17.4548 17.83534 17.76262 17.56477 17.44495 17.62975 17.73649 17.74738 17.78061 17.36928 16.93609 16.58824 17.02283 16.75204 16.59892 17.16462 17.80624 17.23194 17.34394 17.35462 17.5281 17.78875 18.05369 18.31405 18.37315 18.4276 18.45222 18.53875 18.45179 -9999 -9999 -9999 -9999 -9999 -9999 -9999 -9999 -9999 -9999 -9999 -9999 -9999 -9999 -9999 -9999 -9999 -9999 -9999
17.72366 17.85326 18.68194 19.00394 18.36745 17.66936 17.73986 18.09047 17.91566 17.48251 17.45412 17.08172 17.09276 17.77839 17.88835 17.86308 18.04893 18.17756 17.89169 17.40236 17.3838 17.35846 17.14405 16.95172 17.08681 17.45369 17.35115 17.06308 17.2105 17.59434 17.82104 17.90566 18.00025 17.94097 17.54186 16.76427 17.22609 17.44176 17.42194 17.58602 17.99333 17.55645 17.65208 17.55491 17.69645 17.98111 18.21423 18.34599 18.39928 18.38125 18.37068 18.46011 18.44846 -9999 -9999 -9999 -9999 -9999 -9999 -9999 -9999 -9999 -9999 -9999 -9999 -9999 -9999 -9999 -9999 -9999 -9999 -9999
17.80505 18.40946 18.50606 18.87875 18.96122 18.36201 18.05638 17.96513 17.74204 17.44401 17.2243 16.99817 16.66556 17.1786 17.39731 17.63688 17.81047 18.00398 18.07867 17.33333 17.5147 17.59047 17.29656 17.28215 17.30746 16.84233 16.61699 16.74971 17.07731 16.59251 16.89154 17.1609 17.19835 17.55269 18.09186 18.16007 17.91796 17.9181 17.93029 17.97104 17.98416 17.87301 17.86297 18.26559 18.30839 18.3091 18.37692 18.47771 18.50047 18.3624 18.51685 18.47197 18.55147 -9999 -9999 -9999 -9999 -9999 -9999 -9999 -9999 -9999 -9999 -9999 -9999 -9999 -9999 -9999 -9999 -9999 -9999 -9999
17.24685 18.07308 18.55348 18.58197 18.84577 18.1453 17.91577 17.59147 17.67616 17.89606 17.45964 16.25075 15.80018 16.1686 17.08968 17.18964 17.43143 17.86222 17.91387 17.05093 17.41695 17.55649 17.62448 17.65276 17.48993 17.02355 16.5053 16.44337 16.74749 16.11609 16.43516 16.82767 16.76391 16.91674 17.71308 17.94749 18.05563 17.89728 17.99742 18.16799 18.23186 18.25488 18.16043 18.3967 18.4991 18.35358 18.20014 18.21068 18.20021 17.94513 18.23172 18.49832 18.55796 -9999 -9999 -9999 -9999 -9999 -9999 -9999 -9999 -9999 -9999 -9999 -9999 -9999 -9999 -9999 -9999 -9999 -9999 -9999
17.97427 18.15556 17.97652 18.06111 18.73254 18.21047 17.84222 17.96631 17.64545 17.34219 17.48613 17.64774 17.32032 16.88731 17.25674 17.22154 17.40616 17.78763 17.9371 17.22029 17.59638 17.60269 17.63344 17.69376 17.64832 17.4095 17.03441 16.76272 16.85964 16.90796 16.58577 16.87065 16.93115 16.65283 17.19376 17.79014 18.00936 17.89939 17.96652 18.10186 18.25376 18.53968 18.62441 18.40215 18.49903 18.61204 18.44771 18.40763 18.48516 18.25018 18.3429 18.7448 18.58903 -9999 -9999 -9999 -9999 -9999 -9999 -9999 -9999 -9999 -9999 -9999 -9999 -9999 -9999 -9999 -9999 -9999 -9999 -9999
17.99312 17.7843 17.76552 18.06333 18.45021 18.64803 17.95545 17.56412 17.46642 17.20946 16.93925 16.93928 16.9591 17.58989 16.80731 17.25344 17.58419 17.64133 17.65566 17.64713 17.54799 17.45115 17.43118 17.48154 17.59029 17.52416 17.19738 17.00613 16.91369 16.87423 16.39935 16.30326 16.31516 16.24025 16.41932 17.26412 17.84753 18.11713 18.06552 17.93133 18.10516 18.47814 18.42857 18.73204 18.65272 18.77459 18.71703 18.72531 18.7743 18.67581 18.77068 18.64674 18.61416 -9999 -9999 -9999 -9999 -9999 -9999 -9999 -9999 -9999 -9999 -9999 -9999 -9999 -9999 -9999 -9999 -9999 -9999 -9999
17.43613 17.26566 17.67108 17.90194 17.45466 18.22602 17.75645 17.10251 16.62047 16.50634 16.86692 17.17222 16.56441 16.68892 17.20742 17.59426 17.59978 17.57351 17.51412 17.7814 17.65814 17.62728 17.59305 17.60394 17.66645 17.59914 17.37824 17.25595 17.01168 16.65957 15.9967 16.14599 16.35584 16.16452 16.17072 17.20262 17.92222 18.04663 18.19201 18.43294 18.54079 18.50545 18.72323 18.5452 18.58878 18.46749 18.41975 18.50086 18.67842 18.84391 18.80154 18.6753 -9999 -9999 -9999 -9999 -9999 -9999 -9999 -9999 -9999 -9999 -9999 -9999 -9999 -9999 -9999 -9999 -9999 -9999 -9999 -9999
