features/re_bio19.asc
ncols         768
nrows         589
xllcorner     124.299398925
yllcorner     32.893460211367
cellsize      0.010567299164062
NODATA_value  -9999
[rows 306 to 339 of 589, columns 308 to 384 of 768]
183.7 183.7 189 190.1 190.2 191.8 195.2 195.7 194.6 193.8 191.6 191.2 188.4 183.9 179.4 177.8 181.5 191.2 190.7 188.8 192.5 174.9 171.2 176.4 181.5 181.6 173.6 174.7 180.8 187.3 185.1 178.3 178.7 182.5 181.9 180.1 175.1 173.7 176 181.2 183.5 181.7 184.9 184.1 179.7 173.4 171.4 166.9 166.5 173.4 174.5 169.9 174.8 176.8 169.1 164.2 158.1 154.9 153.1 151.1 148.5 149.9 151.1 151.4 154.5 158.4 156 157.4 153.6 147 145.4 144.3 140.8 135.3 133.9 132.7 132.3
185.4 184.6 190.7 193.9 192.1 191.1 191.5 192.6 191 190.1 189.4 186.4 184.5 181.8 178.6 178.5 180.8 187.1 194.3 204.2 199 187.3 179.9 183.9 192 183.5 178 180.4 188.2 184.3 180.1 179.4 179.9 180.8 180.6 178.4 174 175.5 177.4 181.2 186 189.3 191.4 189.3 180.8 181.4 178.3 172.5 168.2 169 173.1 178.4 178.1 177.6 171.7 166.2 160.4 157.7 158.7 154 150.6 150.8 150.5 154.2 158 158.9 158.5 150.4 156.6 153.8 147.2 146 138.2 136.5 135.3 133.4 132.4
189.1 186.9 191.4 189.7 189.2 186.1 186.6 187.3 186.7 186.2 185.5 181.2 181.4 181 180.2 179.6 181.2 187.4 195.5 213.7 199.2 191 187 190 197.3 198.1 191.9 177.6 183.6 183 178.4 177.5 177.1 180.2 180.3 174.3 179 182.3 183.2 186.8 190.3 197.5 201.9 193.5 185.7 185.3 185.2 176.9 173.5 170.7 173.4 178.2 175.2 174.6 174.8 172.8 166.6 163.4 159.9 158.1 156.3 151.7 151.1 156.6 160.6 159.1 157.8 151.6 152.3 155.4 149.3 144.7 144.8 140.2 139.7 135.1 134
194.7 188.1 187.7 185.2 187.6 187 186.5 187.5 187.9 187.5 183.5 179.6 180.2 178.7 179.6 186.8 192.4 197.2 202.6 218.9 205.8 200.5 202.7 201.4 200.2 200.2 190.7 180.1 181.6 184.8 185.2 182.4 180 182.2 185.7 181.3 186.9 183.3 184.7 190.4 196.1 199.9 201.5 195 189.2 191.2 193.8 184.3 177.3 176 179.8 177.2 174.9 174.6 174.7 176.6 170.1 166.1 163.5 160.9 161.9 155.1 153.3 157.4 159.8 160.7 157.3 155.4 151.5 151.5 147.2 142.4 145.4 145.1 149.5 140.6 138.4
192.8 188.3 183.9 184.5 188.3 190.6 188.2 189.2 192 190.3 185 183.7 181.5 179.4 184.5 189.5 192.8 198.8 205.8 216 210.5 211.4 204.7 196.5 191.5 190.5 190.7 187.8 184.6 183.1 187.1 185.9 182.6 185.4 189.1 187.2 187.9 183.2 190 194.9 196 193.8 195.9 197.7 194.7 197.8 201.4 198.5 190.2 188 189.4 192.4 185.4 181.6 184.5 185.1 175.2 171 168.4 164.9 159.7 153.4 152.4 153.9 156 155.6 153.2 152.5 147.3 150.1 148.7 148.9 144.5 141.6 139.7 138.3 138.2
185.9 184.4 185.1 189.5 190.9 192.6 191.3 191.8 192.9 191.6 187.1 187.9 186.3 185.8 187.7 190.2 193.7 197 204.6 205 208.8 211.8 203.4 193.4 186.4 183.6 183.5 191 188.4 184.8 187.4 184.9 180.9 184.2 188.8 188.7 188.6 181.9 187.9 191.8 190.2 190.4 191.2 198.1 206.6 205 202.4 202.4 200.3 192.6 187.6 188.9 199.6 196.2 197.7 196.1 189.3 181.6 175.1 169.1 159.7 153.8 151.8 150.7 150.6 149.3 150.2 152.8 150.8 150.5 150.4 150.5 145.7 145.1 145.2 140 142.1
184.8 187.2 185.8 188.4 193.7 196.2 193.1 191.7 191 189 191.1 198.6 197.2 194.2 191.5 194.6 200.5 205.5 211.8 198 198.7 196.6 197.6 194.4 189.1 186 186.4 191 191.4 187.9 186.6 183.5 182 188.5 193.8 191.4 184.3 182 187.4 189.7 188.9 189.6 195 202.4 202.7 202.7 197.5 193.5 191.9 187.5 186.5 191.5 198.4 196.5 200.7 196.5 189.4 182.8 176.2 168 163.7 159.6 158.3 156.2 154 150.8 151.4 151.1 151.2 148.8 151.6 151.3 148.8 147.3 147.4 143.5 141.8
189.5 190.5 190.7 192.8 193.7 195.7 195.2 192.3 190.7 190.8 197.5 200.1 207.1 201.8 196.4 198.3 204.2 211.5 217.8 196.9 194.1 188.5 191.7 195.8 193.7 188.5 187.7 191.4 193.8 191.4 190.2 186.6 184.7 188.8 191.2 187.9 184.5 183.7 186.7 189.5 187.8 190.5 196.9 198.3 197.4 193.3 188.8 186.5 187.2 190.1 194.3 194.4 192.2 190.7 193.8 192.3 184.2 176.7 170 166.5 166.6 163.3 161.6 158.5 155.5 154.4 153.6 155.7 154.7 151.8 153.2 153.4 153.6 150.4 148.4 149 147.4
192.4 191.3 195.5 194.1 191.2 191.2 195.5 195.2 189.6 192.9 192.8 196.8 198.6 204.5 207 204.2 212.7 213.6 203.9 193.2 192.3 192.3 191.4 194.5 194.3 190.6 189.4 193.4 197.1 195.7 194.6 188.1 186.2 186.9 188.7 184.4 181.3 185.1 190.5 190.8 188.8 187.5 192.1 195.2 192.1 187.2 185.6 189.1 191 191.7 193.7 192 190.4 183.2 190.7 186.2 178.1 172.7 169.2 166.2 166.5 164.1 162 159.3 158.4 156.9 154.5 153.9 153.3 151.3 152.2 152.9 151.5 150.6 151.9 155.1 152.2
189.6 190.3 193.9 196.9 200.9 198.5 196.8 196.8 196.1 196.6 200.7 203.1 201.6 205.9 213.7 215.7 208.7 201.6 200.9 191.4 188.9 193.4 193.5 192.2 192.7 191.9 191.8 193.1 197.5 196.6 191 188.9 184.2 184.4 184.9 185.2 181.3 184.9 189.8 193 190.1 188.6 189.9 190.3 188.1 185.8 188.9 191.6 193 192.2 186.8 186.1 184.2 179.3 179.9 178.2 175.8 172.4 170.7 168.6 170.8 169.5 163.2 159.5 159.4 159.7 157.8 154.7 153.6 152.5 151.1 152.4 150.3 151.1 153.8 153.9 148.7
193.3 192.6 195.2 195.7 200.1 202.3 199.9 199.5 198.9 203.1 209.6 212.9 212.1 215.7 208.7 205.5 200.4 197.4 197.6 191.8 190.9 193.1 196.1 193.6 193.8 191.9 189.9 194.2 193.5 193.4 189 186 182.4 183.9 186.1 188.5 183.8 184.5 187.3 192.6 192.6 191.8 191 188.5 187.2 189.1 190.1 191.9 191.8 188.2 182.1 177.5 188.4 185.6 176.2 176.7 173.2 171.2 173.4 171.3 165.4 164.9 163 160.6 157.7 156.5 155.1 155.6 156.6 153.3 150.8 152.4 149.7 151.6 152.9 150.3 145.8
196.2 199 200.5 202.5 197.6 194.9 197.2 199.8 200.4 204.6 212.4 219 222.1 211.9 203.1 197.4 194.9 191.2 190.9 190 191.6 194 192.2 192.9 193.2 190.9 189.8 188.8 190.1 190.9 183.9 185.5 187.2 184.7 185.1 188.8 183.8 184.4 186.1 190.1 190.5 191.1 191.2 187.1 187.1 187.9 187.5 189.2 191.2 182.9 175.6 176.7 187.7 188.7 177.5 173 169.5 170.6 173.6 173.4 166.5 163.4 163.5 162.4 161.8 160.3 157.6 155.3 155.6 155.2 153.2 152 151.3 150.3 150 150.7 149.2
197.3 203.8 205.2 206.8 203 199.4 197.9 199 201.5 204.8 209 215.4 213.8 211.6 209.1 203.8 198 190.4 188.7 187.6 190.8 193.5 195 199.4 198.3 191.9 187.9 186 184.8 183.7 183.1 187.2 189.6 186.4 184.8 185.7 184.7 182.4 184.2 187 190.3 190.2 188.1 186.1 183.9 182.9 183.8 187.2 190.3 187.4 183.2 180.2 180.9 185.2 177.4 172 169.2 168.2 169.5 169.8 167.7 169.5 169.7 165.7 163.8 162.9 160.1 157.4 156.4 153.8 153.2 150.3 151.4 150.3 149.8 151.4 151.6
199.3 200.6 200.1 203.3 201.1 202.7 203.6 203.9 204.7 202.3 201.2 202.9 201.5 202.6 201.6 204.6 203.4 198.5 193.5 195.8 198.1 196.5 199.7 202.9 197 190.9 185.9 183.4 181.5 180.9 181.7 186 188.6 187 183.7 184.2 184.2 180.8 183.4 187.5 190.5 189.5 185.2 184.1 184 184.8 187.3 188.4 190.5 187.3 181.9 177.8 175.5 174.9 174.2 172.2 168.8 166.6 165.3 167.1 169.4 175.4 171.5 165.5 162.2 160.6 158.9 157.6 158.1 155.9 152.9 151 151.2 151.5 150.9 148 146
199.1 200.1 199.9 201.8 199.8 200.3 204.1 203.5 201.6 199 198.1 200.9 199.1 196.7 194.6 197.9 202.5 202 197.5 201.7 203.8 207.6 204 202.3 195.7 188.7 185.7 183.2 181.2 181.8 182.3 187.7 190.7 190.1 186.8 186.4 183.9 182.6 182.2 185.9 187.7 187.9 184.6 183 183.8 184.9 187.3 185.9 188.5 186.6 182.5 176.6 173.1 171.8 168.8 170.5 168 166.3 165.4 167.2 168.7 -9999 172.2 168.8 167.3 165.4 161.8 157.4 156.4 155.1 153.9 156.9 150.4 148.1 148.7 149.3 148.5
201.4 205.7 200.9 198.5 197.2 199.1 204.7 199.4 197.6 196.3 200 203.8 201.3 195.5 193.5 197.6 202.7 208.8 207.8 206.4 211.2 208.4 204.1 196.7 190.1 189.2 188 185.3 185.9 181.3 180.6 185.7 193.7 191.8 186.7 185.7 183.7 184.4 186.2 186.3 185.7 186 183.6 182.4 181.9 182.9 183.9 182.3 186.8 189.3 185.8 181.2 176.2 172.9 169.2 167.6 169.2 168.1 164.6 163.9 166.4 167.7 171.1 168.6 164.4 163.8 162.3 160.7 159.9 155.1 153.8 158.4 152.4 152.3 151.4 151.3 154.4
212.2 208.6 201.1 198.2 200.4 206.1 202.3 193.6 192.8 197.2 200.5 201.1 200.7 198.3 197 201.4 206.5 208.7 210.6 204.6 202.7 205.6 209.4 207.5 199.8 196.4 195.3 188.4 183 179.9 178.1 183.1 184.8 183 180.1 178.7 177.9 180.9 183.1 181.4 179.7 180.8 183.7 182.5 178.1 177.5 177.3 180.1 181.9 183.1 184.8 183.2 178.5 177.4 172.5 170.1 169.6 167.2 163.3 162.5 161.4 162.4 162.8 165.6 160.5 158.7 157.9 156.1 155.8 155.7 154 153.3 151.2 149.2 149.8 148.3 145.7
222.6 216.9 200.9 200.1 210 216 209.8 195.5 198.2 204 209.1 206 202.7 200.6 199.1 197.7 198.9 200.7 205.4 204.9 200.2 203.1 208.5 202.1 200.8 195.7 192.8 188.1 182.9 179.7 179 182.1 183.7 181.1 179.5 178.3 177 176.7 177.5 179.1 182.3 183.7 185.3 182.6 179.5 175.4 176 179.2 181.2 181.6 183.6 184.4 183.1 182.4 174.7 169.9 168.9 166.2 164.8 162.8 162.6 162.6 161.9 162.6 161.9 161.1 159.1 156.3 155.6 156.5 154.1 154.3 152.4 149.9 150.7 151.6 148.7
218.9 212.5 201.1 203.9 210.7 214.3 199.4 193.1 198.9 204.7 202.8 200.6 199.2 197 195.6 194 195.2 199.3 204.3 206.1 197.7 199.2 199.5 195.7 196.9 195 189.4 185.1 182.2 180.5 179.6 179.7 182.8 180 177.8 178 176.7 176.6 176.3 177.6 179.5 183.1 185.6 184.6 181.1 178.5 176.9 182.3 182 184.2 184.7 185.2 188.8 190.2 172.6 168.2 167.6 166.9 166.5 164.4 161.1 160.3 159.8 161.5 158.7 159.6 157.6 155.4 156.3 156.9 156.7 153.4 152.9 149.3 146.9 148.8 148.1
221 212.6 207.9 206.2 204.7 206.7 195.8 192.8 199.3 203.5 201.9 197.7 196.4 195.1 193.1 193.9 198 202.8 208.9 207.8 197.1 193.9 193.4 192.4 197.4 196.8 192.4 188.1 184.5 181.8 182.1 181.2 183.5 179.9 177.3 176.5 176.1 177.4 178.5 179 180.3 181.1 181.7 185.8 183.4 180.6 182.1 185.4 186.3 189.1 189.2 187.6 188.1 186.6 171.7 170.7 166.5 164.2 162.8 163.9 162.5 159.2 158 156.8 154 154.1 155 155.9 156.5 155.5 155.8 154 151.7 151.2 146.6 146.2 -9999
221.1 219.2 215.9 207.6 206.2 213.9 197 195.3 202.2 203.7 200.5 196.5 194.4 192.2 195 196.8 197.7 200.6 209.3 211.2 199.7 192.9 191.6 191.7 194.1 196.5 193.7 190.1 188.9 187.5 184.9 186.2 187.9 182.6 179.4 178.3 177.8 177.5 179.6 179.5 184.1 181.3 179.1 180.7 181.7 180.6 185.2 188.8 185.9 188.2 191.8 189.8 184.1 181 172.1 167.3 169.9 169.6 167.9 164.7 162 159.9 158.7 157.6 158.2 155.5 157 154.6 153.7 152.7 152 150.5 148.6 149.5 145.5 147.4 147.8
217 220 224 215.3 208.2 212.3 205.9 205.8 204.2 202.3 198.6 196.1 195.2 194.8 200.6 197.5 199.4 208 211.6 208.8 203.3 198 191.7 187.9 189 190.1 194.4 194.3 191.8 191.2 189.3 190 188.5 185 181.3 179.3 178.3 178.4 179.5 180.5 182.9 182.7 182.6 181.6 183.3 185.3 188.2 189.4 182.9 185.5 188.5 184.6 182 178.6 173.3 169.3 171.9 171.8 172.9 171.1 171.1 168.8 165.4 162.9 158.6 159.9 159 155.3 154.7 154.2 152.5 152 149.7 151.5 147.7 147.7 150.7
214.2 221.5 228 218.7 212.2 215.1 210.3 209.4 206.2 205.1 203.6 201 198.3 197.1 194.2 196 200.9 205.3 203.6 206.3 207 203 194.8 189.5 187.2 187.6 191 190.8 190.2 190.1 187 187.6 186.3 187.6 183.1 180.7 178.5 177.8 178.7 180.9 182 182.3 183.4 182.8 186.1 187.9 187.4 189.6 184.5 183.5 182.3 179.8 178.5 177.8 174.5 171.3 172 172.1 172.2 171 169.1 167.6 166.3 161 158.9 158.2 158.2 156.1 155.4 154.8 155 152.7 150.7 160.3 155.8 151.6 149
219 231.6 236.4 232.1 225.9 226.9 211.8 211.4 206.3 203.6 202.7 202.4 202.4 200.2 194.9 197.9 196.4 199.4 197.4 203.4 200.8 195.1 191.8 187.8 188.8 187.5 189.5 188.9 188.4 189.3 187.3 187.9 189.6 186.4 181.6 181 180.7 180.1 181.9 180.8 180.1 178.8 179.1 182.4 186 185.6 183.9 184.7 182 181.3 176.9 177.2 177.9 177.8 175.2 172.9 170.8 169 167.8 166.4 165 163 163.5 163.4 163 163.1 155.4 153.8 154.5 153.2 152.1 150.9 151.8 157.5 156.9 152.1 148.5
233 243.3 243.7 248.8 248.8 234.9 211.1 214.9 212.1 210.4 209.8 208 202.9 198 198.1 200.3 196.9 196.6 194.8 194.3 194.6 191.4 187.2 187.5 185.8 185.3 188.1 189.9 191.9 189.1 185.7 187.7 185.3 183.8 182.4 182.8 183.6 182.2 180.2 179.7 179.7 178.1 176.9 179.6 182.2 184.1 183 181.7 178.5 180.2 177.2 177 178.2 177.1 176.3 173 167.5 166.5 165.9 165.1 163.2 161.1 159.5 159.8 158.3 157.9 156.1 151.6 152.3 153.1 153.3 156.3 154.1 149.5 148.2 149.8 148.8
239 237 241.5 250.4 254.6 231.7 212.9 223.3 221.4 215.3 213 208.9 202.2 200.6 204.9 207.8 203.7 200 195.5 190.3 190.2 189.3 186.9 185.6 183.6 184.8 186.7 188.9 192.7 189.8 186 190.1 183.2 182.3 183 183.1 184.6 181.7 183.5 182 179.1 179 179.4 180.4 184.2 186 181.4 179.3 179.1 181.5 181.7 178.9 177.3 177.2 173.2 169.6 167.1 166.3 163.9 162.5 161.3 159.3 158.3 159.3 155.9 153.7 155.4 151.2 150.1 152 154.4 158.5 158.3 161.2 153.2 149.3 146.9
231.9 227.4 241.9 242.9 236.9 225.9 211 218.2 228.3 226.5 218 209.2 204.8 206.4 212.2 214.8 206.6 205.7 202.6 191.9 191.6 189.3 187.7 184.9 183.4 184.5 187.5 187.8 188 187.2 188 187 181.9 184.4 185.1 185.8 186.2 187.4 186.6 181.3 180 184.2 185.3 185.8 184.1 181.5 177.9 178.5 180.9 181 179.9 181.4 177.1 174.4 170.5 168.6 165 164.6 162 162 160.3 156.7 154.9 156.7 154.3 154.7 151.8 150.4 151.8 153.2 155.9 160.3 155.7 163.7 163.8 162.2 152.5
223.3 225.9 229.1 225.5 218.6 214.5 210.6 205.9 213.8 213.4 216.4 221.8 225.9 230 233.3 229.2 228 223.9 212.7 198.7 192.9 187 184.1 181.8 180.1 182.5 188.7 187.1 186.7 188.2 188.9 184.7 183 185.2 185.7 186.2 187.7 188.5 182.4 182.5 183.4 187 184.7 181.5 180.4 181 178.2 178.9 181 177.9 177.5 178.1 176.3 175.2 171.5 167.9 163 160.6 162.1 161.8 158.4 155 154.9 155.2 153.5 152.5 153.2 151.5 150.8 152.9 154.7 157.7 157 151.6 151.9 157.6 -9999
227.5 209.4 220.8 213.2 218.6 235.2 224.3 214 200.2 203.7 212.3 226.5 226.9 222.1 227.4 231.9 231 230.5 210.8 193.9 190 186.7 186.7 180.6 183.8 183.9 188 193.1 192.9 189.7 186.5 184.7 185.7 187 188.6 191.4 193.3 184.6 180.9 179.3 179.4 182.1 181.3 180.9 182 182.6 179.7 177.6 179.3 175.4 175.2 177.4 174.7 173.4 168.2 165 160.9 160.5 163.9 159.2 154.2 152.6 152.8 152.3 150.8 150.6 153 150.4 148.5 151.1 150.8 151.1 155.4 151.3 154.1 152.8 147
218.2 203.7 206.8 211.6 223.3 227.6 223.7 212.1 193.6 200.6 203.7 216.9 219.8 212.5 214.9 216.7 218.9 225.4 207.8 190.9 185.3 184.4 184.1 181.8 191.3 185.2 186.8 198.3 198.9 193.8 189.9 188.6 189.4 188.3 192.4 192.5 188.5 183.3 180.8 178.8 179.7 178.5 179.3 179.9 178.9 177.6 178.2 176.2 175.9 173.7 176.3 175 172.6 169.3 164.4 162.4 159.2 152.6 153.9 152.8 151.9 150.2 149.9 150.4 150.1 149.6 148.3 149.6 150.9 151.6 150.3 149.3 152.5 147.1 151.7 147.4 145.7
209.9 199.3 216.5 224.6 218 208 202.4 198.7 189.4 195.4 204.4 214 209.3 205.4 214.5 216.3 204.9 212.6 208.5 189.4 183 180.9 180.3 182.2 187.1 182.1 184.4 192.8 195.2 196.8 196.8 196.3 199.3 192.7 190.2 188.1 186.2 185.4 184 183 185.2 185.2 181.6 178 177.5 177.3 176.3 175.3 175.9 178.5 175.9 171.9 168.8 165.3 160 156.3 153.4 150.7 149.4 149.3 149.6 149.7 150.6 152.5 152.6 150.2 149.6 147.4 154 155 153.5 150.9 150.9 151.9 150 150.2 148.1
197.7 202 216.8 222.3 214.2 198.5 194 199.4 189.3 195.9 211.8 218.5 205.2 202.2 206.7 197.3 192.1 197.2 204.2 186.3 183 180.9 178.6 179.9 183 179.5 189 190.3 193.6 197 197.3 203.2 202.5 194.9 192.4 190.5 186.6 189.2 188.6 190 191.2 187.8 186.8 181.3 177.6 176.1 175 175.1 176.8 177.9 175.4 172 169.1 166.7 157.1 153.5 153.4 149.9 149.2 148.2 150.1 149.9 152.5 154.1 155.7 159 150.7 147.3 149 151.2 154.6 156.6 154.5 154.6 157 156.5 149.7
205.2 209.9 217.1 215 207.9 201.4 198.2 193 190.3 198 206 207.6 198.7 195.6 197.9 191.5 191.5 198 205.4 184.7 181.7 179.2 177.5 178.7 181.9 184.3 191.6 192.5 196 195.2 193.9 195.6 198.9 192.9 193.5 196 189.1 191 192.7 193.3 190 187.6 186 179.3 175.7 174.5 173.1 175.2 174.2 171.1 169.1 166.9 164 162.5 154 153.2 153.8 153.1 153.4 149.4 153 152 153.6 158.1 161 159.3 151.8 150.7 148.9 150.5 152.9 153.7 155.8 156 161.8 156.9 150
192.4 199.6 208.7 209.3 206.1 204.3 205.6 199.2 198.8 188.9 192.7 192 190.6 191.4 190.1 187.5 187.9 189 188.6 183.4 181 178.1 178.6 182.3 184.2 183.3 190 194.2 197 194.4 193.3 196.6 200.5 198.4 200.5 197.8 190.3 193.3 194.3 191.6 186.8 184.9 181.3 176.9 174.9 174.4 173.5 174.9 174.9 171.9 170.5 165 163.1 160.7 154 154.1 157.3 156.8 154.2 151.4 151.7 153.9 156 157 160.7 158.1 152.4 151.4 150.8 152.6 155 154.8 158.1 161.4 162 153.8 151.6
