features/re_bio11.asc
ncols         768
nrows         589
xllcorner     124.299398925
yllcorner     32.893460211367
cellsize      0.010567299164062
NODATA_value  -9999
[rows 96 to 127 of 589, columns 360 to 431 of 768]
-0.8510753 -1.023041 -0.3927035 -0.2795699 -1.496659 -1.310753 -0.362788 0.4578725 0.8579877 1.24712 1.331106 0.3919355 -0.4904378 -0.9135945 -1.019201 -1.271006 -2.008602 -1.003226 -1.349424 -1.277343 -1.905146 -1.93702 -2.124616 -2.120545 -1.949654 -1.317204 -0.8605223 -0.8873656 -1.079109 -2.143395 -3.028341 -3.214708 -3.163479 -2.754148 -2.196006 -2.614209 -2.418702 -2.90361 -2.066052 -1.176267 -0.7323349 0.2578725 1.341398 2.275384 3.117358 3.753725 4.041167 4.12788 4.45672 4.440092 -9999 -9999 -9999 -9999 -9999 -9999 -9999 -9999 -9999 -9999 -9999 -9999 -9999 -9999 -9999 -9999 -9999 -9999 -9999 -9999 -9999 -9999
-0.9830261 -1.400461 -0.409447 -0.4718126 -1.239593 -1.021467 -0.3526114 0.4428571 1.082604 1.352765 0.9761137 0.2033026 -0.6037635 -1.235983 -1.689708 -1.999386 -1.924693 -1.596889 -2.251805 -2.535791 -2.615783 -2.278955 -2.402573 -3.902266 -4.000346 -2.895929 -1.908833 -1.438902 -0.8810292 -1.120161 -1.497696 -0.8456605 -0.4865592 -0.3148234 -0.252381 -0.8976575 -0.6232719 -0.9099846 -0.4477343 0.2926267 0.2180876 1.422619 2.419508 3.079877 3.397043 3.777458 4.234946 4.453648 4.590476 4.775999 4.798502 4.841782 -9999 -9999 -9999 -9999 -9999 -9999 -9999 -9999 -9999 -9999 -9999 -9999 -9999 -9999 -9999 -9999 -9999 -9999 -9999 -9999
-0.7492319 -0.9436636 -0.5522658 -0.2579493 -0.02154378 -0.1436252 -0.1147465 0.3254608 1.100999 1.555184 1.05096 0.5043779 0.2600999 0.01950845 -0.2759601 -0.5289555 -0.8066436 -2.157258 -2.745085 -2.559063 -1.687865 -1.32619 -1.455299 -2.352919 -2.866014 -2.142972 -1.403955 -0.9040707 -0.390937 -1.359409 -1.912596 -0.5589094 0.7637481 1.378571 1.328725 0.9885561 0.9629416 0.8046467 1.323579 2.046045 2.262058 2.426997 2.802304 3.431528 3.841897 4.085676 4.264286 4.444931 4.50361 4.418856 4.684562 4.839055 4.845584 4.827535 -9999 -9999 -9999 -9999 -9999 -9999 -9999 -9999 -9999 -9999 -9999 -9999 -9999 -9999 -9999 -9999 -9999 -9999
-0.7493855 -0.8680108 -0.2041091 -0.434831 0.4030722 0.4508064 0.8927035 1.265246 1.420622 1.564631 0.7425115 0.07611367 -0.3799923 -0.3811828 -0.1561444 0.008294931 -0.1296467 -0.6451613 -0.9609447 -1.120891 -1.243318 -0.5965438 -0.43798 -0.3581413 -1.760062 -1.129263 -0.4695852 -0.2653994 -0.2572965 -1.557143 -1.874194 -0.5851766 0.2187788 0.9184332 1.581567 1.865015 1.877343 2.098157 2.384985 2.44063 2.522888 2.827803 3.097849 3.379724 3.927803 4.305338 4.485638 4.59086 4.858141 4.795699 4.786367 4.797312 4.876037 4.895469 -9999 -9999 -9999 -9999 -9999 -9999 -9999 -9999 -9999 -9999 -9999 -9999 -9999 -9999 -9999 -9999 -9999 -9999
-0.6079493 -0.5193933 0.2484255 -0.5146313 -0.08713517 0.3990399 1.291436 1.696083 1.405952 1.028111 1.337903 0.0672043 -1.048118 -1.247043 -1.304685 -1.309716 -0.7706989 -0.7569892 -0.8308756 -0.8652458 -0.9916283 -0.4862519 0.06658986 -0.4395161 -0.7793779 -0.1945084 0.2192012 -0.1187404 -0.7589478 -0.7971198 -1.278495 -1.783487 -0.7569892 0.1261905 0.2318356 0.02077573 0.4120968 1.618548 1.345123 0.9892089 1.129224 2.327803 3.618472 3.213134 3.974808 4.401267 4.642896 4.865438 4.798003 4.908602 4.765514 4.542934 4.69159 4.834293 -9999 -9999 -9999 -9999 -9999 -9999 -9999 -9999 -9999 -9999 -9999 -9999 -9999 -9999 -9999 -9999 -9999 -9999
-0.002112135 -0.4747312 -0.4435868 0.7647465 0.1291475 0.3933564 1.37619 1.75745 1.052035 0.2859831 1.491283 0.4786866 -0.5780338 -1.121966 -1.558986 -1.901613 -1.823233 -1.766667 -1.248157 -1.315361 -0.8931643 -0.4178571 0.3192396 0.01455453 0.1324501 -0.131874 -0.1787634 -0.1989247 -0.5687404 -1.168625 -1.991974 -2.884063 -2.73871 -1.946697 -1.30384 -1.075998 -0.6390937 -0.2233103 -0.1920891 0.4524578 1.107143 1.513825 2.740207 3.661214 3.866321 4.029915 4.269048 4.553879 4.72212 4.742396 4.283333 4.140592 4.493203 4.645084 4.400922 -9999 -9999 -9999 -9999 -9999 -9999 -9999 -9999 -9999 -9999 -9999 -9999 -9999 -9999 -9999 -9999 -9999
0.7026498 0.31202 -0.04711981 1.605261 1.425422 1.499501 1.092051 1.349923 1.107181 0.3299155 1.24881 1.071352 -0.05545315 -0.7183564 -0.8855607 -1.197043 -1.809754 -1.594931 -0.5289171 -0.599232 -0.3193932 0.03978495 0.3932412 0.4074501 0.1407066 0.001689708 -0.3727727 -0.8325653 -1.404877 -2.152842 -1.562634 -3.241091 -3.035254 -2.243971 -1.627227 -1.291283 -1.010215 -0.8851383 -1.056413 -0.6023042 0.05034562 0.8379416 2.072197 3.278879 3.955914 3.456068 3.43053 4.134447 4.739439 4.30795 4.07573 4.12596 4.349923 4.499309 4.506452 4.554532 -9999 -9999 -9999 -9999 -9999 -9999 -9999 -9999 -9999 -9999 -9999 -9999 -9999 -9999 -9999 -9999
-0.265937 0.07884025 0.2261905 1.680107 1.255837 1.367896 1.177535 0.8396698 0.3133641 -0.2032642 0.04639017 1.070545 0.5195469 0.01950845 -0.3241935 -0.7811444 -1.308257 -1.201344 -0.1733871 0.1029954 0.6440092 0.5206221 0.2819508 -0.4025346 -0.212788 -0.1158986 -0.1332181 -0.2641321 -0.6074501 -1.118433 -1.506375 -2.377112 -3.108218 -2.512404 -1.496889 -0.9188172 -0.8674731 -1.062212 -1.6798 -0.9971966 -0.04704301 0.8558372 1.914439 3.304762 4.066052 2.773733 2.657872 3.777419 4.707105 4.553418 3.936367 4.160368 4.248656 4.357834 4.510215 4.756721 4.834869 -9999 -9999 -9999 -9999 -9999 -9999 -9999 -9999 -9999 -9999 -9999 -9999 -9999 -9999 -9999
1.161482 0.9441244 0.6732719 1.461521 0.621659 0.2862903 0.2894009 -0.3001152 -0.8255376 -0.9086022 -0.6823733 0.1985407 0.6951229 0.4559524 0.1235791 -0.203533 -0.6190476 -0.9135177 0.4569893 0.312596 0.08798003 -0.1622504 -0.06501536 -0.252381 -0.1948541 0.1027266 0.05533794 0.1632105 0.3881336 0.1758448 -0.9187788 -2.424846 -2.734869 -2.591052 -2.125998 -1.359639 -0.6615207 -0.7853687 -2.069278 -1.355415 0.1517665 1.709869 2.610714 3.137327 4.049347 2.539362 2.33629 2.988902 3.68245 4.505338 4.402611 3.91755 4.097619 4.01659 4.040476 4.568011 4.73053 -9999 -9999 -9999 -9999 -9999 -9999 -9999 -9999 -9999 -9999 -9999 -9999 -9999 -9999 -9999
1.453379 1.403495 1.223848 1.29735 1.369048 1.243587 1.060868 0.6085637 0.0483871 -0.4215438 -0.6650922 -0.6014977 -0.1707373 0.6062212 0.5673195 0.4565668 0.5002304 0.3730415 0.5561828 0.4259601 0.2030338 0.2302227 0.5552611 0.5792243 0.4429339 0.2873272 0.3931644 0.4433948 0.4171275 0.1362135 -0.8811828 -2.020661 -2.945584 -2.852381 -2.542819 -1.950922 -0.9272658 -0.2951613 -1.750346 -1.516436 -0.3423963 1.188287 2.521083 3.72331 3.055568 1.713364 1.574616 2.281183 3.196198 4.045468 4.340822 4.350729 3.764478 3.600422 3.672389 4.566743 4.652765 4.794624 4.699616 -9999 -9999 -9999 -9999 -9999 -9999 -9999 -9999 -9999 -9999 -9999 -9999 -9999
1.188479 1.280722 1.087788 0.5790707 0.1383256 0.1766129 0.6841782 0.3347926 -0.2876728 -0.49351 -0.2045699 0.06916282 0.6988863 1.026306 0.8186636 0.7256913 0.856106 0.8988096 0.9249232 0.8228878 0.3735791 0.2154378 0.06555299 0.3596774 0.5318356 0.1431644 -0.1337942 -0.04919355 0.04101383 -0.3908602 -1.458026 -2.044777 -3.03245 -2.868587 -2.164055 -1.669432 -1.34328 -0.6061444 -0.967934 -1.143433 -0.1080645 1.640284 2.825346 2.74351 1.180799 1.16755 0.5322581 1.299808 2.781068 3.331298 3.721889 4.485945 4.232988 3.905338 3.456797 4.22765 4.232296 4.584409 4.498233 -9999 -9999 -9999 -9999 -9999 -9999 -9999 -9999 -9999 -9999 -9999 -9999 -9999
1.178111 1.247312 0.6512289 0.3185484 -0.08997696 -0.6158218 -0.04016897 0.172043 0.1031874 -0.437212 -1.181375 -1.139286 -0.377765 0.5445852 0.5370584 0.4708141 0.647043 0.7832949 0.6043011 0.9874424 -0.2373656 -0.5982335 -0.4566052 0.4468126 0.1796083 -0.2394777 -0.5928187 -0.6503456 -0.3997696 -0.4392857 -1.214823 -1.613287 -1.947888 -2.126498 -1.311674 -0.8870968 -1.23437 -1.179186 -0.5322581 0.06551459 1.236905 2.588095 3.192281 1.962596 1.160138 0.152765 0.2560292 1.442665 2.469624 2.611982 2.862481 3.302227 4.027765 4.303187 3.794393 4.200461 3.687212 4.159025 4.288594 4.479493 -9999 -9999 -9999 -9999 -9999 -9999 -9999 -9999 -9999 -9999 -9999 -9999
1.086828 0.712404 0.4177035 0.01417051 -0.2996928 -0.8470046 -0.3887481 -0.3142473 -0.3713134 -0.8659754 -1.489478 -1.348694 -0.7221198 -0.7493472 -0.621083 -0.131874 0.109255 0.08513825 0.4928571 0.5527266 0.04723502 -0.4652842 -0.09754224 0.7425115 -0.05879416 -0.8185868 -0.9850615 -1.035177 -0.5202765 -0.06528418 -0.4773425 -1.220315 -0.9591014 -1.245468 -0.5304148 -0.06466974 -0.3046467 -0.3852918 -0.5077957 0.6602535 2.135561 2.909908 2.914938 2.57427 2.003533 0.4002304 -0.002227342 0.2746544 1.166436 2.292089 2.981106 3.799347 3.502496 4.015015 3.954762 4.092358 3.623157 3.913479 3.546889 4.02523 4.295468 -9999 -9999 -9999 -9999 -9999 -9999 -9999 -9999 -9999 -9999 -9999
0.8586789 0.228149 0.4873272 0.5769585 0.2412442 -0.3086405 -0.7297619 -1.294508 -1.446006 -1.648157 -1.829186 -1.512404 -1.43341 -1.358257 -1.286329 -1.193625 -1.048886 -0.7374808 -0.1717742 0.1926267 0.8313364 0.7315668 0.7809524 0.7326037 0.1258065 -0.5299155 -0.2802995 -0.8254224 -0.8155146 -0.4721966 -0.3591014 -0.1490783 0.1869432 0.07860983 -0.009562212 -0.322427 -0.5081029 -0.2240783 -0.1049539 1.37596 2.735753 2.673003 1.673041 1.220084 1.788364 1.351152 0.3276882 0.001728111 0.8245392 2.009754 2.424923 2.963441 3.310714 4.005952 3.88126 3.607296 3.283564 3.389862 2.999885 3.66106 4.254916 4.643779 -9999 -9999 -9999 -9999 -9999 -9999 -9999 -9999 -9999 -9999
-0.2420123 -0.7332181 -0.008602151 0.2091014 -0.1020737 0.05602919 -0.9576421 -1.028648 -1.510753 -1.42404 -1.218011 -1.600461 -1.790438 -1.896313 -1.417704 -0.8354071 -0.4504608 -0.3026498 -0.2091014 0.3534946 1.121198 0.969278 0.6018433 0.6100615 0.9455837 0.7956989 0.9038019 0.3570276 0.427765 0.24351 -0.1271121 -0.08870967 -1.136674 -1.723272 -1.014939 -1.165323 -1.618433 -1.506836 1.872158 2.43172 1.695238 0.827381 -0.1416667 -1.125499 -1.381797 -0.5081413 -0.8884025 -0.5920891 0.4243855 1.317243 1.523003 1.795584 2.41828 2.874002 3.755952 2.669124 1.737903 1.331375 3.422811 3.378725 3.999193 4.635868 -9999 -9999 -9999 -9999 -9999 -9999 -9999 -9999 -9999 -9999
-0.28149 -0.6344854 -0.8224654 -0.6786482 -0.9189708 -0.5182796 -0.9984639 -1.012673 -1.094201 -1.081605 -1.008487 -1.104416 -1.446313 -1.961713 -1.275806 -1.042665 -0.8955453 -0.855722 -0.6897466 0.01175115 1.04328 1.159601 1.02212 0.817934 0.3446621 -0.3302611 -0.4515361 0.6041475 0.3031874 -0.6343702 -0.9621736 -0.4298771 -1.063057 -2.259601 -2.261367 -1.920699 -0.9301459 0.287404 2.619124 1.978111 1.913095 1.159908 -0.1165515 -1.33798 -1.977074 -1.620008 -2.282719 -0.9371352 0.6301844 1.435945 1.834178 2.635753 1.947734 3.237327 3.946966 2.810983 2.195622 2.23967 3.492703 3.411751 3.035369 3.639862 4.802419 -9999 -9999 -9999 -9999 -9999 -9999 -9999 -9999 -9999
-0.5213518 -0.7613287 -1.045968 -1.452573 -1.784063 -1.607834 -1.957373 -1.60096 -1.284793 -1.571813 -1.800115 -1.782834 -2.086905 -2.168894 -1.599462 -1.578571 -0.8691628 -0.3711213 -0.5465438 -0.0187788 0.7784946 0.3195468 -0.2892857 -0.8429723 -1.353456 -1.595238 -1.515092 -0.08997696 -0.7211214 -1.48437 -1.464823 -0.8519585 0.06113671 -0.2014977 -1.595776 -2.165707 -1.097811 0.4102919 1.495853 0.7354839 0.5970814 0.6874424 0.6954301 0.06359447 -1.356528 -2.194662 -1.964555 -1.328955 -0.3810676 0.4569124 1.1702 2.082872 2.626805 2.24735 3.264401 2.968126 2.076152 1.779032 2.93437 3.555184 3.995584 4.707335 5.052995 4.797581 -9999 -9999 -9999 -9999 -9999 -9999 -9999 -9999
-0.2502304 -0.6010753 -1.860753 -1.701574 -1.747773 -1.867588 -2.206375 -2.498041 -1.674117 -1.55649 -1.86225 -2.070276 -2.152765 -2.33894 -2.225346 -1.815668 -1.358295 -0.7350615 -0.0234255 0.3285714 -0.6370584 -0.9723886 -1.594355 -1.862135 -1.602151 -1.773041 -1.998733 -1.075998 -0.5784178 -0.7766513 -1.654916 -2.33725 -1.72573 -1.127765 -0.349616 -0.5968894 -1.179455 -0.5599079 1.81394 -0.04677419 -0.9826805 -1.318817 -0.1800307 0.2772658 -1.387135 -2.251766 -1.164977 -0.5063364 -0.2543779 0.4852919 1.557873 2.368279 2.944892 2.054724 2.65722 2.33149 1.758948 1.096697 2.942089 4.216475 4.6947 4.764708 4.950461 5.252189 5.405722 -9999 -9999 -9999 -9999 -9999 -9999 -9999
0.02085253 -0.8162826 -1.500154 -1.798234 -1.955645 -2.07427 -2.430837 -2.456644 -1.513863 -1.397197 -1.812481 -1.951152 -1.655952 -2.172197 -2.575192 -2.036674 -1.553034 -0.9765745 -0.1463134 0.6018433 -1.018203 -1.664132 -2.072734 -2.641936 -3.045737 -2.759639 -2.639785 -0.9558372 -2.003187 -1.546774 -1.075461 -1.835369 -2.447542 -2.163326 -0.4089478 -0.7639785 -1.43606 -0.6666282 1.385023 0.328149 -0.7852151 -1.883525 -1.834601 -1.143164 -1.193971 -2.178418 -0.4460445 -0.1928955 0.6003456 1.616014 2.156375 2.04735 2.104301 2.145507 2.310561 1.44735 1.321582 1.041782 2.312366 3.110522 3.610945 3.281682 3.196928 3.774194 4.543932 5.171544 5.56563 5.736367 -9999 -9999 -9999 -9999
-0.5552995 -2.210599 -2.322773 -2.304416 -2.348464 -2.327343 -2.510906 -2.419048 -1.917704 -1.680991 -1.847926 -1.741475 -1.235061 -1.643433 -2.323886 -2.066014 -1.377496 -0.2649001 0.6579493 0.7345238 -1.342166 -2.453955 -2.765323 -3.150768 -3.841321 -4.114823 -3.163518 -2.217243 -2.520584 -2.058833 -1.698848 -2.398733 -3.550768 -2.478994 -0.8694701 -1.306836 -2.034639 -1.829762 0.4865592 1.482373 0.7325269 -0.1855991 -1.529724 -1.519931 -0.73053 -1.496736 -0.5126728 -0.2052227 0.9871736 1.965246 1.721851 0.624424 0.462788 2.0697 1.646813 0.6264593 0.2212366 0.3421275 1.273349 1.859831 1.939862 2.722273 3.300384 3.751766 4.48629 5.399578 5.508718 5.720852 -9999 -9999 -9999 -9999
-2.063556 -2.286559 -3.214631 -3.387481 -3.593241 -3.532412 -3.026958 -2.966628 -2.48702 -1.985138 -1.769739 -1.581336 -1.195084 -0.9632488 -1.460522 -1.647619 -0.9740399 -0.004301075 0.3991168 -0.1239247 -1.877611 -2.320814 -2.739209 -3.116551 -3.847427 -4.648963 -4.001344 -3.995353 -3.848118 -3.153303 -2.924232 -3.117243 -3.055338 -1.90096 -1.08775 -1.050154 -1.632988 -2.223233 -0.5261137 -0.5170507 -0.7973502 -1.51106 -2.51033 -1.905645 -0.7018049 -1.126344 -0.764977 0.1501152 0.9448925 2.047773 2.189823 1.584639 1.608794 1.523733 0.1704301 -0.8716206 -0.9532258 -0.00718126 1.183948 1.772235 2.396044 3.264593 3.689247 4.099463 4.803571 5.318664 5.462289 5.716551 -9999 -9999 -9999 -9999
-2.329877 -1.907719 -2.296006 -2.513671 -2.485753 -2.473118 -3.093971 -3.744432 -2.942819 -2.21947 -1.651459 -1.283372 -1.028994 -0.7703149 -0.5884408 -0.4798771 -0.5339478 -0.2730031 -0.04965438 -0.372811 -2.134178 -1.252112 -1.687442 -2.311098 -2.936751 -3.607181 -3.924155 -4.231797 -4.714363 -4.276344 -4.273502 -3.983218 -2.819201 -2.175307 -1.581298 -2.138594 -2.595161 -2.284678 -2.616705 -2.308833 -2.107988 -2.600806 -2.952803 -2.672581 -2.131644 -2.009178 -1.811175 0.3423195 0.04592934 0.6271122 0.5490015 0.5054916 1.62523 1.146505 -0.7456989 -0.7408602 0.01774194 1.570814 3.028879 3.412865 4.122696 4.444854 4.673925 4.940591 5.248656 5.427727 5.575192 5.685177 -9999 -9999 -9999 -9999
-2.343932 -1.834447 -2.144701 -1.909639 -1.825538 -2.295084 -3.032988 -3.940438 -2.619432 -2.321275 -1.82331 -1.796467 -1.925845 -1.325653 -0.9096774 -0.5363287 0.0484639 0.278149 0.3127496 0.2574885 -0.2924347 0.01482335 -0.6447389 -1.613018 -2.341436 -2.535023 -2.296736 -2.569201 -3.366244 -4.05192 -4.35146 -3.630491 -2.409639 -2.158833 -2.090015 -2.357911 -2.048118 -1.694432 -2.204608 -1.605568 -1.882066 -2.002957 -1.543395 -2.229301 -3.670123 -4.133602 -2.278648 -0.4799155 -1.197657 -0.8946236 -0.4054148 0.5347158 1.708372 0.7069892 -1.187366 -0.2994624 0.2315668 1.265207 2.61755 3.473694 3.283218 3.647619 3.985407 4.257796 4.761444 5.511022 5.50073 5.690553 5.695545 -9999 -9999 -9999
-1.374808 -1.261098 -1.404531 -1.645814 -2.249117 -2.890015 -3.31851 -3.784255 -2.190438 -1.818856 -1.731874 -1.5702 -1.303648 -0.9839862 -0.6926267 -0.09135944 -0.0001152074 -0.3935484 -0.0859447 0.2359831 -0.9225038 -0.7818356 0.04496928 -0.2526498 -1.211367 -1.876306 -2.088633 -3.293548 -3.949539 -4.522926 -3.863518 -2.715207 -2.120238 -2.582565 -2.591782 -1.832604 -1.47139 -1.515092 -1.159601 -1.706989 -0.9690476 -1.266206 -1.673848 -2.087558 -2.351959 -2.631068 -3.208525 -3.000691 -2.198387 -0.6892473 -0.04289554 0.616321 1.111559 -0.740169 -1.923541 1.260868 1.515169 1.88629 3.178149 3.725461 2.728341 3.305261 3.43245 3.767012 4.459793 5.164516 5.32116 5.369931 5.475998 5.544009 -9999 -9999
-1.523963 -1.063863 -1.851651 -1.966321 -2.198771 -2.441475 -2.770353 -3.460445 -2.253226 -1.761021 -1.577151 -1.197696 -0.9262289 -1.061943 -1.148694 0.04143625 -0.841129 -0.3013057 0.02288787 -0.5803379 -1.963287 -2.167128 -1.538402 -0.9193549 -0.884639 -1.39063 -2.285637 -3.795084 -3.941897 -3.794048 -2.937366 -2.024385 -1.873233 -2.329455 -1.868472 -1.843932 -1.705415 -1.704109 -0.9390937 -0.972043 -0.8055683 -1.666091 -1.790899 -1.814401 -1.982527 -2.240745 -2.449923 -2.607988 -0.6927803 0.2327957 0.966129 1.200998 0.5331413 -0.7527266 0.3445852 2.538979 2.954032 3.433487 4.030146 4.067588 4.435561 4.815476 4.887058 5.035945 5.244508 5.374194 5.483832 5.433333 5.563018 5.589017 5.603687 -9999
-1.685637 -1.247734 -1.92861 -2.154378 -2.330261 -2.543971 -2.881183 -3.311367 -2.508141 -2.493472 -2.414132 -1.940284 -1.478725 -1.122427 -0.4082565 -0.3715438 -1.077035 -0.4847158 -0.9335253 -1.712519 -2.922811 -2.825461 -2.548157 -1.396774 -0.7675883 -0.8860983 -1.267857 -1.577189 -1.884601 -2.198579 -2.229608 -1.551344 -1.535138 -2.419777 -1.61129 -1.866475 -1.845123 -1.371966 -1.003571 -0.8410522 -0.9336405 -1.338633 -1.657834 -1.638018 -1.611175 -2.047926 -2.9399 -3.064939 -1.371697 -0.2500384 0.5991551 0.5725806 0.499232 1.786406 3.243318 4.087135 3.810177 4.017819 4.389171 4.02331 3.956336 4.036022 4.490399 4.910407 5.152151 5.317281 5.55914 5.546352 5.392281 5.473771 5.500615 5.479263
-0.7411674 -0.6262673 -1.45 -1.429109 -1.345353 -1.46828 -1.840092 -2.171966 -2.339247 -2.137366 -1.944662 -1.667704 -1.283487 -0.9137097 -0.7582566 -1.421505 -1.060791 -1.019393 -1.297811 -1.872888 -2.923272 -3.808141 -4.115553 -2.82669 -1.940707 -9999 -9999 -0.6305299 -0.3855607 -0.6911674 -0.7791091 -0.5738863 -0.849808 -1.559485 -1.332066 -1.405837 -1.053226 -0.9349846 -1.75119 -2.225192 -1.681029 -1.14712 -1.436252 -1.553687 -1.800576 -2.514286 -3.201498 -2.539055 -1.255837 0.2460061 0.0750384 0.6778034 1.908756 2.517012 2.392704 1.33702 1.95672 3.038825 3.930223 3.874501 2.08775 2.196121 3.44808 4.096966 4.614823 4.943318 4.853456 4.726843 5.011789 5.084332 5.252573 5.373925
0.2091398 0.1485023 -0.4066052 -0.2351383 -0.3170123 -0.5148618 -0.8449309 -1.40841 -2.028456 -1.973387 -1.440246 -1.22596 -0.9975806 -0.7834101 -1.030914 -1.563018 -1.083909 -0.7674731 -0.9992319 -1.503917 -2.594393 -3.368664 -3.099539 -3.017435 -2.084332 -1.298234 -1.469624 -2.183833 -1.5452 -2.420852 -1.030568 -0.8734255 -1.344931 -1.420469 -1.09086 -1.035215 -0.5448925 -0.8797619 -2.570737 -3.185561 -2.81659 -2.147734 -1.863479 -2.68364 -2.675768 -3.02957 -3.969278 -3.591436 -1.820276 -0.5620199 -0.3419355 0.8450845 1.416475 0.4625576 -0.1296467 0.260023 1.695353 3.004301 3.488441 3.241551 2.524731 1.362481 3.399539 4.059754 4.518433 4.687749 4.335369 4.189785 4.385484 4.647274 5.123272 5.343548
0.5981567 0.7509984 0.4141321 0.4445468 0.2601767 -0.2801459 -0.8675115 -1.251997 -1.647581 -1.712673 -1.378802 -1.037289 -0.9451997 -1.044739 -1.216705 -1.520891 -1.231644 -0.8761905 -1.305914 -1.725499 -2.274117 -3.037289 -1.982489 -1.866859 -1.265707 -1.455607 -2.372811 -2.898233 -3.482719 -1.647811 -1.232335 -1.10192 -1.210906 -1.245661 -1.024194 -1.422081 -1.08917 -1.562097 -2.371313 -3.419317 -4.468279 -3.799654 -3.091167 -4.261213 -4.200346 -3.989708 -4.203994 -3.800384 -2.537366 -2.071697 -0.4158218 1.123464 0.8341014 -1.023387 -1.944816 -0.2873656 1.207143 2.482681 2.857143 2.637711 2.606106 0.9243855 2.023925 3.821352 3.96275 3.218856 2.925422 3.398925 4.122504 4.918433 5.314363 5.371736
0.6982719 0.6341782 0.7237711 0.4245008 0.2256912 -0.1531874 -0.5950845 -0.8448541 -0.9958141 -1.317358 -0.9731951 -0.7048387 -0.9564132 -1.505837 -1.851651 -1.695469 -1.004685 -1.025 -1.217127 -1.257719 -1.962404 -3.035791 -1.962097 -2.329877 -2.07381 -2.012635 -2.802381 -3.797504 -2.855146 -1.9399 -1.54543 -2.16778 -2.617204 -2.434063 -2.106644 -2.345469 -1.484754 -1.362174 -2.426805 -3.092934 -4.502151 -4.145699 -4.771122 -4.869317 -4.765246 -4.310215 -3.692281 -3.42331 -4.047504 -2.701306 -0.2132104 0.294086 -0.3217742 -1.546313 -2.612365 1.042665 1.938249 1.743625 1.377419 1.43245 1.592012 1.129877 2.346697 3.155645 3.139401 2.269854 2.011405 3.659332 4.280069 5.04639 5.337903 5.242665
0.3723886 0.4247696 0.7426267 0.7204301 0.3691244 0.2430876 0.1097926 -0.1770737 -0.4366359 -0.5891705 -0.4443164 -0.6892089 -1.338633 -2.039017 -2.35215 -2.06874 -1.248118 -1.053034 -1.568203 -1.641014 -2.665169 -3.204301 -3.115169 -2.631759 -2.247427 -2.37669 -2.851421 -3.219585 -3.405492 -2.346083 -1.958641 -1.988979 -2.128763 -2.469009 -2.804608 -2.61682 -2.548694 -1.340476 -2.354954 -3.141129 -3.444969 -4.498925 -5.981029 -4.852496 -3.612365 -3.293971 -3.107335 -3.017473 -4.432834 -2.059908 0.0673195 -0.3195468 -1.820123 -2.513057 -1.569086 1.376152 0.7388249 0.0937404 -0.5402458 -0.5044163 0.6238863 2.00192 1.809101 1.764593 1.790284 2.262711 3.12235 4.116129 5.21467 5.388057 5.11275 4.78053
-0.590553 -0.6390169 0.1789171 0.7240015 0.7082565 0.6173195 0.5640937 0.3834101 0.05549155 0.1262289 -0.06079109 -0.6325269 -1.243049 -1.898694 -2.261137 -1.922427 -1.455031 -1.5702 -1.447081 -1.609639 -2.576152 -2.482373 -2.718971 -2.27043 -2.78679 -2.559716 -2.577765 -2.871352 -2.057028 -1.406336 -2.182028 -2.788979 -2.297965 -2.184985 -3.098157 -3.584101 -2.93245 -3.210177 -1.728687 -3.0101 -4.582335 -5.421121 -6.403572 -5.102842 -3.621083 -2.535983 -2.382757 -3.271659 -4.663403 -2.896083 -1.26563 -2.672043 -3.722504 -3.086674 -1.471505 -0.3364055 -0.6262289 -1.06417 -1.55672 -1.056912 0.4979647 1.242857 0.7317972 1.371774 2.013902 3.13775 4.175807 4.573886 4.780684 3.969624 4.287135 4.879839
