features/re_bio2.asc
ncols         768
nrows         589
xllcorner     124.299398925
yllcorner     32.893460211367
cellsize      0.010567299164062
NODATA_value  -9999
[rows 256 to 287 of 589, columns 432 to 503 of 768]
12.48608 12.50506 12.51542 12.51561 12.52044 12.55054 12.60896 12.89689 12.9207 12.82026 12.74256 12.71888 12.71173 12.61144 12.57114 12.70315 12.92208 13.17343 13.1458 13.60953 13.92422 13.29695 12.90235 12.95684 12.80387 12.53878 12.35682 12.31595 12.51966 12.54472 13.48257 13.59385 13.58951 13.97926 14.20899 13.47711 11.55293 11.32353 11.44994 11.07026 10.83736 10.85229 10.44515 10.66357 11.05032 10.87669 10.72393 10.72448 10.78484 10.79971 10.77243 10.88706 -9999 -9999 -9999 -9999 -9999 -9999 -9999 -9999 -9999 -9999 -9999 -9999 -9999 -9999 -9999 -9999 -9999 -9999 -9999 -9999
12.49282 12.50759 12.50163 12.50465 12.51788 12.54443 12.56 12.73143 12.8269 12.72209 12.67723 12.7792 12.78449 12.551 12.4837 12.56521 12.64079 12.76828 13.06348 13.25177 13.59173 13.37016 13.32254 13.26589 12.99841 12.78479 12.69719 12.67244 12.83666 12.84514 13.40506 13.47356 14.00681 14.55885 14.61133 14.04773 12.36673 11.72999 11.10611 11.10177 11.42905 11.30908 10.55453 10.72743 11.39264 10.75641 10.65351 10.69138 10.72718 10.73978 10.76725 10.95895 -9999 -9999 -9999 -9999 -9999 -9999 -9999 -9999 -9999 -9999 -9999 -9999 -9999 -9999 -9999 -9999 -9999 -9999 -9999 -9999
12.59445 12.47821 12.486 12.47051 12.47238 12.50928 12.54831 12.5837 12.61843 12.74433 12.71756 12.84922 13.03964 12.72131 12.42516 12.33816 12.29225 12.40615 12.73173 13.11159 13.33991 13.6317 13.41038 13.36693 13.19721 13.07382 13.05781 12.98446 12.83078 13.22628 14.00596 13.87309 14.14892 14.28566 14.31968 14.29511 12.63468 11.19916 11.42796 12.15104 11.68935 10.79003 10.56714 10.71856 11.48535 10.99974 10.69828 10.6497 10.69442 10.71565 -9999 -9999 -9999 -9999 -9999 -9999 -9999 -9999 -9999 -9999 -9999 -9999 -9999 -9999 -9999 -9999 -9999 -9999 -9999 -9999 -9999 -9999
12.51062 12.41343 12.59086 12.57993 12.42913 12.45841 12.41094 12.51655 12.7544 12.90712 12.75676 12.75194 12.93413 12.84938 12.78226 12.1679 12.49861 12.54297 12.80367 12.97311 13.13273 13.16533 13.41329 13.17956 12.96831 12.84479 12.84513 12.87158 13.0579 14.20335 14.07418 14.22988 13.70991 13.66414 14.04947 14.17868 12.78377 10.99493 12.1876 12.58637 11.52892 10.59751 10.51127 10.57875 10.77287 10.8974 10.63924 10.60316 10.62707 10.66365 -9999 -9999 -9999 -9999 -9999 -9999 -9999 -9999 -9999 -9999 -9999 -9999 -9999 -9999 -9999 -9999 -9999 -9999 -9999 -9999 -9999 -9999
12.40187 12.39018 12.40333 12.3975 12.36156 12.37578 12.36323 12.52871 12.70939 12.68259 12.64442 12.77795 12.94472 12.96005 12.89901 12.38934 12.52172 12.49498 12.66558 12.90347 12.97233 12.97439 13.08209 12.97124 12.91864 12.88184 12.8521 12.95702 13.26164 13.57907 13.7872 14.14315 14.26648 14.21196 13.81961 13.2015 12.1086 10.8567 12.4845 11.84652 11.16306 10.75557 10.58227 10.53003 10.76027 10.96634 10.5903 10.61683 -9999 -9999 -9999 -9999 -9999 -9999 -9999 -9999 -9999 -9999 -9999 -9999 -9999 -9999 -9999 -9999 -9999 -9999 -9999 -9999 -9999 -9999 -9999 -9999
12.40741 12.37349 12.37934 12.38936 12.41654 12.41151 12.39043 12.60441 12.50402 12.52953 12.55401 12.63785 12.73233 12.81927 12.93409 12.68398 12.70027 12.81471 12.81958 12.98126 13.00275 12.76578 12.96607 12.78286 13.03698 13.14645 13.13859 13.13733 13.25363 13.50691 13.60936 13.81573 14.05815 13.80418 13.64398 13.2953 12.05955 11.85301 12.72304 11.48609 10.86808 10.64303 10.65983 10.89427 10.93812 10.7202 10.48019 10.59879 -9999 -9999 -9999 -9999 -9999 -9999 -9999 -9999 -9999 -9999 -9999 -9999 -9999 -9999 -9999 -9999 -9999 -9999 -9999 -9999 -9999 -9999 -9999 -9999
12.47309 12.36399 12.36372 12.36765 12.31109 12.29439 12.41282 12.55272 12.43942 12.44041 12.45825 12.43818 12.46503 12.60197 12.7646 12.6761 12.72578 12.85762 12.8279 12.92747 12.98991 12.8415 12.84193 12.83249 13.02326 13.06876 13.0874 13.12739 13.15988 13.15194 13.22486 13.25254 13.58825 14.15678 14.09736 13.5437 12.53633 12.79583 12.71074 11.6589 10.98118 10.84969 10.90652 11.06376 11.15131 10.48673 10.3916 10.43623 -9999 -9999 -9999 -9999 -9999 -9999 -9999 -9999 -9999 -9999 -9999 -9999 -9999 -9999 -9999 -9999 -9999 -9999 -9999 -9999 -9999 -9999 -9999 -9999
12.29623 12.31738 12.28983 12.29923 12.33546 12.38567 12.47525 12.68928 12.51772 12.41567 12.35989 12.37109 12.4262 12.54176 12.6531 12.54635 12.58403 12.64143 12.68585 12.73368 12.89532 13.00871 13.02576 12.88429 12.84729 12.86372 12.85936 12.85514 13.01353 13.35351 13.70218 13.69775 13.18333 13.00591 13.38368 13.1978 12.56898 13.27138 12.84787 11.5214 11.33473 11.29767 11.20767 11.21389 11.24787 10.81962 10.49125 10.36325 -9999 -9999 -9999 -9999 -9999 -9999 -9999 -9999 -9999 -9999 -9999 -9999 -9999 -9999 -9999 -9999 -9999 -9999 -9999 -9999 -9999 -9999 -9999 -9999
12.37182 12.33877 12.33742 12.30465 12.3617 12.43736 12.47577 12.51845 12.46035 12.40337 12.36135 12.37666 12.43816 12.5199 12.6382 12.76546 12.79615 12.66216 12.66654 12.71002 12.80622 12.98299 13.2165 13.14948 13.32069 13.32588 13.43193 13.24059 13.28543 13.68421 13.72313 13.36144 13.37403 12.7172 12.86567 13.34256 12.53554 11.46038 11.16567 10.81438 11.98698 11.76561 11.2677 10.83508 10.7197 11.13671 10.75949 10.46699 -9999 -9999 -9999 -9999 -9999 -9999 -9999 -9999 -9999 -9999 -9999 -9999 -9999 -9999 -9999 -9999 -9999 -9999 -9999 -9999 -9999 -9999 -9999 -9999
12.40377 12.43565 12.36857 12.22925 12.26855 12.37688 12.42778 12.48413 12.38876 12.34084 12.41792 12.495 12.51115 12.54541 12.65579 12.8054 12.82387 12.84872 12.9685 12.82063 12.86586 12.84188 12.94411 13.29418 13.63303 13.37409 13.71893 13.64029 13.73165 13.8649 13.28459 12.87724 12.79905 12.82458 13.18735 13.03898 12.11008 12.57868 12.3794 10.5203 11.39195 11.48124 11.47493 11.35226 10.99585 10.73936 10.79167 10.29683 -9999 -9999 -9999 -9999 -9999 -9999 -9999 -9999 -9999 -9999 -9999 -9999 -9999 -9999 -9999 -9999 -9999 -9999 -9999 -9999 -9999 -9999 -9999 -9999
12.27693 12.34698 12.36296 12.35555 12.37429 12.39269 12.41576 12.45163 12.46957 12.41701 12.46948 12.48797 12.53427 12.55931 12.66976 12.84423 12.79369 12.9111 12.7923 13.042 13.05886 12.99601 13.08824 12.84943 12.95584 13.02005 13.22791 13.40872 13.84482 13.99308 13.49202 13.21071 12.56551 12.79913 12.95487 12.96647 12.61295 12.42983 12.29542 11.85422 12.52618 12.27665 11.71891 11.22942 10.91642 10.7048 10.50222 10.09179 -9999 -9999 -9999 -9999 -9999 -9999 -9999 -9999 -9999 -9999 -9999 -9999 -9999 -9999 -9999 -9999 -9999 -9999 -9999 -9999 -9999 -9999 -9999 -9999
12.34315 12.35538 12.39703 12.45294 12.48619 12.48387 12.4672 12.44795 12.47341 12.49903 12.49991 12.52871 12.66636 12.6637 12.59366 12.69366 12.91753 12.99066 13.1583 13.1212 13.13117 13.10809 12.95742 13.04464 13.04232 12.82657 12.95883 13.0668 13.31767 13.31931 13.11286 13.20138 12.78989 13.04941 13.49853 13.47082 12.4291 12.60212 12.92609 12.11344 12.25456 12.35442 11.65673 11.11229 10.86941 10.73299 10.4904 9.551551 -9999 -9999 -9999 -9999 -9999 -9999 -9999 -9999 -9999 -9999 -9999 -9999 -9999 -9999 -9999 -9999 -9999 -9999 -9999 -9999 -9999 -9999 -9999 -9999
12.56372 12.48233 12.41823 12.4929 12.49845 12.48273 12.49255 12.51051 12.50065 12.48875 12.47791 12.53875 12.56491 12.58303 12.54307 12.52477 12.64702 12.71804 12.80047 12.96848 13.28386 13.48113 13.58829 13.67844 12.96518 13.06006 13.24593 13.54825 13.51951 13.15121 12.99404 13.41675 13.57206 13.28759 13.8011 13.71491 12.6094 12.77007 12.95963 11.93595 12.16288 11.84383 11.50749 11.38591 10.8701 10.34766 10.29476 -9999 -9999 -9999 -9999 -9999 -9999 -9999 -9999 -9999 -9999 -9999 -9999 -9999 -9999 -9999 -9999 -9999 -9999 -9999 -9999 -9999 -9999 -9999 -9999 -9999
12.47719 12.47624 12.47587 12.49473 12.50535 12.50654 12.49967 12.50796 12.52899 12.52176 12.41557 12.51903 12.56004 12.58878 12.58114 12.5749 12.59495 12.61805 12.87271 12.76058 12.87851 13.01686 13.05772 12.99181 12.9101 12.96626 12.93292 12.8277 12.89502 12.96325 13.11599 13.32395 13.45003 13.3475 13.51082 13.00193 12.98359 13.71894 13.68824 12.14686 12.27171 11.6482 11.63606 11.28128 10.45874 9.822837 9.534402 -9999 -9999 -9999 -9999 -9999 -9999 -9999 -9999 -9999 -9999 -9999 -9999 -9999 -9999 -9999 -9999 -9999 -9999 -9999 -9999 -9999 -9999 -9999 -9999 -9999
12.47919 12.49354 12.48821 12.49378 12.49504 12.51725 12.5396 12.54171 12.54462 12.52255 12.41074 12.52531 12.57008 12.62885 12.62411 12.60203 12.56191 12.51997 12.70433 12.96233 12.92735 13.07964 13.2398 13.28604 13.24753 13.07613 13.03895 12.89017 12.88666 12.97141 13.07362 13.45301 13.82596 13.04269 12.65015 12.32921 13.07231 13.99772 13.86113 12.07452 11.32246 11.28084 11.05366 10.94291 10.37493 9.841126 9.57497 -9999 -9999 -9999 -9999 -9999 -9999 -9999 -9999 -9999 -9999 -9999 -9999 -9999 -9999 -9999 -9999 -9999 -9999 -9999 -9999 -9999 -9999 -9999 -9999 -9999
12.46095 12.45671 12.48176 12.51812 12.49911 12.50751 12.53855 12.61921 12.66139 12.56459 12.46246 12.53095 12.57305 12.67505 12.65108 12.63071 12.61367 12.57904 12.73784 12.99349 12.93449 12.80608 12.78965 12.93592 13.11664 13.23059 13.25681 13.37698 13.51474 13.02643 13.22928 13.69419 13.69307 13.4898 12.27022 12.2916 13.21555 13.49091 12.88624 11.81693 11.73638 11.79697 11.27479 10.28108 9.826907 9.73745 9.538977 -9999 -9999 -9999 -9999 -9999 -9999 -9999 -9999 -9999 -9999 -9999 -9999 -9999 -9999 -9999 -9999 -9999 -9999 -9999 -9999 -9999 -9999 -9999 -9999 -9999
12.45376 12.48477 12.48541 12.63924 12.48918 12.53033 12.58956 12.58333 12.52531 12.51888 12.59691 12.59243 12.67132 12.75636 12.81796 12.79526 12.7122 12.66499 12.77564 12.98436 12.97612 13.0075 12.88554 12.85319 13.04721 13.22908 13.50649 13.47244 13.56673 13.49672 13.01716 12.91457 13.23454 12.98156 12.35446 12.658 13.37892 13.09473 12.1214 11.60562 11.9959 11.67732 10.96171 10.20109 9.686336 9.566494 9.462254 9.219958 -9999 -9999 -9999 -9999 -9999 -9999 -9999 -9999 -9999 -9999 -9999 -9999 -9999 -9999 -9999 -9999 -9999 -9999 -9999 -9999 -9999 -9999 -9999 -9999
12.50971 12.52559 12.56372 12.56823 12.45175 12.55782 12.71147 12.66698 12.59739 12.59557 12.56046 12.6505 12.68857 12.89372 12.81339 12.72515 12.70287 12.76307 12.84107 12.99571 12.98383 13.01285 12.96185 12.95717 13.15414 13.30809 12.98102 13.55017 13.60505 13.55174 13.23721 13.2337 13.28124 12.71417 12.26509 12.81009 13.31187 12.82618 11.98884 11.27616 11.14777 11.00176 10.68637 9.755675 9.751607 9.484462 9.22283 9.086785 -9999 -9999 -9999 -9999 -9999 -9999 -9999 -9999 -9999 -9999 -9999 -9999 -9999 -9999 -9999 -9999 -9999 -9999 -9999 -9999 -9999 -9999 -9999 -9999
12.5301 12.46782 12.55366 12.50586 12.52937 12.58719 12.73889 12.71676 12.63797 12.65627 12.68079 12.64435 12.77179 13.13883 12.96374 12.72584 12.72698 12.81631 12.76496 12.69041 12.72462 12.64959 12.70043 12.8809 12.99636 12.93156 12.8001 13.10975 13.41578 13.42535 13.40042 13.20135 12.8976 12.76965 12.95389 13.09694 13.2367 13.05933 12.41778 11.47239 10.83363 10.41943 10.28583 9.5251 9.584996 9.492505 9.294543 9.081161 -9999 -9999 -9999 -9999 -9999 -9999 -9999 -9999 -9999 -9999 -9999 -9999 -9999 -9999 -9999 -9999 -9999 -9999 -9999 -9999 -9999 -9999 -9999 -9999
12.53601 12.56641 12.53133 12.54774 12.65791 12.63089 12.67101 12.70315 12.72216 12.72527 12.77442 12.91295 12.64973 13.03263 12.97873 13.0449 13.12377 13.07828 12.9662 12.72191 12.60174 12.60617 12.54813 12.67579 12.86035 12.86527 12.79815 13.19211 13.13736 13.60333 13.27371 12.84348 12.77698 12.98954 13.24163 13.83763 12.24234 12.68876 12.13998 11.23442 10.61254 10.0454 9.934984 9.643678 9.37253 9.179639 9.046907 -9999 -9999 -9999 -9999 -9999 -9999 -9999 -9999 -9999 -9999 -9999 -9999 -9999 -9999 -9999 -9999 -9999 -9999 -9999 -9999 -9999 -9999 -9999 -9999 -9999
12.10014 12.4182 12.54763 12.60251 12.5126 12.59729 12.69943 12.74918 12.64939 12.64869 12.85872 12.99991 12.92167 13.04921 13.44573 13.28489 13.0633 13.01456 12.89688 12.45584 12.54246 12.51382 12.49497 12.60227 12.73833 12.91165 13.13961 13.28404 12.55479 13.02864 13.06847 13.29954 13.41371 13.35615 13.32383 13.18785 11.94163 12.7436 12.39567 11.25393 10.44555 10.1399 9.456301 9.684673 9.279863 9.089697 8.989449 -9999 -9999 -9999 -9999 -9999 -9999 -9999 -9999 -9999 -9999 -9999 -9999 -9999 -9999 -9999 -9999 -9999 -9999 -9999 -9999 -9999 -9999 -9999 -9999 -9999
11.36022 11.93412 12.21082 12.51152 12.59603 12.629 12.68324 12.63128 12.61839 12.74683 12.9097 12.97054 12.9919 13.27107 13.7669 13.58168 13.29887 13.18185 12.99747 12.69963 12.51063 12.76303 12.47588 12.53716 12.86226 13.01995 12.90926 12.71974 12.56466 12.85095 13.02354 13.39903 13.17884 12.71609 12.74887 12.94973 11.61286 11.12496 11.01338 10.93356 10.61948 10.02618 9.192142 9.023845 9.064299 8.995973 8.936518 8.940835 -9999 -9999 -9999 -9999 -9999 -9999 -9999 -9999 -9999 -9999 -9999 -9999 -9999 -9999 -9999 -9999 -9999 -9999 -9999 -9999 -9999 -9999 -9999 -9999
11.41605 11.5761 11.95014 12.36065 12.58566 12.5436 12.52325 12.66225 12.70652 12.91444 13.19888 13.33018 13.35291 13.18282 13.58779 13.20088 13.06834 13.07573 13.29126 12.83632 12.48637 12.70916 12.36062 12.57333 12.75813 12.68988 12.62121 12.80318 12.99909 13.12988 12.8203 12.58822 12.344 12.41643 12.64586 12.47143 11.47044 10.95839 10.35363 10.23145 10.00501 9.572247 9.598942 9.836287 9.22456 8.957186 8.902615 8.939014 9.300379 -9999 -9999 -9999 -9999 -9999 -9999 -9999 -9999 -9999 -9999 -9999 -9999 -9999 -9999 -9999 -9999 -9999 -9999 -9999 -9999 -9999 -9999 -9999
11.36314 11.70856 12.0101 12.22772 12.30175 12.23606 11.97185 12.42486 12.71954 12.86436 12.96354 13.14431 13.36821 12.98679 12.98191 12.95497 12.8222 12.81457 12.88068 12.69408 12.81549 12.84546 12.35036 12.62619 12.71138 12.75046 12.76629 12.65524 12.91241 13.18108 12.95767 12.04624 11.61786 11.9916 12.4267 12.15249 10.92726 10.25574 10.38381 9.882406 9.63346 9.894648 9.985621 9.539002 9.25458 8.939636 8.978179 9.480572 9.529186 -9999 -9999 -9999 -9999 -9999 -9999 -9999 -9999 -9999 -9999 -9999 -9999 -9999 -9999 -9999 -9999 -9999 -9999 -9999 -9999 -9999 -9999 -9999
10.51019 11.37116 11.78481 11.78568 12.0875 12.20864 11.93899 12.1724 12.32362 12.50885 12.76209 13.21896 13.53024 12.76923 12.93101 13.00877 12.99351 12.95685 13.02809 12.89862 12.63967 12.23791 12.19795 12.34035 12.51229 12.68833 12.94394 13.30466 13.50525 12.41398 13.02937 12.04168 11.42053 11.6347 12.09691 12.23999 11.75429 10.58121 10.11077 9.824676 9.723864 9.917636 9.995645 9.567687 9.494786 9.012467 9.039104 9.000978 8.988514 -9999 -9999 -9999 -9999 -9999 -9999 -9999 -9999 -9999 -9999 -9999 -9999 -9999 -9999 -9999 -9999 -9999 -9999 -9999 -9999 -9999 -9999 -9999
10.43376 11.19446 11.58183 11.93672 12.28439 12.09148 11.9796 11.93316 12.0356 12.29854 12.43012 12.63334 12.86707 12.43278 12.47767 12.70125 12.59431 12.58477 12.91865 13.09794 12.83282 12.24722 12.93938 12.80397 12.77507 12.74533 12.63642 12.6399 12.67782 11.92178 12.1867 11.45149 11.68909 11.82946 11.87935 12.11985 11.76411 10.84238 10.06748 10.01795 9.866268 9.710258 9.601588 9.42045 9.208215 9.203039 9.316146 9.222667 9.085828 -9999 -9999 -9999 -9999 -9999 -9999 -9999 -9999 -9999 -9999 -9999 -9999 -9999 -9999 -9999 -9999 -9999 -9999 -9999 -9999 -9999 -9999 -9999
10.55424 10.61945 10.66739 10.71874 11.19619 12.22143 12.10266 12.01482 11.95747 11.98265 12.18964 12.43802 12.50399 12.36585 12.34336 12.51772 12.44345 12.27009 12.40562 12.94161 12.94249 12.50282 12.28505 12.46498 12.69769 12.5193 12.57802 12.78133 12.44368 11.86626 11.20511 11.22922 11.89439 12.40044 12.43644 12.24314 11.32654 10.46412 9.835702 10.05027 9.710093 9.551508 9.619238 9.411251 8.91735 8.780416 8.848964 8.913598 8.925494 9.25205 -9999 -9999 -9999 -9999 -9999 -9999 -9999 -9999 -9999 -9999 -9999 -9999 -9999 -9999 -9999 -9999 -9999 -9999 -9999 -9999 -9999 -9999
11.02349 10.86351 11.14294 10.91964 10.63389 11.11364 11.85022 11.77089 12.08682 11.91984 12.12862 12.39501 12.37428 12.27073 12.40936 12.68579 12.55659 12.46755 12.32792 12.36051 12.51303 12.2481 12.19012 12.28898 12.37007 12.35928 12.37271 12.30996 12.12826 11.88527 10.97197 11.05334 11.56303 11.99716 11.93868 11.78331 10.86442 10.0428 9.880848 9.854346 9.525113 9.079122 9.095219 9.232917 8.874813 8.717477 8.66662 8.812009 8.899044 9.068143 -9999 -9999 -9999 -9999 -9999 -9999 -9999 -9999 -9999 -9999 -9999 -9999 -9999 -9999 -9999 -9999 -9999 -9999 -9999 -9999 -9999 -9999
10.20483 11.31263 11.21519 11.1245 11.24403 11.47409 11.64515 11.67485 11.72663 12.04436 12.0122 12.19051 12.48563 12.55251 12.56842 12.81411 12.7406 12.63086 12.72154 12.24799 12.29969 12.18953 12.10902 12.61593 12.52044 12.05963 12.0119 12.11947 11.86364 11.34063 10.93722 11.50163 11.8295 11.80259 11.69804 11.49992 10.59817 9.884602 9.70183 9.804066 10.21204 9.471162 8.697116 8.559452 8.603238 8.516367 8.533653 8.536263 8.6241 8.793021 8.902986 -9999 -9999 -9999 -9999 -9999 -9999 -9999 -9999 -9999 -9999 -9999 -9999 -9999 -9999 -9999 -9999 -9999 -9999 -9999 -9999 -9999
11.25239 11.44638 11.41875 11.48887 11.57162 11.5921 11.59506 11.59521 11.7283 11.93221 12.10747 12.3373 12.44087 12.35368 12.34295 12.49696 12.50986 12.43054 12.55122 12.28806 11.91723 11.98075 12.17552 12.45542 12.37365 11.98649 11.65336 11.54442 11.46549 11.20602 10.95615 11.21752 11.33427 11.2655 11.23901 11.16199 10.9276 10.0971 10.04341 10.41943 10.70209 9.965635 9.161706 8.683127 8.469666 8.400778 8.357244 8.424537 8.501112 8.672089 8.816071 8.881244 -9999 -9999 -9999 -9999 -9999 -9999 -9999 -9999 -9999 -9999 -9999 -9999 -9999 -9999 -9999 -9999 -9999 -9999 -9999 -9999
11.57838 11.66191 11.63349 11.63698 11.62249 11.6155 11.66938 11.67814 11.81131 11.73404 11.98163 12.17763 12.30515 12.263 12.0975 12.32562 12.51287 12.23416 12.29253 12.16763 12.00548 11.93939 12.23907 12.51072 12.11882 12.09036 11.78235 11.423 11.24651 11.24775 11.28013 11.32228 11.29433 11.17574 11.10324 11.02678 11.14411 10.46227 10.51752 10.82244 11.06876 9.921945 9.313466 9.031208 8.700256 8.568057 8.585568 8.588901 8.701529 8.761438 8.857128 -9999 -9999 -9999 -9999 -9999 -9999 -9999 -9999 -9999 -9999 -9999 -9999 -9999 -9999 -9999 -9999 -9999 -9999 -9999 -9999 -9999
11.42873 11.64708 11.67099 11.68822 11.68793 11.72031 11.74219 11.66165 11.79256 11.98804 11.87511 11.92987 12.01887 12.001 11.96104 12.03613 11.9162 11.8677 11.75443 11.66544 11.84983 12.02983 12.20979 12.33397 13.16422 13.18928 13.06056 12.25766 11.22761 10.6264 10.56635 10.61293 10.74786 10.7669 10.81892 10.72974 10.9128 10.48999 10.66303 10.9606 10.79017 9.794235 9.175819 8.881655 8.68 8.4578 8.386329 8.657752 8.846344 8.621736 -9999 -9999 -9999 -9999 -9999 -9999 -9999 -9999 -9999 -9999 -9999 -9999 -9999 -9999 -9999 -9999 -9999 -9999 -9999 -9999 -9999 -9999
