features/re_bio18.asc
ncols         768
nrows         589
xllcorner     124.299398925
yllcorner     32.893460211367
cellsize      0.010567299164062
NODATA_value  -9999
[rows 374 to 407 of 589, columns 308 to 384 of 768]
721.6 755.2 860.7 900.2 942.8 911.5 855.2 893.3 891.9 876.9 885.3 924 980.8 1000.4 930.9 925.6 914.6 971.5 1097 1288.8 1302.3 1295.4 1333.6 1416 1507.5 1513.3 1536.5 1557.7 1539.5 1537.8 1515.6 1427.2 1361.2 1306.1 1257 1183.5 1126.9 1035 999.4 956 910.2 849.5 821.8 858.9 788.9 762.3 741.8 722 692.2 687.7 709.9 729.4 680.4 677.1 655.4 654.2 623.9 613.3 650.5 670.6 714.8 714.2 706 736.5 711.2 682.9 698.6 675 662.8 681.3 681 698.1 694.9 715.3 739.1 760.2 767.9
726.5 780.6 947.4 1017.5 982.3 923.6 943.2 1000.1 931.9 859.1 859 869.6 873 915.7 926.7 940.8 985.6 1056.2 1185.9 1315.5 1385 1443.1 1457.5 1455.9 1421 1540 1517.6 1544.3 1578.5 1523.3 1499 1476.9 1384.4 1328.3 1244.4 1224.8 1113.5 988.2 919 884.2 823.1 799.1 790.4 748.6 728.3 742.7 718.2 717.8 732.6 736.1 730.9 693 664.6 660.9 697.4 684.7 669.6 647.7 650.5 678.2 726.2 758.4 716.3 716.6 733 738.1 737.4 718.5 732.1 746.3 734.5 745.4 752.7 761.8 756.4 784.6 842.7
739.7 769.3 918.2 1004.1 1032.1 1005.9 1019.7 1067.9 971.9 948.7 964.3 999 980 941.5 949.7 995 1074.1 1141.4 1207 1289.1 1360.4 1442.8 1432.7 1443.5 1451.5 1495.9 1501.6 1536.9 1576.4 1517 1459.8 1417.1 1366.8 1327 1225.2 1193.7 1099.9 982.3 902.1 837.6 779.4 738.6 728.9 720.8 732.1 698 669.7 679.6 699.4 692.8 705.4 693.6 686.1 698.7 680.9 675.6 677.9 679 687.2 686.6 737.7 719.8 711.6 737 752.9 772.5 770.2 746.3 742.2 771.9 779.2 792.6 857.5 839 804.1 811 816.4
758 824.3 972.7 1031 1057.2 1069.2 1085.1 1053.4 1075.3 1029.6 1071.3 1105.9 1088.1 1038.3 1006.5 1067.4 1160.1 1227.2 1318.6 1279.2 1336.7 1415.7 1453.7 1460.9 1468.1 1436.3 1493.7 1516.4 1563.1 1524.9 1464.7 1389.9 1328.8 1295.7 1228.2 1143.6 1081.4 975.4 930.6 836.7 762.8 751.6 711.6 741.5 695.5 700.5 697.2 708 710 707.2 681.8 650.4 658.4 669.8 659.9 656.4 679.1 696.4 683.5 673 708.2 728.7 730.2 734.7 743.9 771.3 784.1 794.2 775.2 801.4 811.6 835.8 905.7 886.2 891.9 911.6 913.9
798.1 874 1023.4 1084.9 1127.4 1153.3 1173.1 1150.1 1191.6 1155.1 1209.4 1209.4 1138.2 1082.7 1070.4 1083.7 1163.6 1244.9 1313.7 1341.6 1334.2 1382.9 1438.1 1447.8 1454.5 1407.4 1436.1 1483.7 1482.8 1435.4 1416.2 1373.2 1297.6 1228.8 1183.5 1109.9 1036.5 912.9 882.3 817.2 771.9 744.7 704.9 751.7 724 713.6 691.9 687.1 682.3 672.9 663.1 636.6 643 668.7 678.9 670.5 685.6 696.6 696.7 708.9 698.6 726.3 732.5 737.7 759.3 771.9 793.4 802.3 815.7 849.4 886 880.7 864.1 888.3 910.9 930.4 912.4
858.1 918.2 1085.7 1127.5 1142 1158.7 1209.6 1235.7 1268.2 1243.7 1228.2 1205.6 1148 1114.3 1121.1 1137.1 1235.7 1313.5 1345.2 1303.2 1366.5 1377.6 1375.3 1403.4 1388.2 1364.3 1395 1455.5 1427.3 1372.5 1342.7 1302.6 1258.8 1217.1 1163.8 1056.1 987.7 883.4 849.4 781.5 756.3 734 714.5 733 717.7 676.7 651.5 654.6 665.1 673 667.6 641 652.8 656.7 652.7 661.4 696.8 749.1 759.8 712.9 717 689.8 741.9 745.7 756.8 762 785.4 844.3 881.3 885.4 945 917.5 873.9 862.5 860.8 866.7 868.3
926.1 965.6 1056 1119.2 1109.9 1098.1 1211.2 1296.1 1291.1 1269.4 1253.7 1238.4 1228.1 1191.4 1154.2 1159.1 1202.2 1267.7 1259.3 1316.8 1311.2 1344.9 1360.6 1323 1303.8 1334.5 1366.4 1361.1 1337 1344.9 1337.8 1326.5 1304.4 1202.5 1180.6 1089.2 978.2 859.5 855.7 803.7 775 753 709.6 690.8 668.4 665.3 640.8 636.2 649 650.5 649 644.5 650.7 669.4 688.2 709.4 704.5 732.3 757.6 740.6 758.1 701.9 739.6 766.1 793.2 808.3 812 825.9 824.7 844.2 874 862.5 857.9 781.8 762.4 773.4 824.4
935.3 962.7 986.9 1079.1 1094.4 1085.5 1171.8 1265.8 1315.8 1367.1 1320.4 1282.4 1269.6 1297.5 1296.2 1243.3 1231.2 1247.1 1261 1369.7 1347.3 1309.5 1324.3 1319.3 1275.2 1335.2 1306.9 1286.9 1262.1 1222.3 1267.4 1312.5 1289.4 1240.7 1171.4 1070.9 983.7 815.2 809.7 799.2 784.9 744.6 681.7 667.3 640.9 -9999 -9999 -9999 -9999 -9999 640 640.9 650.7 661.3 715.5 729.6 742.1 742.1 735.2 753.4 750.6 728 802.3 847.1 837.7 867 886.9 904 898.4 843.7 902.2 904.4 825.7 765.5 741.8 761.4 817.7
931.3 892.3 950.8 1074.2 1094.3 1063.6 1111.4 1181.9 1259.6 1382.8 1408.2 1392.9 1350.4 1358.7 1369.5 1354.7 1338.9 1317.6 1299.5 1370.3 1339.7 1302.4 1276.3 1235.9 1234.6 1287.1 1213.4 1195.3 1202.9 1179.8 1202.6 1160.8 1098.1 1123 1108 1021.6 925.7 796.5 761 741.4 746.8 744 671.9 679.4 -9999 -9999 -9999 -9999 -9999 -9999 635.7 643.7 652.5 667.7 717.6 741.9 754 774.9 789.6 779.3 789 753 781.8 809.1 829.5 885.4 938.4 978.2 982.3 907.3 807.9 854 825.2 796.4 759 753.5 751.8
866.1 866.8 925.8 1039.2 1066.8 1073.7 1115.3 1140.6 1252.4 1358.1 1446.2 1447.6 1396.2 1380.5 1412.1 1470.1 1458.7 1386.9 1361.9 1327.3 1325.8 1290.4 1245.1 1210.5 1237.6 1283.1 1156.5 1099.3 1108.6 1096.9 1085.3 1034.5 1010.8 1000.5 969.1 927.7 859.8 814.4 750.2 722.4 730.3 711.2 677 698.4 -9999 -9999 -9999 -9999 -9999 646.1 647.4 654.5 654.7 665.3 708.4 732.6 749.7 788.3 820 797.8 768.1 801.6 759.9 802.2 879.7 924.5 925.6 937.3 973.5 981 888.5 823.9 771.9 762.5 745 770.8 757.5
924.7 887.5 900.5 985.6 1010.8 1045.3 1099.4 1118.2 1229.3 1339.9 1434.9 1465.3 1426.4 1389.1 1408 1470 1487.4 1439 1443.3 1337 1298 1258.1 1213.3 1197.6 1245.2 1217.8 1080.3 1036.2 1023 1017.4 992.8 938.4 905 877.3 849.4 828.1 800.2 766.7 762.8 702.8 678.7 684.3 694.1 674.6 -9999 -9999 -9999 -9999 -9999 644.2 651.2 656.4 674.4 713.8 689.4 692.3 732.3 780.9 822.6 832.1 836.1 822.1 772 819.4 891.3 951.6 889.7 870 920.8 944.1 887.8 866.8 754.9 717.7 717.5 715.6 718.3
913 847.3 904.7 968 976.5 1006.7 1056.9 1102.5 1197.6 1342.6 1401.5 1457.7 1468.8 1441.7 1445.6 1464.1 1454.4 1461.8 1465.2 1340.2 1285.1 1232.8 1177.2 1153.3 1177 1135.3 1019 991.2 933.5 909 924.3 913.1 850.1 801.9 786 768.8 760.5 764.2 741.5 709 -9999 -9999 -9999 -9999 -9999 -9999 -9999 -9999 -9999 645.7 650.6 659.7 693.9 710.3 782.9 722.3 709.2 770.3 810.6 829.9 862.7 867.9 813.2 796.8 835.3 840.9 841.8 844.3 849.1 884.5 924.8 813.4 782.5 740.9 736.2 717.1 693.4
859.4 889.8 870.5 973.3 1021 1003.4 1023.7 1097.6 1205.8 1347.9 1430.1 1448 1477.7 1464.8 1491.1 1490.2 1433.9 1430.4 1423 1330.5 1268.2 -9999 1137.3 1096.1 1085.9 1027.1 959.6 955.2 889.5 837.2 827.3 832.5 800 760 750.1 731.8 739.4 743.5 717.1 -9999 -9999 -9999 -9999 -9999 -9999 -9999 -9999 -9999 663.9 664.8 702.2 775.1 855.5 781.9 739.1 785.9 731.4 734.6 795.4 816.6 802.4 822.8 848.3 778 770.9 806.2 841.7 853.2 889.3 915.1 875.3 809.9 759.4 786.3 749.4 730.9 706.4
835.4 855.9 818 916.1 1009.2 1014.5 1024.7 1079.6 1233.3 1385.1 1408.9 1477.6 1471.3 1483.9 1512.3 1500.8 1444.8 1407.9 1403.9 1387.8 1266.2 1167.4 -9999 1058.9 1032.3 964.2 890.8 867.2 826.3 794 781.7 769.4 750.6 733.5 722.7 715.7 722.2 724.2 709.6 -9999 -9999 -9999 -9999 -9999 -9999 -9999 -9999 -9999 -9999 687.8 734.1 840.6 918.3 863.3 774.6 762.9 770.4 744.4 740.3 780.1 805.8 806.6 866.5 797 814.3 821.8 890.7 891.4 934.9 974.5 887.8 811 735 810.6 780 742.3 -9999
833.2 769.7 843.8 868.7 931.2 978.5 980.7 1037.3 1166.6 1294.5 1314.3 1395.9 1446 1426.9 1437.7 1451.6 1418.9 1369.9 1380.6 1372.7 1219.9 1159.1 1068.5 1009.1 985 921 840.7 791 754.3 793 811.2 800.9 770.8 721.5 -9999 -9999 -9999 704.5 712.4 712.6 692.3 677.7 -9999 -9999 -9999 -9999 -9999 -9999 -9999 695 714 788.9 882.2 897.3 787.6 798.8 864.9 815.9 805.9 786 788.2 864.7 827.9 828.1 809.8 802.8 887.7 881.7 867.2 830 774.7 737.4 707.9 741 755.2 -9999 -9999
762.8 743.8 835.1 818.3 867.5 898.6 932.6 994.5 1105.4 1258.6 1236.1 1252.5 1294.4 1308.2 1384.1 1382.7 1327.6 1292.5 1274.7 1251.4 1142.6 1074.8 -9999 979.9 950.1 869.8 788.9 743.6 753.6 845.1 925.7 885.2 811.9 -9999 -9999 -9999 -9999 -9999 -9999 675.6 661.6 654.1 -9999 -9999 -9999 -9999 -9999 -9999 -9999 690 723.9 753.6 754.1 804.3 796.5 772.9 854.9 834.6 827.5 792.2 755.6 793.2 855.7 815.1 757.2 751.7 848.1 889.1 844.5 787.6 723.8 683.7 686.6 712.8 712.9 -9999 661.1
711.5 712 792.3 788.3 821.4 856.9 896 964.2 1099.4 1259.2 1216.1 1184.9 1177.4 1213.8 1218.2 -9999 1250.9 1214.5 1188.7 1161.6 -9999 1032.3 947.4 884.8 840.8 794.7 752.5 756.2 780.7 861.9 1020.3 996.1 -9999 -9999 -9999 -9999 -9999 -9999 -9999 -9999 -9999 -9999 -9999 -9999 -9999 -9999 -9999 -9999 672.4 712.7 788.6 856.4 851.8 899.9 916.4 875.5 776.9 822.4 813.7 762.9 728.8 712.4 701.1 689.4 697.6 714 751.4 843.8 827.7 734.9 676.7 656.5 653.4 656 652.3 646.7 637.8
724.3 711.4 718.7 745.1 780 817.1 874.8 971.7 1040 1124 1179.3 1143 1141 1134.3 1139.5 -9999 -9999 -9999 -9999 1033.7 -9999 957.9 901.2 841.4 790.7 750.1 716.3 706.6 730.4 841.6 933.5 970.4 -9999 -9999 -9999 -9999 -9999 -9999 -9999 -9999 -9999 -9999 -9999 -9999 -9999 -9999 -9999 -9999 -9999 712.3 770.1 888.7 979.5 1016.4 1047.4 885.9 802.2 803.3 825.7 834.4 789.6 773.3 807.7 730.7 703.1 705.5 696.6 725.4 734 728.5 694.1 659.4 637.5 635.6 632.5 624.5 628.1
717.6 714.4 684.7 687.1 706.4 732.6 774.7 817.7 850.3 917.4 951.2 972.8 966.6 1000.5 1067.4 -9999 -9999 -9999 -9999 -9999 -9999 -9999 779.3 741.8 713.5 691.5 664.2 643.7 650 658.7 717.1 -9999 -9999 -9999 -9999 -9999 -9999 -9999 -9999 -9999 -9999 -9999 -9999 -9999 -9999 -9999 -9999 -9999 -9999 659.8 689.3 770.6 871.3 845 897.9 803.6 815.9 834.5 872.2 893.9 800.7 721.7 724.9 715.2 721.7 704.4 745.5 697.8 725.5 707 636.5 611 600.4 594.2 606 609.2 613.6
705.5 686.8 675.6 -9999 687.4 704.4 755 787.2 817.4 898.7 919.8 908.3 904.2 931.1 968.4 -9999 -9999 -9999 -9999 -9999 -9999 -9999 -9999 -9999 -9999 -9999 -9999 -9999 -9999 -9999 -9999 -9999 -9999 -9999 -9999 -9999 -9999 -9999 -9999 -9999 -9999 -9999 -9999 -9999 -9999 -9999 -9999 -9999 -9999 725.6 686 707.1 775.6 799.7 782.7 724.5 731.4 751.6 819.2 849 761.8 675.6 632.9 598.1 601.5 586.9 616 579.7 607.1 635.9 670.5 -9999 -9999 -9999 -9999 603 647.4
687.2 683.3 661.8 -9999 -9999 -9999 732.5 775.2 807.5 881 878.8 837.7 825.3 835 -9999 -9999 -9999 -9999 -9999 -9999 -9999 -9999 -9999 -9999 -9999 -9999 -9999 -9999 -9999 -9999 -9999 -9999 -9999 -9999 -9999 -9999 -9999 -9999 -9999 -9999 -9999 -9999 -9999 -9999 -9999 -9999 -9999 676.5 725.8 814.7 723.8 687.8 698 710.5 699.7 683 722.1 727 783.7 762.9 698.9 -9999 -9999 -9999 -9999 -9999 -9999 -9999 -9999 586.9 603.5 610.3 -9999 -9999 -9999 -9999 607.9
675.4 677.3 -9999 -9999 -9999 -9999 706.3 779.2 833.8 871.8 837.4 792.9 758 -9999 -9999 -9999 -9999 -9999 -9999 -9999 -9999 -9999 -9999 -9999 -9999 -9999 -9999 -9999 -9999 -9999 -9999 -9999 691.8 -9999 -9999 -9999 -9999 -9999 -9999 -9999 -9999 -9999 -9999 -9999 -9999 -9999 -9999 -9999 -9999 -9999 -9999 678.8 675 669.5 677.9 687.9 715.5 737.3 803.6 718.4 -9999 -9999 -9999 -9999 -9999 -9999 -9999 -9999 -9999 -9999 -9999 -9999 -9999 -9999 -9999 -9999 -9999
-9999 -9999 -9999 -9999 -9999 -9999 -9999 726.3 759.7 763.7 775.5 -9999 -9999 -9999 -9999 -9999 -9999 -9999 -9999 -9999 -9999 -9999 -9999 -9999 -9999 -9999 -9999 -9999 -9999 -9999 -9999 -9999 688.1 -9999 -9999 -9999 -9999 -9999 -9999 -9999 -9999 -9999 -9999 -9999 -9999 -9999 -9999 -9999 -9999 -9999 -9999 -9999 -9999 -9999 677 676.1 707.1 688.8 707.1 661.9 -9999 -9999 -9999 -9999 -9999 -9999 -9999 -9999 -9999 -9999 -9999 -9999 -9999 -9999 -9999 -9999 -9999
645.1 639.6 -9999 -9999 -9999 -9999 -9999 682.5 699.9 699.7 -9999 -9999 -9999 -9999 -9999 -9999 -9999 -9999 -9999 -9999 -9999 -9999 -9999 -9999 -9999 -9999 -9999 -9999 -9999 -9999 628.9 709.9 719.1 -9999 -9999 -9999 -9999 -9999 -9999 -9999 -9999 -9999 -9999 -9999 -9999 -9999 -9999 -9999 -9999 -9999 -9999 -9999 -9999 -9999 694.7 700.3 -9999 702.1 690.9 649.2 -9999 -9999 -9999 -9999 -9999 -9999 -9999 -9999 -9999 -9999 -9999 -9999 -9999 -9999 -9999 -9999 -9999
659.8 684.3 -9999 -9999 -9999 -9999 -9999 -9999 -9999 -9999 -9999 -9999 -9999 -9999 -9999 -9999 -9999 -9999 -9999 -9999 -9999 -9999 -9999 -9999 -9999 -9999 -9999 -9999 -9999 -9999 -9999 -9999 704 -9999 -9999 -9999 -9999 -9999 -9999 -9999 -9999 -9999 -9999 -9999 -9999 -9999 -9999 -9999 -9999 -9999 -9999 -9999 -9999 -9999 -9999 -9999 -9999 -9999 -9999 -9999 -9999 -9999 -9999 -9999 -9999 -9999 -9999 -9999 -9999 -9999 -9999 -9999 -9999 -9999 -9999 -9999 -9999
718.8 -9999 -9999 -9999 -9999 -9999 -9999 -9999 -9999 -9999 -9999 -9999 -9999 -9999 -9999 -9999 -9999 -9999 -9999 -9999 -9999 -9999 -9999 -9999 -9999 -9999 -9999 -9999 -9999 -9999 -9999 -9999 680 -9999 -9999 -9999 -9999 -9999 -9999 -9999 -9999 -9999 -9999 -9999 -9999 -9999 -9999 -9999 -9999 -9999 -9999 -9999 -9999 -9999 -9999 -9999 -9999 -9999 -9999 -9999 -9999 -9999 -9999 -9999 -9999 -9999 -9999 -9999 -9999 -9999 -9999 -9999 -9999 623.4 617.8 627.9 616
804.8 -9999 -9999 -9999 -9999 -9999 -9999 -9999 -9999 -9999 -9999 -9999 -9999 -9999 -9999 -9999 -9999 -9999 -9999 -9999 -9999 -9999 -9999 -9999 -9999 -9999 -9999 -9999 692.5 746.2 719.6 722.5 -9999 -9999 -9999 -9999 -9999 -9999 -9999 -9999 -9999 -9999 -9999 -9999 -9999 -9999 -9999 -9999 -9999 -9999 -9999 -9999 -9999 -9999 -9999 -9999 -9999 -9999 -9999 -9999 -9999 -9999 -9999 -9999 -9999 -9999 -9999 -9999 -9999 -9999 -9999 -9999 -9999 -9999 -9999 -9999 -9999
862.4 811 -9999 -9999 -9999 -9999 -9999 -9999 -9999 -9999 -9999 -9999 -9999 -9999 -9999 -9999 -9999 -9999 -9999 -9999 -9999 -9999 -9999 -9999 -9999 -9999 -9999 -9999 706.8 736 873.8 -9999 -9999 -9999 -9999 -9999 -9999 -9999 -9999 -9999 -9999 -9999 -9999 -9999 -9999 -9999 -9999 -9999 -9999 -9999 -9999 -9999 -9999 -9999 -9999 -9999 -9999 -9999 -9999 -9999 -9999 -9999 -9999 -9999 -9999 -9999 -9999 -9999 -9999 -9999 -9999 -9999 -9999 -9999 -9999 -9999 -9999
898.4 863.8 844 -9999 -9999 -9999 -9999 -9999 -9999 -9999 -9999 -9999 -9999 -9999 -9999 -9999 -9999 -9999 -9999 -9999 -9999 -9999 -9999 -9999 -9999 -9999 -9999 714.5 798.3 851.8 939.5 -9999 -9999 -9999 -9999 -9999 -9999 -9999 -9999 -9999 -9999 1161.1 1108.1 -9999 -9999 -9999 954.3 -9999 -9999 -9999 -9999 -9999 -9999 -9999 -9999 -9999 -9999 -9999 -9999 -9999 -9999 -9999 -9999 -9999 -9999 -9999 -9999 -9999 -9999 -9999 -9999 -9999 -9999 -9999 -9999 -9999 -9999
899.9 880.6 912.7 -9999 -9999 -9999 -9999 -9999 -9999 -9999 -9999 -9999 -9999 -9999 -9999 -9999 -9999 -9999 -9999 -9999 -9999 -9999 -9999 -9999 -9999 -9999 689.5 769.9 918.4 1081.8 1157.9 1100.6 -9999 -9999 -9999 -9999 -9999 -9999 -9999 -9999 1189.6 1326.8 1227.6 1165.6 -9999 1028.6 1023.1 -9999 -9999 -9999 -9999 -9999 -9999 -9999 -9999 -9999 -9999 -9999 -9999 -9999 -9999 -9999 -9999 -9999 -9999 -9999 -9999 -9999 -9999 -9999 -9999 -9999 -9999 -9999 -9999 -9999 -9999
925.7 899.7 1038.5 1060.2 -9999 -9999 -9999 -9999 -9999 -9999 -9999 -9999 -9999 -9999 -9999 -9999 -9999 -9999 879.8 -9999 -9999 -9999 -9999 -9999 -9999 -9999 720.9 867.7 1032.4 1086.2 1121 1094.5 -9999 -9999 -9999 -9999 -9999 -9999 -9999 -9999 -9999 -9999 -9999 -9999 -9999 -9999 -9999 -9999 -9999 -9999 -9999 -9999 -9999 -9999 -9999 -9999 -9999 -9999 -9999 -9999 -9999 -9999 -9999 -9999 -9999 -9999 -9999 -9999 -9999 -9999 -9999 -9999 -9999 -9999 -9999 -9999 -9999
-9999 926.3 1057.9 1080.9 1104.5 -9999 -9999 -9999 -9999 -9999 -9999 -9999 -9999 -9999 -9999 -9999 1008.7 1016.1 977.2 -9999 -9999 -9999 -9999 -9999 -9999 -9999 -9999 905.8 1010.9 1008.8 1024.1 1062.7 988.9 -9999 -9999 -9999 -9999 -9999 -9999 -9999 -9999 -9999 -9999 -9999 -9999 -9999 -9999 -9999 -9999 -9999 -9999 -9999 -9999 -9999 -9999 -9999 -9999 -9999 -9999 -9999 -9999 -9999 -9999 -9999 -9999 -9999 -9999 -9999 -9999 -9999 -9999 -9999 -9999 -9999 -9999 -9999 -9999
-9999 968.2 1018.7 1060.3 1097.3 -9999 -9999 -9999 -9999 -9999 -9999 -9999 1020.8 1021.8 1029.4 1055.3 1099.1 1082.2 1000.7 -9999 -9999 -9999 -9999 -9999 -9999 -9999 -9999 871.3 946.3 943 926.9 984.4 1021.2 1056.2 1140.5 -9999 -9999 -9999 -9999 -9999 -9999 -9999 -9999 -9999 -9999 -9999 -9999 -9999 -9999 -9999 -9999 -9999 -9999 -9999 -9999 -9999 -9999 -9999 -9999 -9999 -9999 -9999 -9999 -9999 544.2 -9999 -9999 -9999 -9999 -9999 -9999 -9999 -9999 -9999 -9999 -9999 -9999
-9999 980.3 1111.8 1166 1114.1 1175.9 1172.3 1108.1 -9999 -9999 1084.4 1077.9 1060.8 1062.5 1107.5 1119.9 1175.5 1077.4 1030.2 -9999 -9999 -9999 -9999 -9999 -9999 -9999 -9999 -9999 815.9 844.3 905.2 971.6 1052.3 1121 1238.1 1304.9 -9999 -9999 -9999 -9999 -9999 1418.3 1478.4 1461.2 1374.4 1324.1 1250.5 -9999 -9999 -9999 -9999 -9999 -9999 -9999 -9999 -9999 -9999 -9999 -9999 -9999 -9999 -9999 -9999 -9999 -9999 -9999 -9999 -9999 -9999 -9999 -9999 -9999 -9999 -9999 -9999 -9999 -9999
