features/re_bio11.asc
ncols         768
nrows         589
xllcorner     124.299398925
yllcorner     32.893460211367
cellsize      0.010567299164062
NODATA_value  -9999
[rows 192 to 223 of 589, columns 432 to 503 of 768]
-1.927458 -1.266398 -0.9010369 -0.7640937 -1.135369 -1.929416 -2.483103 -2.100845 -2.219739 -2.298694 -1.401959 -0.8973118 -0.9039938 -0.7370584 0.0703149 0.2692396 0.7749616 0.8551459 0.7883257 0.1261905 -0.9292627 -1.718817 -2.199155 -2.085445 -1.811367 -1.651459 -0.5692781 0.7394778 0.4387865 0.8776498 2.098848 2.109831 2.406836 2.148502 1.340553 0.615169 1.947696 1.315169 1.969547 2.813402 3.286559 3.32235 3.359716 5.13053 4.964785 4.790438 5.16298 5.584562 5.690054 -9999 -9999 -9999 -9999 -9999 -9999 -9999 -9999 -9999 -9999 -9999 -9999 -9999 -9999 -9999 -9999 -9999 -9999 -9999 -9999 -9999 -9999 -9999
-1.851344 -1.082489 -0.5859831 -0.4733871 -0.806106 -1.607757 -2.161175 -1.677535 -1.329109 -1.083065 -0.9045699 -0.6057604 -0.324616 -0.2208141 -0.278341 -0.07319508 0.3119816 0.1304916 0.3490015 0.3470814 -0.7454685 -1.635983 -0.6268049 -0.1934332 -0.1887865 -0.8905146 -1.439631 -1.127957 -0.4047235 -0.06547619 0.5262673 1.120276 1.214785 1.451651 1.493664 0.9049155 0.459255 1.101344 2.864516 3.761137 4.202765 4.477688 4.350729 4.417319 4.911329 4.897235 5.078149 5.118472 5.079224 5.255223 -9999 -9999 -9999 -9999 -9999 -9999 -9999 -9999 -9999 -9999 -9999 -9999 -9999 -9999 -9999 -9999 -9999 -9999 -9999 -9999 -9999 -9999
-1.156298 -0.6310676 -0.4134409 -0.846275 -0.9364055 -1.370737 -1.800653 -1.334562 -0.7461597 -0.2828341 -0.2674347 -0.4163595 -0.2086021 -0.015553 -0.07127496 0.03052995 0.4905146 -0.3274578 -0.2302995 0.3649001 -0.3350614 -0.1252688 0.3622888 -0.3583333 -0.7538787 -0.9363287 -1.765515 -2.150307 -1.595929 -2.331336 -2.298886 0.7840246 0.2097158 0.5320277 1.214939 0.8430107 0.9218894 2.31563 2.338057 3.014286 3.714132 4.225576 4.428533 4.017934 4.806567 4.217089 4.317319 4.603111 4.856068 5.256413 5.923694 6.197312 -9999 -9999 -9999 -9999 -9999 -9999 -9999 -9999 -9999 -9999 -9999 -9999 -9999 -9999 -9999 -9999 -9999 -9999 -9999 -9999
-1.84182 -1.013978 -0.9916667 -0.7516129 -1.147657 -1.621505 -1.693356 -1.279071 -0.9196621 -0.506298 -0.6250384 -0.5141705 -0.1860215 0.04416282 0.06862519 0.2478495 0.6698925 0.2934332 0.5793395 0.6445084 0.4531106 0.6434332 -0.3122504 -0.1947005 0.1081413 0.3539554 0.08655914 -0.4864439 -1.071121 -1.522427 -2.342934 -0.6181644 -0.7020353 -0.4699309 0.2955453 0.4852919 1.118088 2.303226 2.887097 2.866935 3.056298 3.732872 4.257911 3.679532 4.220315 4.152765 4.423272 4.5 4.540092 4.838402 5.42861 -9999 -9999 -9999 -9999 -9999 -9999 -9999 -9999 -9999 -9999 -9999 -9999 -9999 -9999 -9999 -9999 -9999 -9999 -9999 -9999 -9999
-2.413287 -1.264324 -1.91321 -1.373464 -1.109063 -0.9019201 -0.7980031 -0.763172 -0.6546083 -0.8432795 -1.319163 -0.8966974 -0.5211598 -0.1033026 0.2571813 0.3421275 0.2575269 -0.2338326 0.1041091 0.9022657 1.013364 0.7723118 0.3305683 0.5682796 -0.03110599 -0.6311828 -1.200115 -0.8013057 -0.1721198 -0.5119432 -0.1858295 -2.084793 -1.522389 -0.1864055 -0.1521505 -0.2880569 0.7361367 1.07957 2.311367 2.040745 2.739747 3.898886 4.487865 4.280223 4.193471 3.97116 4.513019 4.680799 4.587826 4.743433 5.31298 -9999 -9999 -9999 -9999 -9999 -9999 -9999 -9999 -9999 -9999 -9999 -9999 -9999 -9999 -9999 -9999 -9999 -9999 -9999 -9999 -9999
-1.10457 -1.228226 -1.328226 -1.357104 -1.152842 -0.8577573 -0.3761521 -0.1808372 -0.6191244 -0.5854838 -1.452765 -1.759985 -1.23053 -0.4046851 0.01685868 -0.2567588 -0.7316436 -0.659063 -0.3374808 0.9109831 0.8425883 0.4340246 0.1935868 -0.01140553 -0.2986175 -0.7955069 -1.668932 -1.567857 -0.8904378 -0.8006912 -1.207949 -2.901536 -2.156836 -1.228341 -1.400538 -1.353648 -0.6462365 0.2624424 0.8051459 1.585292 2.983794 3.990054 4.429532 4.625576 4.419125 4.101114 4.153149 4.680799 4.757411 4.815515 5.291513 -9999 -9999 -9999 -9999 -9999 -9999 -9999 -9999 -9999 -9999 -9999 -9999 -9999 -9999 -9999 -9999 -9999 -9999 -9999 -9999 -9999
-0.4237711 -0.2847926 0.2102919 -0.2202765 -1.072504 -0.6875576 -0.4767281 -0.3434332 0.1307604 0.2364823 -0.4963134 -1.173003 -0.8416283 -0.4877112 -0.6080261 -0.9465438 -0.9973118 -0.5728878 -0.4336405 0.3259601 0.8113672 0.8819892 0.1506528 -0.9519202 -1.423464 -1.993971 -1.953994 -1.432527 -1.576766 -2.217319 -2.014017 -1.26202 -0.6728879 -0.1470046 0.7876728 0.8694316 0.6955837 1.871083 3.623272 3.652151 3.202765 3.605492 4.011905 3.834946 3.687558 4.381912 4.60553 4.839632 5.317665 5.459178 5.541628 -9999 -9999 -9999 -9999 -9999 -9999 -9999 -9999 -9999 -9999 -9999 -9999 -9999 -9999 -9999 -9999 -9999 -9999 -9999 -9999 -9999
0.0890937 0.2285714 0.603725 -0.07039171 -0.8456605 -0.5455453 -0.02622888 0.3321044 0.2570277 -0.3306452 -0.2313748 -0.5362519 -0.7147465 -0.3947389 -0.6081029 -0.9455453 -0.6278802 -0.1087174 -0.3230415 -0.06063748 0.7502688 1.225768 0.5749616 -0.5461981 -1.367857 -1.371198 -0.5219662 -0.3663594 -1.197926 -2.030453 -1.80553 -0.6188172 0.4671659 0.7382873 1.170238 1.324194 1.686482 2.057949 0.8268817 2.521544 3.500845 3.524347 3.620891 3.76586 3.688287 4.153533 4.303149 4.751229 5.158602 5.526344 5.811175 -9999 -9999 -9999 -9999 -9999 -9999 -9999 -9999 -9999 -9999 -9999 -9999 -9999 -9999 -9999 -9999 -9999 -9999 -9999 -9999 -9999
0.5893241 0.484639 0.6366743 -0.1322965 -0.6679723 -0.7690476 -0.5492319 -0.2479263 0.1082565 0.4677804 0.3137097 -0.188172 -0.2725422 0.08352534 0.1216974 -0.219086 -0.4015361 0.06666667 -0.2345238 -0.319086 0.3091398 0.9173195 1.043088 0.3466974 -0.09646697 -0.09097543 0.2902842 -0.4732719 -1.151728 -1.699923 -1.776075 -0.6283794 0.8997312 1.34063 1.546736 1.291513 0.249808 0.15553 0.9656298 2.364977 3.125922 2.496237 2.172849 2.42212 2.919585 3.520507 4.596467 4.964708 5.20288 5.31705 5.623118 -9999 -9999 -9999 -9999 -9999 -9999 -9999 -9999 -9999 -9999 -9999 -9999 -9999 -9999 -9999 -9999 -9999 -9999 -9999 -9999 -9999
0.8648617 0.6365591 0.6678187 0.103149 -0.2317972 -0.3115207 -0.516513 -0.3106759 0.1670891 0.4631336 0.3746928 0.5337558 0.324808 0.2558372 0.1113287 0.1685868 0.4735791 0.5170123 -0.4156298 -0.784447 0.1151306 1.108602 1.573617 0.990937 0.1685484 0.2695085 0.08229647 -0.08152842 -0.3377112 -0.5680107 -0.3947389 0.5175115 0.8736943 1.344816 1.396275 1.049155 0.433679 0.4732719 1.404762 2.001613 1.467627 1.419892 2.457565 3.328994 3.513364 3.799616 3.815246 4.282757 4.593702 5.082565 5.712135 -9999 -9999 -9999 -9999 -9999 -9999 -9999 -9999 -9999 -9999 -9999 -9999 -9999 -9999 -9999 -9999 -9999 -9999 -9999 -9999 -9999
0.5230031 0.7774962 0.8788018 0.7123272 0.5656682 0.2844086 -0.3326421 -0.3170123 -0.1589094 -0.160215 0.2102919 0.7725422 0.2601382 0.1347158 0.4630952 0.7771505 0.6875192 0.3261905 0.377381 -0.9478111 -0.5659754 0.03421659 0.6308372 1.021851 0.8705453 1.113134 0.6032642 -0.124616 -1.029339 -0.9215822 0.08579109 1.072619 1.556836 1.295277 1.773195 1.533257 0.8094086 1.276344 2.129531 2.990822 1.820123 2.239555 3.147619 4.058794 4.468088 3.967627 3.328149 3.915476 4.513518 4.854301 5.595661 -9999 -9999 -9999 -9999 -9999 -9999 -9999 -9999 -9999 -9999 -9999 -9999 -9999 -9999 -9999 -9999 -9999 -9999 -9999 -9999 -9999
-0.1086406 0.303533 0.4395545 0.6968126 0.7093318 0.6750768 0.3043395 0.2344086 0.05672043 -0.2802611 -0.1982719 0.5599079 0.4137097 0.3244624 0.8135561 0.8463517 0.3644009 0.1617896 0.7254608 -0.200384 -0.622427 -0.3557604 0.759447 1.404148 0.6192396 0.3947005 0.6477727 0.4172427 -0.5349846 -0.2882105 0.4685868 0.7922043 1.144086 1.591206 2.515169 1.839785 0.8276498 1.793625 2.325576 2.964324 2.942243 3.017665 3.705107 3.971697 4.313326 4.938594 4.786559 5.365169 5.874923 5.861905 5.52765 -9999 -9999 -9999 -9999 -9999 -9999 -9999 -9999 -9999 -9999 -9999 -9999 -9999 -9999 -9999 -9999 -9999 -9999 -9999 -9999 -9999
-0.356106 -0.1987327 0.1433948 0.5150922 0.6879801 0.8495392 0.6558756 0.4014593 0.3302227 0.2126728 -0.02442396 0.08644393 0.4084869 0.7127496 1.015822 0.9004225 0.7415898 0.7697389 0.7334486 0.6314132 0.7114823 1.240553 1.555568 1.384217 0.7871352 0.04243471 0.03467742 -0.0593318 -0.5213518 -0.5860215 -0.3424731 -0.09642857 0.3240784 1.519009 2.201075 1.730568 0.7313364 2.010062 3.215976 2.868856 3.267051 3.804263 4.115822 4.228111 4.137903 3.998771 4.153303 5.189631 5.346774 5.466321 5.815591 -9999 -9999 -9999 -9999 -9999 -9999 -9999 -9999 -9999 -9999 -9999 -9999 -9999 -9999 -9999 -9999 -9999 -9999 -9999 -9999 -9999
0.06954685 0.2289554 0.2942396 0.5550691 0.792742 0.8284178 0.8588325 0.6273425 0.5438172 0.3796083 0.05898618 0.04815668 0.6240016 0.8683563 1.294086 1.075576 1.123425 1.28606 1.011713 1.252496 1.39424 1.635638 1.468587 1.216936 1.170161 0.8783026 0.1460061 0.08003072 -0.5256913 -0.5912058 -0.3290323 -0.04335637 0.3417051 1.044432 1.587481 2.39927 1.225691 2.452381 3.774885 3.911521 3.986098 4.373809 4.358756 4.216897 3.951152 3.906029 4.564247 5.679455 5.985638 5.845891 5.730492 -9999 -9999 -9999 -9999 -9999 -9999 -9999 -9999 -9999 -9999 -9999 -9999 -9999 -9999 -9999 -9999 -9999 -9999 -9999 -9999 -9999
0.01501536 0.2232335 0.2888633 0.4571044 0.7966974 0.8672043 0.850384 0.6867896 0.7059908 0.5760369 0.3423963 0.3413211 0.2713902 0.3735407 1.398848 1.516129 1.389286 1.431874 1.392012 1.489362 1.453187 1.32957 1.347965 1.520853 1.509869 1.095929 0.6261521 -0.1297619 -0.3297619 0.02307988 0.1951229 0.4579877 1.007988 1.303917 1.859178 3.025 2.87669 3.404839 3.809601 4.495968 4.4399 3.165131 3.207028 3.199616 3.000461 3.16586 3.841129 4.68606 5.836597 5.435177 5.885023 5.667473 -9999 -9999 -9999 -9999 -9999 -9999 -9999 -9999 -9999 -9999 -9999 -9999 -9999 -9999 -9999 -9999 -9999 -9999 -9999 -9999
0.3038018 0.5676267 0.5555683 0.4902842 0.5081797 0.6140169 0.9102919 0.9649386 0.8939324 0.9194701 0.7315284 0.2223502 0.04097542 0.362788 1.120008 1.517819 1.598003 1.622926 1.624347 1.572542 1.51179 1.188287 0.4923963 0.4932412 1.003226 1.179224 0.8106375 0.8276882 0.3858295 0.590937 0.9146698 1.295814 1.655837 1.625998 1.362174 2.523809 3.530107 3.597773 3.303149 2.74424 2.79639 1.12427 1.411482 2.297619 2.639746 3.194124 4.253264 5.068856 5.395084 4.349539 5.778341 5.890975 -9999 -9999 -9999 -9999 -9999 -9999 -9999 -9999 -9999 -9999 -9999 -9999 -9999 -9999 -9999 -9999 -9999 -9999 -9999 -9999
0.3203917 0.5988863 0.5498464 0.6203533 0.7730799 0.9208142 0.9134024 0.9865592 1.101344 1.242742 1.130223 0.7781874 0.6305684 -0.02476959 0.7182412 1.052343 1.412097 1.250154 0.8764209 1.611444 1.311559 0.9946237 0.4575269 0.2965822 0.2742704 0.1773809 0.3915515 0.9855607 -0.07250384 -0.1728495 0.07834101 0.08083718 0.2358295 0.5811444 -0.4386329 -0.09055299 2.7553 2.559255 1.944124 1.8149 2.23245 1.962404 2.036636 1.899808 2.493702 4.044931 5.165514 4.851305 4.041206 4.10361 5.809601 -9999 -9999 -9999 -9999 -9999 -9999 -9999 -9999 -9999 -9999 -9999 -9999 -9999 -9999 -9999 -9999 -9999 -9999 -9999 -9999 -9999
0.8169355 0.6022273 0.7189324 0.7210829 0.7234639 0.7522274 0.7514977 0.8060292 1.017358 1.036329 1.02235 1.076037 1.039747 0.4562212 0.5001152 1.484178 1.685945 1.223541 0.4960061 0.543126 1.090937 1.204762 0.3613671 -0.09408602 -0.4922811 -0.7055299 -0.246275 0.05026882 0.04404762 -0.8804916 -0.9994624 -0.9179723 -0.3417435 -0.01132873 -1.481682 -1.231528 1.349731 1.007988 0.8072965 1.257527 2.278725 3.013902 1.444048 1.531068 3.307834 4.024155 3.707335 3.293625 3.470699 4.775653 5.963172 5.605415 -9999 -9999 -9999 -9999 -9999 -9999 -9999 -9999 -9999 -9999 -9999 -9999 -9999 -9999 -9999 -9999 -9999 -9999 -9999 -9999
0.9028418 0.7004609 0.7530722 0.8418587 0.8553379 0.6590246 0.5349078 0.7243856 1.237289 0.9695085 0.675 0.8007681 1.0048 1.221697 1.409869 2.127842 1.455415 0.8996928 0.2281106 -1.231144 -0.6101766 -0.3235407 -0.5311828 -0.7402458 -1.233909 -1.505146 -0.9166667 0.08329493 0.7002304 -0.672043 -0.4993856 -0.7614055 -1.270238 -1.383372 -1.151882 0.6219278 1.393625 2.44182 2.749693 2.121083 2.044009 3.623541 2.853763 4.360638 3.886444 2.678495 2.698426 3.746582 4.467665 5.614516 5.962212 -9999 -9999 -9999 -9999 -9999 -9999 -9999 -9999 -9999 -9999 -9999 -9999 -9999 -9999 -9999 -9999 -9999 -9999 -9999 -9999 -9999
0.7574885 0.9304147 0.9548771 0.8759984 0.7707373 0.7511521 0.6882489 1.393356 1.003994 1.134409 0.9586406 0.4231951 0.1790323 0.544278 1.204263 1.902458 1.785983 1.401843 1.239055 -0.344086 -0.9367896 -0.8749616 -1.102765 -1.407412 -1.921736 -1.97212 -1.301651 -0.4551075 0.4548771 -0.2049923 -1.172734 -1.231912 -1.90649 -1.845661 0.2004608 0.9528034 2.634869 2.792281 3.295008 3.856567 4.141398 4.736137 4.61659 3.077151 2.044739 2.19785 3.232296 4.465899 5.282911 5.809485 5.554954 -9999 -9999 -9999 -9999 -9999 -9999 -9999 -9999 -9999 -9999 -9999 -9999 -9999 -9999 -9999 -9999 -9999 -9999 -9999 -9999 -9999
0.952957 1.101651 1.107143 0.9041474 0.8455453 1.188863 1.233257 1.182412 1.029071 1.333103 1.33679 1.166244 1.345584 1.88053 1.406528 1.177535 0.7944701 -0.0266129 0.2072581 0.8218894 0.6490784 0.3725806 -0.04350999 -1.164363 -1.810906 -2.096621 -1.96778 -1.306682 -0.3804148 -0.03041475 -1.20914 -1.75626 -2.001728 -1.455338 -0.07926267 0.2895929 1.940975 3.157296 3.901421 4.104531 3.749078 3.199578 3.225 2.704608 1.994163 2.617051 3.574885 4.677458 5.460829 5.147696 4.805453 -9999 -9999 -9999 -9999 -9999 -9999 -9999 -9999 -9999 -9999 -9999 -9999 -9999 -9999 -9999 -9999 -9999 -9999 -9999 -9999 -9999
1.141513 1.358333 1.33268 1.326843 1.44831 1.521813 1.304493 0.9148617 1.182757 1.399693 1.378802 1.445968 1.50169 1.343203 1.581375 1.293395 0.6324117 -0.05802611 -0.07069892 -0.497427 0.1443548 0.103533 0.02845622 -0.3784562 -1.074885 -1.169316 -0.7986943 -0.588172 -0.7746544 -0.4374424 -0.1286482 -0.8551075 -1.102381 -0.7841398 -0.1614823 0.7022274 2.40576 3.105146 3.261713 3.330223 3.077611 2.194009 1.276382 1.829954 1.937826 2.920737 4.370545 4.910138 4.421966 3.855031 3.987826 4.369431 -9999 -9999 -9999 -9999 -9999 -9999 -9999 -9999 -9999 -9999 -9999 -9999 -9999 -9999 -9999 -9999 -9999 -9999 -9999 -9999
1.184255 1.373272 1.390092 1.551075 1.720661 1.640207 1.317396 1.374078 1.46225 1.528111 1.310791 1.279762 1.174962 0.7895162 0.8417819 1.354032 1.098771 0.8004224 0.6728495 -0.2320661 -1.182527 -2.232028 -1.222427 -1.496313 -1.264247 -1.002803 -1.025461 -1.022235 -0.6093702 -1.279916 -0.1175499 0.5119048 0.3954301 0.08099078 0.2160522 0.8382488 1.475614 1.623349 1.457489 2.094355 2.738134 2.242934 0.8195853 1.404301 1.769816 2.621467 3.942051 4.4697 3.868279 3.037404 3.254109 3.808948 -9999 -9999 -9999 -9999 -9999 -9999 -9999 -9999 -9999 -9999 -9999 -9999 -9999 -9999 -9999 -9999 -9999 -9999 -9999 -9999
1.026267 1.350115 1.333756 1.583295 1.431144 0.9864823 0.8836021 1.015591 0.7582949 0.161636 0.5460061 1.016513 1.03606 0.6680492 0.4169739 0.3007296 1.019316 0.9432796 0.8105607 -0.3266897 -0.803533 -1.105799 -3.253034 -2.056605 -1.394355 -0.7317204 -0.9269201 -1.396697 -0.9331029 -1.570123 0.2367512 0.8902074 0.6104839 0.6109447 1.1553 1.710906 1.390284 0.9374424 1.110829 2.167012 2.415707 1.406336 0.5487327 1.531759 2.410254 2.410138 4.033449 4.710983 4.148349 3.530453 3.906452 4.611175 4.723925 -9999 -9999 -9999 -9999 -9999 -9999 -9999 -9999 -9999 -9999 -9999 -9999 -9999 -9999 -9999 -9999 -9999 -9999 -9999
1.105415 0.2006528 0.7154762 1.373848 1.128725 0.6388633 0.6943548 1.073003 1.090515 1.121045 1.10361 1.404685 1.197158 0.4938172 -0.08052995 -0.3485407 -0.01931644 -0.1226959 -0.1350998 -0.2763057 -0.6465822 -1.222235 -2.639862 -1.701728 -1.475 -1.800538 -2.501383 -2.322734 -1.568664 -2.370085 -1.494009 -0.438172 -0.5486559 -0.6367127 -0.4169355 0.2762289 2.080952 2.805876 2.433948 2.535753 1.291897 0.1396697 0.3086405 1.111598 2.371582 3.218702 4.579493 4.142281 3.366398 3.293126 3.759217 4.139132 4.699462 5.372081 -9999 -9999 -9999 -9999 -9999 -9999 -9999 -9999 -9999 -9999 -9999 -9999 -9999 -9999 -9999 -9999 -9999 -9999
0.3003072 1.269163 1.129186 1.490438 0.7761905 -0.01466974 -0.0672811 0.2660522 0.4925499 1.171889 1.374501 1.418894 1.034754 0.4571812 0.1774578 0.3010753 0.008947773 0.2164363 0.3634409 -1.051959 -1.575538 -1.505108 -1.53053 -1.170776 -0.3862135 -0.2920891 -0.3142857 -0.07158218 -0.1317204 -0.8202381 0.1447389 -0.06309524 -0.0874424 -0.4609447 -0.8298003 -0.1097926 1.519662 2.208295 2.621544 1.314439 0.3677035 0.4332181 1.082834 1.689977 2.434485 3.290899 4.135369 3.914478 3.701229 3.941667 4.476114 4.909485 5.145622 5.225422 -9999 -9999 -9999 -9999 -9999 -9999 -9999 -9999 -9999 -9999 -9999 -9999 -9999 -9999 -9999 -9999 -9999 -9999
-0.65649 1.085676 1.468088 1.337903 1.235637 0.7420507 0.2889401 0.2342934 -0.08959293 0.6193932 1.413057 1.169969 1.120315 0.8827189 0.5738863 0.7279186 0.7067972 0.7639401 0.7466206 -0.9628264 -1.567358 -1.590131 -1.970891 -1.817281 -1.381144 -0.1061444 0.4969278 0.3028802 -0.1304147 -0.1740783 0.1973886 -0.3942396 0.5687404 -0.8611751 -1.548541 -1.035177 1.453072 2.327035 1.927304 1.015054 0.1706989 0.390745 1.285945 2.102496 2.782796 2.707258 3.983103 3.529647 3.24159 3.720315 4.540553 5.137404 5.429147 5.486866 6.212442 -9999 -9999 -9999 -9999 -9999 -9999 -9999 -9999 -9999 -9999 -9999 -9999 -9999 -9999 -9999 -9999 -9999
-0.2538402 -0.1925883 1.249693 1.699501 1.583756 1.24351 0.6847543 0.1500384 0.1450461 0.4072196 1.346813 1.377727 1.144777 1.148694 1.247619 1.236521 1.199386 0.9095238 0.7764593 -0.184063 -0.7573349 -1.583833 -2.199232 -3.44543 -2.738287 -1.189862 -0.05971582 0.6461982 1.007988 0.889977 0.2084869 0.1182796 0.6106375 0.3969278 -0.166321 -0.2601382 1.79639 1.894854 0.5057604 0.5177035 -0.05829493 0.02857143 0.8725806 1.86563 2.576344 2.982181 4.116628 3.653764 3.653264 4.058602 4.477074 4.670123 4.82212 5.264439 6.153379 -9999 -9999 -9999 -9999 -9999 -9999 -9999 -9999 -9999 -9999 -9999 -9999 -9999 -9999 -9999 -9999 -9999
0.6058756 -0.4978495 0.8643625 1.786866 1.016167 0.3249232 -0.1380184 -0.3603687 -0.01056068 0.8693932 1.13775 1.046582 1.049693 1.244777 1.213979 0.9195852 0.9170891 0.8292243 0.4852919 0.03648233 -0.02868664 -0.5198541 -1.016398 -1.493702 -1.984639 -0.9632872 0.1771505 1.031759 1.309908 1.045123 0.6664746 1.193664 0.6361751 0.421851 0.5586022 0.9558372 1.488902 1.81371 1.919931 0.9816436 0.9264209 0.9334486 0.7046851 1.024501 2.18341 2.802957 3.608064 3.310561 3.904685 4.253456 4.351536 4.699347 5.224846 5.489132 5.449462 -9999 -9999 -9999 -9999 -9999 -9999 -9999 -9999 -9999 -9999 -9999 -9999 -9999 -9999 -9999 -9999 -9999
1.502957 0.9640169 0.8236943 1.887366 1.286597 0.9853687 0.7402458 0.2087942 -0.07300307 0.6771889 1.121851 1.121736 0.8853303 0.8636329 0.7124424 0.3425115 0.2320276 0.2961982 0.9197773 -0.1607527 0.04389401 0.1799155 0.2293011 0.2137865 -0.009254992 0.05568356 0.2901306 0.8683948 0.9860599 0.8710061 1.205607 1.542358 0.8601382 1.087596 1.227803 1.690438 -0.4370584 -0.9596006 0.1491936 0.9526498 1.079032 0.0202381 -0.5491936 -0.2341782 0.808871 2.217896 2.606068 3.439554 4.057296 4.156912 3.922542 4.039824 4.816859 5.259178 5.234408 5.440476 -9999 -9999 -9999 -9999 -9999 -9999 -9999 -9999 -9999 -9999 -9999 -9999 -9999 -9999 -9999 -9999
1.536444 1.450806 1.602496 2.012903 0.9826421 0.1453149 0.03982335 -0.02699693 -0.281106 0.3234639 0.7683564 0.5397465 0.5321044 0.703341 0.4826805 -0.03701997 -0.1329493 0.4017665 0.7420891 0.7634408 0.9263057 0.915553 0.8457373 0.6631721 0.1566052 -0.1493472 0.4149386 0.8910522 1.00073 0.9831797 1.193318 1.445469 0.8985791 1.319816 1.347734 1.421121 -1.556836 -1.20937 -0.6881337 0.09143625 -0.03990015 -0.8855991 -0.5328725 -0.1076037 0.6396313 2.945545 3.495776 2.709025 3.761598 3.940323 4.06417 4.282873 4.581183 5.118011 5.574846 5.80119 -9999 -9999 -9999 -9999 -9999 -9999 -9999 -9999 -9999 -9999 -9999 -9999 -9999 -9999 -9999 -9999
1.371659 1.398771 1.610023 1.758602 1.286252 0.527957 -0.3297235 -0.5653994 0.01958525 0.7802227 0.4947389 0.5997696 0.4955837 0.3279186 0.4392473 0.5649002 0.5024962 0.8322965 1.69255 1.360561 1.094432 1.127957 1.346928 1.3048 0.9359447 0.2091014 0.9642089 1.086636 1.313979 1.33533 1.315399 1.61755 1.165284 1.300845 1.442972 1.15169 -0.09781106 0.01340246 0.3805684 0.4175883 0.497427 0.2487327 0.928533 1.9649 3.127995 4.130107 4.289747 4.292012 4.286367 4.560714 4.317627 4.207949 4.482373 4.981605 6.067665 6.442704 -9999 -9999 -9999 -9999 -9999 -9999 -9999 -9999 -9999 -9999 -9999 -9999 -9999 -9999 -9999 -9999
