features/re_bio4.asc
ncols         768
nrows         589
xllcorner     124.299398925
yllcorner     32.893460211367
cellsize      0.010567299164062
NODATA_value  -9999
[rows 352 to 383 of 589, columns 288 to 359 of 768]
1035.361 1034.385 1032.137 1028.769 1013.077 1003.083 995.5677 983.8521 983.9426 976.5746 973.888 972.9692 958.2795 940.0139 925.9186 910.3863 913.5665 914.2628 912.9144 910.7498 906.4039 897.7532 892.5933 896.8314 911.1472 916.6812 917.9156 916.9508 915.8623 917.2343 923.2861 915.9595 924.0112 926.4624 926.1779 922.0122 918.7765 917.3839 912.2017 904.0197 905.2758 913.5757 916.5146 913.9399 914.8652 924.12 934.8046 937.2979 934.2932 929.3553 930.2025 938.1879 946.8919 951.448 953.1564 953.9597 955.5319 935.9981 932.2499 935.8411 945.5706 961.195 971.4642 972.9415 983.3622 982.8517 980.3246 985.3318 982.2451 979.3969 983.4756 994.6601
1034.127 1033.299 1028.261 1021.06 1006.544 1003.372 998.4326 994.7356 985.6738 978.4784 970.8724 964.7941 959.1677 938.7657 918.6549 916.1764 913.8011 907.9789 902.3196 898.7299 896.0488 893.2199 897.5269 900.6602 914.4094 915.4615 911.5573 907.3884 906.171 910.9185 919.9468 928.0312 919.1976 914.9973 920.8734 918.7041 912.7465 909.108 906.7055 896.5084 897.015 906.0901 906.0255 902.551 907.2193 918.3283 924.2983 917.6539 915.4115 916.2523 922.2899 934.8698 943.608 948.2195 951.7895 951.7347 943.7815 925.8763 924.0773 926.9833 933.7894 948.0679 966.1303 978.1092 980.6921 981.0801 972.9664 988.1992 981.6984 990.0141 999.1449 1002.319
1030.677 1028.75 1021.87 1013.98 996.9395 993.9897 988.1793 985.2664 975.3733 971.4713 964.3539 950.0009 933.1797 916.6575 914.0209 908.574 905.0416 898.6219 893.5606 889.6428 882.2326 877.2113 893.3417 911.5695 913.6609 911.9966 909.6627 902.4899 898.2838 904.2952 913.4767 925.9077 917.9346 910.9854 915.0534 913.4053 907.378 902.3734 899.5355 886.6433 889.1544 894.8258 896.8857 892.3022 891.4039 900.8439 910.9601 908.5298 902.2047 910.1337 913.4107 929.911 931.5478 931.333 941.9571 952.8023 943.7925 923.5361 925.4392 934.0907 935.8104 945.6061 961.8525 972.4597 979.2891 982.0156 973.1328 976.4141 974.4471 989.3953 1000.968 1002.214
1021.948 1019.778 1016.982 1007.966 999.8935 985.4412 984.3654 975.4333 962.2571 954.3281 944.0549 928.8929 915.7028 908.2039 899.0409 893.7357 893.6703 892.9431 881.8857 875.7892 878.6877 886.477 907.1646 914.4601 905.5249 904.5456 904.4872 900.027 898.517 904.5372 912.9744 918.3305 914.6191 912.4232 908.3956 904.6552 901.9845 897.0275 889.42 887.8392 889.6893 895.1596 896.5669 897.6702 891.8524 889.5815 899.1692 911.8533 921.9716 928.1949 912.3588 916.089 912.8954 920.592 941.123 957.1498 955.6721 933.2958 934.1149 936.8917 941.2246 951.3985 965.0854 978.0753 984.8328 981.1773 966.7895 956.1461 966.462 980.4236 996.0189 1008.267
1013.595 1010.74 1008.572 1005.969 985.7612 984.5087 974.0219 961.5178 946.0745 935.6196 925.2588 915.4363 911.8619 908.8839 885.7812 871.9313 888.1227 887.6544 881.3319 884.1257 888.3437 891.8888 906.1241 905.3188 905.9359 903.3201 902.7922 901.5773 902.7903 909.4073 914.4237 911.1758 905.8528 908.9072 902.8692 900.0043 896.0083 890.0368 884.6464 886.4141 888.8161 890.9641 895.2629 901.6029 906.6167 905.0211 903.4269 915.8457 935.3098 933.3596 917.8601 898.0505 903.5283 918.7343 938.5425 956.2251 961.7372 958.9655 939.4329 945.3845 947.5705 959.5334 970.6575 974.8792 980.0861 982.3743 984.4977 989.7623 988.8076 978.0494 971.94 984.6916
1012.547 1008.627 1001.518 994.3149 978.5552 964.1042 939.676 923.5244 931.2761 946.1389 948.8206 943.7609 931.7399 912.9759 908.7781 907.3038 893.1314 870.4434 871.2957 881.9335 892.4838 897.5482 891.3597 888.5762 900.9619 896.6366 891.999 892.1296 896.0723 901.1969 900.921 893.2378 895.1015 898.8563 894.2628 888.9916 884.2311 881.0347 877.162 868.7521 869.1162 878.7804 881.6098 882.6696 896.6747 911.9325 925.2053 938.1968 944.1585 924.0359 930.6912 910.1218 913.5491 929.1606 943.763 941.6135 936.8682 971.2116 966.8707 963.9447 962.5179 967.0701 971.2922 973.2198 977.3235 980.4085 978.4459 974.7824 976.9585 965.5225 975.5394 985.7188
1006.919 1004.617 997.1577 989.9857 973.9236 953.6748 925.9279 919.2375 932.6907 950.9106 960.8191 951.1335 930.8432 921.0664 926.7609 909.6129 894.1523 876.7203 877.4875 885.8865 888.5375 885.4747 881.2757 884.7012 894.9194 885.8323 865.0982 868.5956 880.3371 887.4774 888.8017 884.2427 885.8494 885.2007 890.5105 881.2018 875.7318 875.9603 877.2546 872.2338 868.1488 875.2483 884.9249 883.2371 883.206 896.0731 917.7218 937.598 943.0129 914.825 915.2353 899.4193 910.9463 930.9784 949.9103 947.4507 939.1953 963.8237 968.5404 962.362 960.3467 963.6393 967.9189 971.3452 972.8903 971.5629 967.5692 964.6245 955.669 957.1776 974.0966 980.8907
1000.897 994.3046 989.0922 982.1764 967.1025 951.0557 932.4824 928.5146 945.2795 958.7636 959.3849 948.8994 936.0121 927.4956 918.4443 901.9114 890.5538 877.9578 879.0254 885.6063 881.7624 872.0292 856.9816 863.2403 870.1071 870.6114 864.557 865.6386 865.2968 868.7352 871.0188 860.8071 858.2181 875.0073 877.4562 865.6389 867.4779 876.6612 881.0609 872.6393 869.5663 864.1447 874.7665 884.0682 900.4092 907.0733 920.7723 943.0058 946.1326 924.7497 917.8524 901.9848 915.3551 938.5852 952.2167 948.0903 943.9478 955.3261 961.5603 962.9491 965.3218 963.3169 963.7525 967.7618 970.4915 966.041 954.7236 961.959 936.4297 954.9904 970.7588 974.3594
1001.564 991.8854 982.9435 970.632 946.3204 939.1403 944.7937 939.6481 957.3774 956.5428 948.238 937.6456 928.8467 920.513 908.8278 894.5537 889.7771 879.4197 877.6882 881.1357 879.5984 867.2584 841.0076 842.5893 847.0204 852.6461 860.8163 869.5695 872.8521 875.6104 875.8452 869.7138 872.6602 872.4302 865.4339 865.4672 872.6976 874.6229 875.5687 877.0394 869.66 870.1343 883.3619 897.13 899.1907 908.259 926.316 942.3106 941.7062 921.1487 927.4742 914.2759 920.858 941.9989 950.8723 945.3315 944.1811 955.7 956.4061 959.3587 961.1646 958.6154 962.5819 968.5129 968.0097 960.5397 950.9057 948.0137 941.442 955.3981 964.3856 969.5295
989.4756 987.0858 976.4805 965.6576 944.8699 936.6333 941.6504 953.5092 964.633 950.2929 930.3135 919.3701 914.8575 908.1516 896.6172 885.4446 881.3121 868.9594 866.9108 866.1004 860.5449 853.6921 842.9734 837.6684 855.7351 851.3224 859.9889 868.8455 880.3808 885.7553 881.6312 877.4586 884.3938 881.0953 874.6969 871.7552 877.7048 875.7692 874.9457 886.6317 880.6179 872.9462 881.7962 892.5344 915.7359 924.3647 937.6147 950.5878 939.4603 919.2465 943.212 933.5732 936.01 932.9598 945.8548 955.6972 954.9542 952.6449 955.2729 958.6533 958.0977 960.8621 966.1588 967.2446 964.481 965.605 970.0508 960.5132 962.5232 968.7641 966.7443 975.0576
985.4694 983.9346 979.4129 965.1648 943.9618 952.0764 961.4227 963.7 957.45 955.5642 941.2934 926.904 909.6973 896.2256 896.3724 895.715 880.2725 871.4632 861.8488 857.9442 851.4347 852.4805 847.1535 847.5473 857.8965 863.2768 872.9742 875.6718 881.9456 891.4222 895.1028 893.1294 893.9508 889.6277 875.5905 879.8088 886.1258 883.9715 884.9243 893.5286 894.552 894.1212 905.6102 899.4023 911.8112 928.4467 945.2516 958.0654 958.9157 947.081 944.9624 927.0145 937.0757 936.1412 951.1559 966.2543 965.8127 953.8469 959.6739 961.4874 963.6197 961.2598 962.9164 966.6722 964.4089 964.4035 977.3178 977.7817 965.4339 981.5562 981.7214 987.9902
983.0443 976.7986 965.8962 957.8851 935.1552 935.8442 955.8965 964.5893 957.5288 962.331 959.6344 939.8777 914.1721 903.392 908.5759 899.9318 883.0872 887.85 866.077 862.8177 859.2456 860.1192 860.7819 859.0186 856.3115 872.9831 884.65 883.3646 883.9736 893.2296 905.2101 907.0162 899.5442 896.2416 884.9001 885.8026 892.0917 896.2532 897.96 902.7624 901.155 907.4935 915.942 900.8251 902.3071 920.9016 943.9343 959.5417 962.9141 956.5558 945.8164 942.1276 937.2955 957.9966 958.098 956.2184 958.3655 960.9122 956.7162 962.2672 969.4932 965.4061 973.7967 973.1292 962.8973 960.0715 974.0094 989.8995 978.6606 990.8839 983.1792 988.1412
979.8802 971.572 973.8834 969.0754 946.3004 941.7007 957.6482 968.7374 971.4349 955.5647 961.7997 961.0244 948.4001 935.3505 924.9314 906.1118 892.3612 892.7522 871.925 870.1743 867.7444 862.2391 870.7673 874.5229 867.8724 870.5406 886.7821 895.0446 894.8073 906.2678 913.3469 907.8477 906.3269 904.7637 897.6713 888.7234 891.5108 895.1573 899.5659 911.1333 910.5939 916.8707 928.1906 905.3002 903.6334 920.7072 944.6739 959.6653 963.8834 962.9158 951.3511 957.994 952.1151 962.774 960.6409 960.121 962.2844 968.0847 965.4869 970.2689 972.1169 965.9706 1001.249 997.4888 977.8388 980.3981 995.8237 999.4028 1001.315 986.0762 998.8344 1009.309
971.7497 977.025 971.1511 964.8794 951.2186 952.6902 954.1885 966.0139 969.3644 958.7567 965.2191 964.4811 960.5441 947.0538 924.8558 914.5627 918.3735 899.5969 878.6217 882.1928 873.9587 857.8574 868.682 880.6995 879.7894 881.3257 880.6569 893.3779 910.9954 911.4329 906.9461 907.0588 906.2117 902.1246 897.6925 884.8361 880.297 883.6036 889.973 907.3755 912.9465 924.3383 935.1747 923.5596 910.03 926.2269 948.1766 953.7639 953.0919 958.6506 953.8354 944.7864 935.8325 963.2279 973.9849 967.7788 959.5156 970.4264 982.6193 996.892 1011.922 1003.027 1016.15 1006.898 988.4365 987.545 1006.762 1017.977 994.5219 986.8718 1004.578 1004.65
963.0239 958.7659 969.0782 973.2164 957.3972 954.9379 944.0756 956.9783 964.5671 966.2789 969.2915 968.6246 966.1303 961.0289 949.3892 933.1988 912.1567 890.4792 885.3843 894.436 883.8783 865.702 875.0288 881.5364 892.109 889.6924 883.9709 888.4171 902.1584 912.8354 908.3411 899.1424 893.3604 885.0431 881.5651 886.8358 884.4988 884.4897 890.5694 898.7994 906.7842 910.4351 929.7097 936.4438 928.9 935.6252 945.6427 943.6984 944.6799 951.7044 940.6317 947.6592 945.9053 970.0862 975.4426 967.3369 968.33 986.021 1004.831 1016.995 998.0706 1001.868 1011.333 1001.827 993.4006 993.5504 1001.506 1015.597 1010.399 1001.515 1008.071 1019.24
946.3625 938.5068 952.3958 970.4788 968.9175 951.6417 934.7598 947.7155 950.3599 957.7036 964.9444 968.8109 969.7761 966.3135 960.7911 948.178 917.1931 902.54 889.7935 896.4178 879.1121 861.8197 878.3918 895.925 910.7086 886.8918 878.153 885.9063 903.4928 917.6646 915.2024 903.7035 895.0624 888.0714 883.4827 896.394 902.5389 901.7175 903.1757 895.2689 900.1129 912.8933 925.65 934.7399 941.1569 945.0601 946.5309 941.3884 936.9906 937.4008 939.7368 963.0959 965.0356 983.3872 980.0536 982.0959 991.2566 1004.919 1012.08 1027.98 1016.587 1007.054 1015.76 1013.098 1005.051 1004.681 1006.593 1005.654 1009.568 997.5866 1002.793 1006.572
942.2189 931.1592 942.5773 967.0919 968.4092 955.3552 936.5612 935.7598 933.9786 947.9612 959.5519 965.0993 966.313 963.5403 961.8018 959.3189 939.8503 909.1252 900.2189 907.1538 887.5834 870.8477 880.1182 896.5732 909.5154 901.1577 894.5312 894.6721 907.6768 922.173 921.3198 912.1763 905.7833 898.0165 890.6956 894.6606 905.543 909.2455 914.5587 906.1399 899.0554 912.544 921.8533 936.1273 934.7766 934.323 938.8741 941.457 938.2954 933.6708 937.329 954.3264 971.9922 992.1917 998.0371 1009.065 1014.701 1014.43 1022.023 1035.016 1037.866 1028.631 1021.328 1014.577 1009.906 1014.405 1012.261 997.1801 1003.424 1017.981 1004.357 1003.978
954.1843 955.1243 960.6674 973.4036 968.9002 954.2927 936.4678 935.2527 926.5172 949.08 958.9886 964.7943 964.8868 959.4888 961.4503 968.6458 954.7776 915.7024 932.0579 914.9911 892.5658 881.587 893.4238 894.7715 903.4516 912.1937 904.7107 897.9919 910.649 918.9471 917.6229 914.0938 913.0314 910.1577 902.9278 896.3244 892.6451 900.6049 909.1854 918.0472 908.678 905.2781 907.6026 915.0873 907.5341 917.0751 932.1548 942.0444 933.5467 925.0767 937.5826 959.9772 985.9703 1019.596 1019.043 1021.312 1028.021 1027.43 1024.455 1027.085 1036.588 1033.765 1025.304 1021.263 1015.279 1012.527 1012.654 1010.847 1009.628 1014.47 1003.392 1008.832
952.1614 956.6351 969.1588 969.8708 964.0175 950.0983 944.8051 952.9301 937.0905 950.5999 965.7328 970.6137 970.0725 967.1386 966.5288 969.7297 964.452 937.0844 955.7116 931.0731 907.2595 895.9189 902.3419 908.7074 908.8312 912.1357 904.2471 901.4751 908.9299 914.3498 915.9025 916.8207 915.8173 908.5836 896.326 901.3469 906.3745 911.1024 901.3221 911.623 918.2798 918.7236 911.8015 921.7377 920.5247 931.4361 936.8591 944.5455 943.5635 933.0283 942.1287 983.9462 999.326 1038.378 1031.168 1030.849 1039.087 1044.029 1036.534 1030.391 1027.145 1036.955 1035.142 1023.615 1020.044 1011.424 1007.966 1015.215 1019.688 1021.122 1014.808 1012.767
933.887 941.2455 946.6541 959.6607 969.7667 960.6742 957.6786 966.6518 967.0837 939.6317 962.6178 974.4459 975.1113 972.7856 969.3514 967.3661 965.1897 952.8746 949.5746 953.2869 931.7192 914.0223 915.6378 917.7125 919.5402 914.8395 907.9371 906.8676 910.5501 911.4978 911.0854 910.1002 908.9807 906.521 904.2517 912.7957 919.5577 924.7341 918.5032 903.5159 909.3782 919.5544 933.4694 932.0156 935.5109 921.0335 938.4661 940.7036 945.1236 964.9133 983.7687 991.0766 1004.686 1041.844 1035.409 1030.51 1044.591 1054.969 1049.39 1036.334 1029.526 1034.962 1038.139 1019.777 1019.27 1020.022 1014.786 1010.517 1012.928 1013.189 1014.271 1013.503
921.09 946.2029 958.4211 965.5638 972.8573 975.8467 974.8314 977.5715 986.0829 970.746 958.6127 973.3163 979.5504 974.6307 967.4814 964.4951 963.8348 955.7312 953.3765 954.2386 943.7264 930.686 918.5895 914.1973 915.2125 910.5013 910.7213 909.1411 909.5529 908.6591 905.7778 905.0925 902.485 898.842 905.5508 917.4156 933.6039 943.8914 934.2297 909.6191 909.3057 919.8728 934.3442 937.313 927.5406 927.0386 940.7184 955.6226 969.1909 969.4577 966.5983 988.2233 1007.707 1024.536 1046.342 1041.623 1048.32 1054.673 1049.793 1041.641 1027.596 1028.173 1028.606 1016.909 1010.686 1016.172 1016.493 1010.494 1007.597 1006.179 1013.161 1011.923
943.7312 966.068 965.4109 974.785 962.6096 966.2835 966.8087 968.6234 977.8079 987.8244 976.9965 976.2722 982.1591 972.0527 955.0238 951.6771 958.6406 949.6489 947.7399 944.8667 948.7006 938.179 910.2539 908.9872 909.5772 904.0618 909.8174 911.9522 912.3848 912.583 913.6539 911.5713 905.2893 902.8531 912.9759 924.3223 940.3389 952.5593 934.1944 919.8236 919.7771 927.6883 940.1321 934.2988 923.31 916.6298 938.4554 949.9435 949.0876 958.8219 980.6158 992.4271 1003.648 1016.638 1023.288 1037.956 1048.131 1045.85 1043.299 1039.041 1029.581 1014.844 1024.591 1011.243 1000.466 1006.804 1007.172 1000.016 997.9059 999.9511 1011.499 1008.987
966.0118 963.3893 967.0198 969.8846 948.6469 959.6493 962.5372 947.8848 966.6136 969.8071 983.7476 982.8294 984.6048 974.2393 948.7322 941.1122 952.4393 931.9872 933.9191 926.2503 942.7245 939.0574 915.1706 909.1877 907.559 905.8444 917.1635 913.2639 915.4045 920.05 926.6359 927.8361 916.5641 909.8193 925.8192 935.5099 947.15 958.7417 933.6506 911.761 922.3329 936.8473 943.1094 940.7607 925.9893 933.5936 942.0999 944.7239 949.2676 945.1336 951.8871 982.7056 996.5947 1003.127 1015.705 1024.384 1034.295 1039.656 1042.251 1044.933 1029.514 1012.601 1017.289 998.1479 990.1805 1001.918 1007.42 1003.353 1002.365 1005.749 1010.017 1006.502
968.286 963.7749 961.0928 969.0056 943.1738 938.6899 936.4914 935.5374 943.5551 933.9279 954.7328 969.566 977.3276 964.035 936.7424 932.1748 941.9739 920.6047 917.5949 941.3061 945.7284 933.0408 905.1852 898.9786 903.9424 917.1526 912.9706 908.7267 912.764 926.3176 932.1148 937.388 938.0719 938.4455 947.2249 956.1192 962.0682 957.7759 931.16 916.1321 913.6276 915.3911 925.7621 938.4902 977.1359 961.1598 961.8429 965.8414 949.7365 954.3225 963.8722 966.027 982.8971 987.6789 1001.053 1004.22 1004.113 1006.894 1019.029 1019.62 991.1915 989.8377 981.8171 1002.536 1004.768 1005.807 1008.628 1009.809 1008.435 1006.936 1003.714 996.0843
950.8793 948.8569 949.1603 966.8904 942.8741 928.0665 924.3914 936.9479 950.576 952.4511 964.8351 970.5543 979.6003 970.8988 953.6418 944.3288 947.2917 945.9166 928.6802 941.811 949.8956 938.9805 912.9627 904.4832 904.6413 908.9623 908.6849 897.7557 914.2945 923.3732 925.5505 923.8704 930.0671 939.6526 946.5059 955.25 947.2662 938.2492 929.114 930.1098 923.798 920.3647 935.0597 941.8445 955.8465 964.7294 976.8897 973.9355 948.9698 953.0335 967.3621 970.3209 976.9675 984.078 987.4879 994.2803 994.5075 1003.575 995.4622 990.6784 994.734 1001.182 1004.28 1004.479 996.6479 993.9694 1000.62 1004.398 1003.75 996.8281 981.4158 977.9407
942.8788 932.3906 937.2494 960.1378 956.5058 941.7882 933.9106 940.8739 956.105 968.5789 974.7997 977.1938 981.0301 973.8203 964.2628 952.3646 942.6614 939.5889 933.9425 943.4603 949.9967 936.4205 910.547 902.2556 898.442 898.8699 898.9695 908.8173 907.8202 917.0784 914.3615 913.4851 917.3871 928.8345 944.9589 948.675 930.7257 917.4551 905.4073 935.9558 947.8401 940.1839 931.8058 939.9694 948.4055 964.8695 980.2964 978.8882 945.1201 943.8181 960.3538 969.4213 975.9357 984.8185 996.3788 985.1974 975.8704 994.1695 991.2252 989.208 991.5799 989.2679 1001.13 1004.847 995.4493 997.222 1001.126 990.9747 982.9392 983.1146 978.2896 975.2372
943.1766 929.3384 934.6356 954.7114 950.16 949.7699 949.058 950.5628 973.5365 982.4698 988.0227 981.2994 980.4783 978.0571 966.1342 949.7901 937.6916 933.9476 933.1955 938.1735 943.3134 926.3798 899.6877 894.962 892.4147 889.0941 886.0586 892.4116 891.5871 900.499 897.8359 899.0864 914.5433 930.2646 941.3808 951.1525 940.6821 920.3706 910.0236 923.4468 940.6215 941.3813 935.4088 942.3859 948.8941 965.1569 979.8278 969.1175 948.8315 949.1165 961.0731 968.5235 974.9894 989.3594 998.8605 972.2142 958.7577 990.6285 987.5516 976.6896 976.9432 986.248 999.1014 1004.922 988.6142 977.5757 978.9497 983.7423 984.8284 983.5161 985.7048 988.728
943.5474 933.2738 933.0566 953.1435 955.6354 963.2932 968.5245 973.4309 987.5142 991.371 992.3452 989.0278 981.152 973.7642 969.3544 960.4867 951.6398 944.7457 928.7336 914.77 925.6343 914.6448 878.46 879.0483 881.1063 876.4448 868.9169 876.2279 873.3096 885.5847 892.3206 902.5187 917.9003 929.0485 942.0251 954.9625 927.8122 908.9028 904.6249 940.9405 932.2848 936.9977 946.6873 946.5576 953.7278 972.7542 974.5077 961.4482 949.1795 959.7748 970.156 975.1312 979.967 982.7295 982.5668 967.5245 966.5383 989.5278 986.5825 982.6724 985.8769 992.3294 989.0535 986.5833 972.9618 970.4115 976.7867 988.9891 993.5119 988.1876 984.4762 987.8795
939.1135 936.4501 937.6859 942.8049 963.4604 968.9598 974.0146 978.6268 984.9352 993.9389 984.6104 987.0657 977.7947 951.8578 961.2997 964.4053 953.099 938.9141 915.7659 896.5868 905.0531 897.3719 882.8469 881.0063 883.5259 886.8577 869.5672 857.16 869.2659 881.4525 891.2403 898.8902 910.9294 924.0319 933.6068 942.7117 953.7184 932.2856 938.7538 940.9893 944.6292 944.0799 941.4572 944.6158 948.4103 958.4769 957.035 952.0317 953.9409 964.431 967.8702 959.9528 959.1582 972.6346 973.6352 964.9086 968.2651 985.689 990.548 993.7078 993.9664 985.6464 976.6987 966.1984 966.3259 979.6028 985.4957 989.0645 985.4982 980.7469 980.4236 983.2034
942.0347 940.3857 949.6326 957.0439 975.6816 980.0536 978.6498 978.171 983.222 983.2701 987.6628 976.5058 972.4343 953.9906 957.1766 949.5736 938.6387 931.2336 907.9061 879.712 902.3776 893.1508 896.1272 885.9346 889.1212 895.0519 879.2706 868.9818 870.8809 866.163 886.7388 903.692 918.1368 919.4464 920.9133 932.1664 936.6503 941.7068 944.6286 935.1449 935.9069 955.3909 957.3002 948.4208 965.0006 952.8784 940.7546 946.357 974.0313 962.0862 960.2501 952.7437 937.8933 940.5325 950.1216 960.773 959.7587 982.0555 989.4851 994.569 992.8931 979.0707 976.3315 978.5396 979.5802 -9999 -9999 -9999 -9999 -9999 990.2092 990.083
947.9808 952.041 956.6581 959.8376 969.2499 976.1763 978.6584 980.6036 981.306 974.2648 977.5748 977.3342 962.5923 953.1169 947.8695 924.8101 918.5107 925.4326 908.8136 894.2231 903.8664 914.628 906.0266 888.9436 891.8745 904.3605 901.2374 894.6879 887.9309 866.2615 879.5306 894.3943 909.386 914.8719 916.0007 919.0891 923.5756 929.6047 940.8145 933.1141 938.512 944.4304 948.8256 955.0295 956.4609 942.3848 942.5224 952.1598 951.2316 949.5037 944.8987 942.3796 950.0244 956.2326 944.5719 955.6853 947.7675 975.0345 973.6021 979.5068 980.3087 968.696 972.9 986.8242 -9999 -9999 -9999 -9999 -9999 -9999 998.5337 998.6378
946.6846 946.5946 943.2025 942.1887 945.7779 960.8984 973.57 977.6284 965.6059 950.8854 959.8703 955.9006 952.0282 951.9524 931.34 924.7736 927.1458 921.6898 914.0992 925.3553 932.4131 926.9596 914.9101 896.2589 897.0524 905.0598 903.8527 907.3958 896.441 879.8509 878.5453 892.1072 910.2193 917.8351 917.0084 913.5336 914.6116 930.1184 933.043 938.4604 938.6376 941.0831 945.9231 950.5668 945.125 925.5616 938.7299 947.9868 951.4193 942.5539 939.6113 941.0374 949.624 960.2083 955.7172 943.7904 944.9487 953.9888 959.2641 975.7241 977.326 962.5883 964.1211 985.9999 -9999 -9999 -9999 -9999 -9999 997.6362 999.7115 999.8113
