features/re_bio7.asc
ncols         768
nrows         589
xllcorner     124.299398925
yllcorner     32.893460211367
cellsize      0.010567299164062
NODATA_value  -9999
[rows 352 to 383 of 589, columns 288 to 359 of 768]
39.67419 39.6129 39.54839 39.44839 38.98064 38.66774 38.56129 38.44194 38.36774 38.12903 37.99677 37.95807 37.65484 37.07097 36.51613 35.79678 36.34769 36.58099 36.6235 36.59966 36.39343 35.87004 36.06002 36.21936 36.9864 37.41763 37.39793 37.25806 37.15541 37.10081 37.2 36.85806 37.53548 37.57742 37.7129 37.47742 37.21613 37.07097 36.61935 36.10968 36.31613 36.96129 37.17742 37.03226 37.13226 37.65161 38.12903 38.20645 38.02903 37.88065 37.8742 38.10323 38.44194 38.68064 38.74516 38.83226 38.88065 37.68387 37.54839 37.79355 38.31613 39.03871 39.48387 39.53548 39.90968 39.93226 39.74194 39.91935 39.70645 39.49355 39.56774 40.03548
39.62903 39.5871 39.46774 39.29678 38.95161 38.94194 38.63226 38.50968 38.22903 38.16129 38.15484 37.98064 37.62258 37.07419 36.7 36.51947 36.56083 36.31763 36.00933 35.82131 35.69666 35.6106 36.49954 36.7553 37.46809 37.44136 36.90622 36.35357 36.26348 36.67892 37.13871 37.63871 37.23549 36.82581 37.3 37.17419 36.68387 36.31936 36.1129 35.60968 35.76774 36.43548 36.47742 36.33871 36.69677 37.39355 37.68387 37.32581 37.24194 37.26451 37.60968 38.04839 38.3871 38.5871 38.72903 38.74516 38.38065 36.91935 36.88065 37.1129 37.59355 38.35484 39.20322 39.66774 39.76451 39.84516 39.36774 40.03871 39.74516 39.97742 40.27097 40.34839
39.54839 39.48064 39.29355 39.11613 38.65484 38.58065 38.49355 38.41935 38.28387 38.14194 38.00968 37.70645 37.19032 36.59678 36.51936 36.09032 36.07984 35.71993 35.35726 35.0318 34.90991 35.18341 36.46624 37.45565 37.37961 37.03814 36.55081 35.93341 35.75841 36.28617 36.85484 37.57419 37.05484 36.4129 36.85161 36.76774 36.13226 35.63226 35.50323 35.04839 35.34839 35.84193 36.10323 35.90968 35.89032 36.45484 36.99677 36.76774 36.63226 37.04516 37.10323 37.90322 38.02581 38.02581 38.42581 38.8 38.48387 37.15807 37.18064 37.72581 37.76129 38.20968 38.97419 39.38387 39.68387 39.8742 39.36774 39.47742 39.35484 39.94839 40.42258 40.39032
39.3742 39.2871 39.15161 38.90322 38.65484 38.30645 38.42903 38.31613 37.99355 37.66774 37.38387 36.96452 36.42903 36.1 35.61613 35.31936 35.31936 35.2727 34.65807 34.56625 35.05507 35.62638 36.98064 37.64297 36.98283 36.02857 35.62235 35.85265 36.21106 36.47845 36.90645 37.27097 36.93548 36.8129 36.27742 35.81613 35.57742 35.26129 34.84193 35.11935 35.40322 35.85484 36.14194 36.3742 36.12903 35.97742 36.47419 37.26451 37.77419 38 36.95484 37.32258 37.13548 37.54516 38.48387 39.04516 38.98064 37.72903 37.78387 37.88387 38.08065 38.51291 39.07419 39.63871 39.94839 39.80968 39.0871 38.52903 38.95161 39.52581 40.19032 40.68387
39.16452 39.09355 38.99677 38.86129 38.35806 38.39355 38.23226 37.94194 37.44839 37.0871 36.55806 36.03226 35.84516 35.86452 34.83871 34.22903 34.98709 34.89032 34.67166 35.0197 35.42339 35.83134 36.74205 36.63007 36.96936 36.67719 35.95737 35.86843 36.27362 36.728 36.98387 36.50968 36.00968 36.49032 35.59032 35.38065 35.1258 34.77097 34.5871 34.92581 35.2871 35.57097 35.99677 36.51613 36.93548 36.92581 36.89355 37.48387 38.41613 38.22581 37.40322 36.3871 36.8 37.53226 38.32581 39.02258 39.28387 39.04193 38.07419 38.3129 38.34193 38.84516 39.33226 39.48064 39.70322 39.85806 39.89355 40.02903 39.95484 39.47419 39.17742 39.72258
39.08387 38.98064 38.79678 38.59355 38.33871 38.00323 37.34839 36.57419 36.72903 37.15484 37.25484 37.1 36.66774 36.04193 35.8871 35.77419 35.29678 34.2 34.23421 34.83641 35.60173 35.92143 35.33145 35.56843 35.9735 35.02143 34.73709 34.9 35.39032 35.79355 35.43548 34.60323 35.24516 35.38065 34.83871 34.53226 34.45161 34.51936 34.35484 34.02581 34.37097 35.03226 35.43226 35.49677 36.34516 37.26774 37.97097 38.6 38.83226 38.02581 38.33871 37.01936 37.4129 38.15807 38.72581 38.67742 38.43871 39.59678 39.36452 39.17419 39.03548 39.24516 39.39355 39.43226 39.57419 39.75161 39.60968 39.3871 39.45161 38.92258 39.29032 39.75806
38.98064 38.93548 38.76129 38.58065 38.20645 37.6 36.64194 36.26774 36.76129 37.35806 37.67419 37.40322 36.76129 36.53226 36.7129 36.06129 35.45161 34.52581 34.54516 35.0174 35.21601 34.82707 34.49355 35.12753 35.47316 34.88399 34.00138 34.04839 34.54516 34.6871 34.38065 34.17742 34.3 34.29355 34.60323 34.32903 33.91935 33.89677 34.1 34.36452 34.41935 35.01613 35.7871 35.73549 35.68387 36.46129 37.66452 38.59355 38.80645 37.38065 37.40645 36.57742 37.36774 38.27097 39.02903 38.97097 38.51936 39.22258 39.44839 39.13871 38.97097 39.08065 39.25161 39.36129 39.37097 39.28387 39.08387 38.89355 38.5 38.54839 39.23549 39.5
38.84193 38.69355 38.60323 38.46452 38.05806 37.49355 36.72903 36.64194 37.2 37.66129 37.77742 37.6 37.31613 37.10645 36.80323 35.97742 35.4 34.65484 34.70645 35.0871 34.8 34.14516 33.53548 33.95968 34.16314 34.21613 34.14781 34.14124 33.99032 34.07419 34.06774 33.33226 33.14194 33.86774 34.05484 33.53226 33.60645 34.07742 34.42903 34.60968 34.75484 34.58387 35.20968 35.83871 36.83871 37.22581 37.83548 38.90968 39.07097 38.01291 37.64194 36.81613 37.67419 38.62258 39.13548 38.94516 38.63548 38.82258 39.1129 39.13226 39.21613 39.0871 39.06774 39.19677 39.2871 39.02903 38.41613 38.76129 37.65484 38.44516 39.09032 39.20322
38.88065 38.68387 38.51936 38.25806 37.64194 37.3 37.2129 37.07742 37.66774 37.90968 37.78064 37.45807 37.27419 37.11613 36.64516 35.80645 35.55484 34.83548 34.65807 34.85484 34.68064 33.97097 32.96129 33.19217 33.24643 33.53548 34.00645 34.45161 34.57742 34.61935 34.46774 34.00968 34.13871 33.94194 33.56774 33.47097 33.92258 34.13226 34.3742 35.0871 34.79355 34.97419 35.86129 36.70645 36.78387 37.23226 38.17419 38.93871 38.86774 37.78064 38.23549 37.53548 38.01291 38.80968 39.10645 38.86774 38.66452 38.86129 38.8742 38.97742 39.03871 38.86129 39.01613 39.25484 39.17742 38.79355 38.30645 38.18387 37.89677 38.48387 38.83226 39.01936
38.61613 38.6 38.30645 38.02903 37.44839 37.08387 37.2 37.57097 37.99355 37.70645 37.29032 37.01936 36.8742 36.57419 35.89032 35.34516 35.12258 34.34839 34.14839 34.07742 33.81613 33.54839 33.17742 33.05806 33.90138 33.5871 34.09678 34.52258 35.10323 35.35806 35.02581 34.68387 35.01613 34.56774 34.17419 33.97742 34.48709 34.51291 34.6 35.78064 35.55806 35.15484 35.72903 36.36774 37.6871 38.14516 38.75806 39.39032 38.77097 37.7 39.02258 38.57742 38.70968 38.59032 38.98709 39.27419 39.11935 38.73871 38.81936 38.94839 38.89032 38.96774 39.18387 39.19355 39.05484 39.07419 39.23226 38.8 38.85806 39.11935 38.95807 39.25806
38.56774 38.56129 38.44194 38.07419 37.63548 37.65161 37.90322 37.97742 37.99032 37.82581 37.3742 36.91613 36.32903 35.90968 35.87097 35.69677 34.95161 34.5 33.97097 33.79032 33.54839 33.75161 33.51613 33.6129 34.23226 34.41935 34.95807 34.96452 35.21613 35.74516 35.93548 35.67742 35.62903 35.13871 34.33871 34.69355 35.20968 35.17419 35.38065 36.21936 36.46129 36.49032 36.99032 36.63871 37.39677 38.33871 39.18064 39.79678 39.85806 39.24194 39.13871 38.27742 38.74516 38.74516 39.24194 39.77419 39.64516 38.79678 38.99032 39.07097 39.15161 38.97419 39.01613 39.18387 39.04193 38.96452 39.48709 39.57097 39.00968 39.60645 39.58387 39.80645
38.56129 38.42903 38.1129 37.90645 37.25161 37.19677 37.8 38.1129 38.09678 38.11935 38.01613 37.34839 36.50323 36.24516 36.51291 36.05484 35.08387 35.33226 34.26774 34.23549 34.1129 34.24839 34.3871 34.30968 34.29032 35.10968 35.64839 35.50323 35.44516 35.92903 36.51613 36.48387 35.99355 35.66774 34.94516 35.01613 35.53548 35.94839 36.17742 36.78387 36.75484 37.23549 37.54839 36.5871 36.83871 37.94516 39.14194 39.90968 40.09032 39.74839 39.2129 39.00645 38.8129 39.6 39.48709 39.21613 39.24839 39.25161 38.90322 39.1 39.40322 39.15484 39.53548 39.47742 38.96129 38.75161 39.33548 40.07097 39.56452 39.77742 39.52581 39.71613
38.49677 38.24839 38.34193 38.19032 37.55484 37.40968 37.92258 38.31613 38.41613 38.10645 38.21613 38.1258 37.67419 37.30645 37.02258 36.20645 35.83871 35.60645 34.74516 34.79355 34.57742 34.32258 35.10645 35.3129 34.90968 35.07097 35.78064 36.22581 36.23549 36.63871 36.87097 36.56452 36.36452 36.22258 35.6258 35.15484 35.44194 35.79678 36.16452 37.2 37.24194 37.66774 38.17742 36.84839 36.95161 37.97097 39.16774 39.90645 40.14516 40.1129 39.51936 39.83871 39.48064 39.70645 39.66452 39.47097 39.35484 39.60323 39.29678 39.41613 39.49355 39.19355 40.48709 40.26129 39.46774 39.54193 40.10645 40.29032 40.19677 39.57419 39.95484 40.45161
38.20968 38.45161 38.28387 38.12903 37.73549 37.77742 37.8871 38.25806 38.39355 38.21936 38.32903 38.27419 38.13871 37.66129 36.87742 36.54516 36.8871 36.09032 35.21613 35.33226 34.90322 34.19032 35.02581 35.6871 35.63226 35.62258 35.45484 36.07097 36.79355 36.78387 36.58065 36.52903 36.34839 35.89355 35.52581 35.07097 34.86774 35.1129 35.6 36.9 37.32581 38.04516 38.51613 37.91613 37.34839 38.26774 39.36452 39.65161 39.61935 39.83871 39.68064 39.24516 38.90322 39.72903 40.17419 39.76129 39.21613 39.55484 39.98064 40.55806 40.93226 40.48387 40.98709 40.6258 39.88065 39.73549 40.34516 40.8742 40.02581 39.67419 40.00968 40.21613
38.03871 37.97419 38.26774 38.40968 37.99032 37.99355 37.75484 37.98387 38.26451 38.33226 38.46452 38.42258 38.36129 38.16129 37.75806 37.22903 36.57097 35.59678 35.53226 35.93871 35.43548 34.6258 35.32258 35.71613 36.3129 35.99677 35.39677 35.77742 36.51936 37.00323 36.67097 36.00323 35.57742 35.07097 34.81613 35.34516 35.23871 35.29355 35.80323 36.30323 36.92903 37.22903 38.33226 38.67742 38.45484 38.78387 39.24194 39.2129 39.24839 39.50968 39.1129 39.23871 39.17742 40 40.14839 39.71613 39.59032 40.07419 40.69355 41.08387 40.24516 40.29678 40.72903 40.39032 39.98064 39.89032 40.15161 40.74516 40.61613 40.12903 40.07419 40.7
37.67742 37.44516 37.82903 38.37742 38.35806 37.89677 37.45484 37.73226 37.83226 38.07419 38.32903 38.45161 38.48064 38.34193 38.15484 37.71613 36.6129 36.09032 35.75484 36.02258 35.12903 34.35806 35.40322 36.25484 36.85484 35.72903 35.16129 35.58387 36.58387 37.25161 37.07742 36.40645 35.79678 35.30645 34.99355 35.94516 36.4 36.46129 36.65807 36.0871 36.53871 37.44839 38.17742 38.62903 38.93871 39.14516 39.2129 39.05161 38.93226 38.94839 39.00323 39.81936 39.89355 40.57742 40.29355 40.19677 40.41935 40.6871 40.87742 41.51291 41.09355 40.60645 40.94194 40.84193 40.49032 40.33548 40.25484 40.12903 40.34839 40.1129 39.85806 39.94516
37.53226 37.22581 37.54193 38.29678 38.36452 37.98709 37.39677 37.3129 37.30645 37.74194 38.12903 38.35806 38.4129 38.33226 38.25484 38.11613 37.43871 36.45807 36.28387 36.46774 35.58387 34.82903 35.41935 36.27097 36.86774 36.56452 36.09032 36.15484 36.85806 37.47419 37.41613 36.96129 36.51936 35.96129 35.45161 35.70322 36.41613 36.77097 37.25484 36.73871 36.47097 37.40322 37.97742 38.67419 38.67419 38.70322 38.84516 38.99355 38.98387 38.82258 38.84839 39.42258 40.01613 40.8129 40.80323 41.08387 41.23226 41.03871 41.2 41.69032 41.83548 41.44839 41.1258 40.86774 40.59032 40.71613 40.69677 40.10968 40.06452 40.68064 40.04516 40.01613
37.82903 37.83226 38.02258 38.46452 38.43226 37.92903 37.35484 37.30323 36.99032 37.74516 38.10323 38.33226 38.3871 38.32258 38.33226 38.44194 37.99677 36.84839 37.4129 36.76451 35.78387 35.39355 36.09032 36.17097 36.66452 37.07419 36.71613 36.30323 37.05484 37.47419 37.37097 37.1129 36.94516 36.68387 36.09678 35.85161 35.66452 36.22581 36.83226 37.57097 37.13548 36.98064 37.10968 37.65807 37.20322 37.85161 38.56129 38.95484 38.56774 38.24194 38.79678 39.49677 40.24194 41.54516 41.38387 41.44516 41.68064 41.52581 41.32581 41.29355 41.66129 41.57742 41.29032 41.12903 40.81613 40.58065 40.52903 40.48064 40.39677 40.46774 40.25161 40.15807
37.58387 37.91613 38.30645 38.33226 38.24194 37.79355 37.64516 37.89355 37.35806 37.8 38.32903 38.48387 38.51291 38.47742 38.44839 38.48387 38.36129 37.65807 38.07742 37.24839 36.49032 36.18387 36.55806 36.89677 36.97742 37.14516 36.72903 36.60968 37.19355 37.39677 37.36452 37.29355 37.00645 36.38065 35.76129 36.2129 36.73871 36.8742 36.20645 37.07419 37.61935 37.76129 37.46452 38.02581 38.00323 38.44839 38.69032 39 38.97097 38.55161 38.77097 40.11935 40.59355 42.10968 41.78064 41.73871 42.03226 42.15807 41.82581 41.45161 41.18064 41.65807 41.63871 41.14516 41.01613 40.65484 40.35161 40.3742 40.52258 40.73549 40.47097 40.14194
36.77097 37.20968 37.66452 38.06452 38.42581 38.09355 38.05161 38.31936 38.31613 37.45484 38.16774 38.6 38.6258 38.59355 38.49032 38.42903 38.3742 38.10323 38.05806 38.04839 37.48387 37.06452 37.16129 37.25161 37.45484 37.34516 37.14194 37.16774 37.3742 37.26129 36.93548 36.66774 36.4129 36.15807 36.3 37.09032 37.49032 37.56774 37.24194 36.59032 37.06452 37.73549 38.3742 38.34193 38.62258 38.03871 38.62903 38.7871 39.00968 39.59355 40.03548 40.24516 40.70968 42.17742 41.8871 41.69032 42.17097 42.52258 42.28387 41.75806 41.38387 41.46774 41.68064 40.94839 40.7871 40.82258 40.48064 40.02258 39.97419 40.1 40.19032 40.14194
36.25806 37.40322 37.88065 38.2129 38.51291 38.60968 38.61613 38.65807 38.94516 38.43871 38.03871 38.54516 38.77097 38.66129 38.43226 38.30968 38.30645 38.07742 38.1129 38.10968 37.96129 37.63871 37.24516 37.06452 37.18387 37.01613 37.32581 37.43548 37.33548 37.00645 36.58387 36.38387 36.08387 35.74839 36.3871 37.3 37.95161 38.29355 37.97742 36.91613 37.07097 37.7 38.32903 38.48709 38.31936 38.22581 38.62903 39.10968 39.41613 39.33226 39.3 40.07419 40.7129 41.3129 42.23549 42.07419 42.26129 42.45484 42.23549 41.82903 41.11613 40.96452 41.05484 40.47419 40.13548 40.51936 40.36774 39.86452 39.7 39.46129 39.83871 39.74839
37.05484 38.09032 38.13226 38.50323 38.23549 38.3 38.32581 38.39355 38.64839 39.00645 38.65484 38.64839 38.85161 38.54516 38 37.9 38.16452 37.94516 37.85161 37.74194 37.93548 37.75806 36.83548 36.80645 36.83871 36.53226 37.15161 37.40322 37.49355 37.37097 37.22581 36.91613 36.42258 36.25484 36.92258 37.53871 38.05161 38.44194 37.82258 37.42581 37.53226 37.88387 38.46129 38.29678 37.79678 37.60323 38.31613 38.56774 38.44839 38.80968 39.62903 40.08065 40.44194 40.92581 41.2129 41.82258 42.19032 42.02903 41.8742 41.67097 41.21613 40.58387 40.93871 40.60645 39.66452 39.75484 39.74839 39.34516 39.07419 39.05484 39.53548 39.63871
38.04839 38.02581 38.17097 38.2871 37.64516 38.15161 38.29355 37.9 38.30645 38.4129 38.8871 38.85806 38.94516 38.6129 37.80645 37.57742 38.01291 37.52903 37.5 37.16129 37.73226 37.79032 37.02903 36.71613 36.53548 36.6 37.35484 37.24839 37.40322 37.6871 37.78387 37.60645 36.96774 36.66452 37.40322 37.77419 38.18387 38.50968 37.63871 36.80968 37.43548 38.03226 38.33548 38.2871 37.50968 37.98387 38.20968 38.22258 38.39032 38.24516 38.49032 39.67419 40.14194 40.39032 40.85484 41.12903 41.53226 41.72903 41.79678 41.84516 41.19032 40.30968 40.33548 39.79355 38.98709 39.30645 39.50968 39.23549 39.05484 39.20968 39.59678 39.66452
38.21936 37.98064 37.90645 38.27742 37.27742 37.08387 37.1258 37.32581 37.70322 37.3871 38 38.43548 38.74839 38.33548 37.41613 37.25806 37.5871 36.89032 36.8742 37.65807 37.80645 37.5 36.36452 35.8742 36.16452 37.04193 36.72581 36.01936 36.76774 37.25484 37.45161 37.63548 37.67742 37.74194 38.09678 38.33548 38.48387 38.32903 37.47742 36.95484 36.92258 37.08065 37.55161 37.9129 39.26129 38.75484 38.83548 38.95807 38.36129 38.54516 38.84839 38.89032 39.49355 39.62258 40.00323 40.28064 40.13548 40.17097 40.60645 40.52258 39.22258 39.08387 38.70645 39.3742 39.35484 39.50645 39.63871 39.68387 39.64516 39.56129 39.39677 38.89355
37.47097 37.26129 37.48709 38.20968 37.31613 36.70968 36.56774 37.13226 37.72581 37.89677 38.26129 38.47097 38.79678 38.50323 37.96129 37.72258 37.8742 37.84839 37.26451 37.65484 37.9129 37.64516 36.79355 36.03226 35.71613 36.20322 36.37097 35.3129 36.62258 37.1 37.1871 37.07097 37.20322 37.50323 37.81613 38.23871 38.03548 37.83548 37.42581 37.46452 37.22903 37.11613 37.7129 37.85806 38.37742 38.78387 39.29678 39.17419 38.16774 38.32903 38.83548 38.8742 39.10645 39.50323 39.43226 39.84516 39.72581 39.98064 39.50323 39.07742 39.15161 39.41935 39.52258 39.52581 39.34516 39.00323 39.13548 39.35484 39.30645 38.94516 38.39032 38.13871
37.17419 36.62258 37.1129 37.96452 37.85484 37.34516 37.09355 37.35161 37.88065 38.32258 38.56774 38.66774 38.7871 38.6258 38.36129 38.1129 37.93226 37.77097 37.47097 37.7129 37.92258 37.6871 36.50968 35.82581 35.5 35.47419 35.45484 36.13871 36.06452 36.69032 36.55484 36.51613 36.69355 37.09355 37.63871 37.89032 37.36452 36.84839 36.26774 37.44194 37.92581 37.79032 37.55806 37.75806 38.00645 38.57742 39.29678 39.28064 37.99677 38 38.56452 38.78064 38.97419 39.47097 39.82581 39.29355 38.78387 39.54193 39.45161 39.20968 39.09678 39.00323 39.30645 39.75161 39.02258 39.1 39.36129 38.94194 38.6129 38.60645 38.1258 37.7
37.22581 36.63226 37.05806 37.79355 37.69032 37.73549 37.73549 37.73549 38.47419 38.79678 39.00323 38.8 38.74516 38.75161 38.40645 37.93548 37.5871 37.44839 37.36129 37.51613 37.71613 37.19677 35.76451 35.4 35.19677 34.92581 34.66129 35.06774 34.89677 35.62903 35.36452 35.61935 36.46452 37.08065 37.40968 37.83871 37.46452 36.7 36.37097 36.92581 37.59678 37.79032 37.65161 37.77742 38.02581 38.56129 39.16129 38.83871 38.03226 37.98387 38.47097 38.76129 38.87742 39.34516 39.72903 38.65161 37.80323 39.16129 39.13548 38.63871 38.51936 38.82903 39.20322 39.90322 38.93226 38.35484 38.34193 38.53226 38.49032 38.32903 38.42581 38.33226
37.25484 36.79355 37.03548 37.78064 37.92581 38.19677 38.39032 38.53548 38.94839 39.09355 39.15161 39.03871 38.78064 38.53871 38.41935 38.1871 37.93548 37.6 36.98709 36.41613 36.81613 36.55161 34.56774 34.53548 34.57419 34.36452 33.99032 34.33871 34.12903 34.73549 35.22581 35.86774 36.49032 36.84193 37.37742 37.95484 36.96452 36.0871 36.10323 37.53548 37.30968 37.52903 37.86774 37.8129 38.08065 38.75806 38.81936 38.48709 38.01936 38.24516 38.54516 38.74516 38.88065 38.97742 39 38.19032 38.00968 38.97742 38.8742 38.65161 38.77742 39.07097 38.85806 38.89032 38.15161 37.72903 37.96452 38.55161 38.76451 38.55806 38.31613 38.19677
36.95807 36.49355 37.23871 37.47419 38.19032 38.38387 38.54193 38.6871 38.90322 39.19032 38.8742 38.96129 38.68387 37.69677 38.04839 38.2 37.84839 37.31613 36.3129 35.4129 35.84839 35.43226 34.84193 34.63548 34.83548 35.10645 34.13548 33.49032 33.96452 34.55484 35.14194 35.58065 36.14839 36.64516 36.99032 37.34839 37.8742 37.26774 37.33226 37.41935 37.54839 37.60968 37.54193 37.54516 37.66129 38.06452 38.03871 37.99677 38.05806 38.49032 38.54193 38.26129 38.22581 38.54193 38.70645 38.32903 38.15484 38.74516 39.04193 39.23871 39.26129 38.90322 38.33871 37.57097 37.46129 38.06774 38.3129 38.43548 38.3 38.05484 37.8871 37.92581
36.76451 36.71936 37.70645 37.99677 38.60323 38.75806 38.75161 38.76129 38.86129 38.83871 39.00323 38.6129 38.50645 37.82581 37.94839 37.67742 37.27097 36.98064 36.01291 34.73549 35.87097 35.42903 35.54839 34.9 35.08065 35.45161 34.63226 34.1 34.05161 33.92581 34.8871 35.74194 36.38065 36.44194 36.48387 36.88387 37.06452 37.32903 37.41935 37.15484 37.14194 37.91613 38.05161 37.72581 38.30323 37.84839 37.3129 37.50645 38.64516 38.07097 38.15161 38.05806 37.56774 37.63871 37.92258 38.16452 37.89355 38.3871 38.88065 39.39032 39.39677 38.60645 38.11613 38.03871 37.93548 -9999 -9999 -9999 -9999 -9999 38.23549 38.21613
37.00645 37.01613 37.94516 38.07419 38.4129 38.63871 38.74194 38.83548 38.83871 38.5871 38.68387 38.67419 38.16129 37.86129 37.66129 36.75484 36.59678 36.89677 36.1258 35.57419 35.97097 36.49032 36.02258 35.07419 35.21936 35.86452 35.74839 35.4129 35.03548 33.95161 34.53226 35.26774 35.99677 36.27097 36.26774 36.36129 36.53226 36.73871 37.10968 36.96774 37.17097 37.43226 37.61935 37.81936 37.83226 37.45484 37.29032 37.72258 37.59678 37.48387 37.47742 37.29355 37.46452 37.92581 37.60968 37.72903 37.05806 37.98709 38.03226 38.33871 38.55806 38.11935 37.83548 38.48387 -9999 -9999 -9999 -9999 -9999 -9999 38.53871 38.51936
37.03871 36.9129 37.35806 37.45807 37.59678 38.16452 38.6 38.73549 38.3129 37.80968 38.15484 38.03871 37.84193 37.83226 37.03226 36.82581 36.94194 36.69355 36.30968 36.7129 37.02258 36.89677 36.40645 35.50968 35.54516 35.92903 35.89677 36.02258 35.45161 34.6 34.6129 35.24839 36 36.29355 36.25806 36.15807 36.27419 36.74516 36.85161 37.03871 37.07097 37.16129 37.30323 37.48387 37.38387 36.76129 37.01936 37.17742 37.4129 37.05484 36.91935 36.96774 37.33871 37.88387 37.69677 36.94194 36.7129 37.1129 37.31936 38.07097 38.23226 37.46774 37.26451 38.49355 -9999 -9999 -9999 -9999 -9999 38.47742 38.56452 38.55484
