features/re_bio9.asc
ncols         768
nrows         589
xllcorner     124.299398925
yllcorner     32.893460211367
cellsize      0.010567299164062
NODATA_value  -9999
[rows 160 to 191 of 589, columns 288 to 359 of 768]
1.894316 1.12765 1.616935 1.837942 1.401536 0.9306452 0.9207757 0.6129032 -0.881298 -1.702496 -1.011214 0.3847158 1.051037 1.056413 1.645085 1.86467 1.889862 2.013364 2.205376 2.183064 1.892742 2.036559 1.796813 1.615092 1.598502 1.618203 1.327035 1.778571 1.028725 0.8279954 0.5509217 0.6945853 1.111636 0.9195085 0.7760752 -0.4134025 0.4879032 1.016167 1.135484 1.068548 0.6815668 0.7809524 0.6887097 0.3113671 0.168894 0.3099462 0.2261905 -0.3975422 -0.07392473 1.098848 0.5909754 -0.08456221 0.3887097 1.502151 1.16586 0.9837558 1.335177 1.44182 1.568433 1.786559 1.425346 7.336344 7.32233 7.169032 6.964946 6.815269 6.792616 6.839319 6.61681 7.018495 6.416667 6.079928
2.34351 1.473579 1.132796 1.124923 1.069931 0.4725423 -0.5584486 0.446467 -0.1315284 -0.2216206 0.1028418 0.6343318 1.296275 1.619316 1.309178 0.5117127 0.8025346 1.404685 1.913172 -9999 2.222581 1.835023 1.846006 1.820238 1.750538 1.652573 1.584793 1.744585 1.6447 1.190284 -0.1382104 -0.4496544 0.5308756 1.094931 0.9781106 0.7804915 0.4639017 0.4375192 0.6375192 1.206375 0.8785715 0.8427804 0.5996928 0.4601766 0.4821429 0.5100614 0.4509985 0.3918203 0.3909754 1.033564 0.8783026 0.6626728 0.9427419 1.513595 1.584217 1.64447 1.717857 1.615323 1.512212 1.4548 7.282007 6.90853 7.02785 7.285125 7.089892 6.606846 6.200645 6.039928 6.533082 6.565627 6.319964 5.293297
2.352304 1.58679 0.8321044 0.3985791 0.2692396 0.231874 -0.5588326 -0.1620968 0.7219278 0.4398234 0.7639401 1.41202 1.384831 1.16659 0.9519202 1.366244 1.797043 1.881068 1.958525 -9999 2.122619 1.141129 2.016667 1.837673 1.751037 1.841014 1.854378 1.688863 0.7861367 0.8338709 -0.2816436 -0.8480031 -0.05387865 1.022389 1.685868 0.9061444 0.3593702 0.4387097 0.508871 1.240015 1.222005 0.9829877 0.9532642 0.8342934 0.8533794 0.7314132 0.5288019 0.9914362 1.032834 0.9083717 1.037366 1.408948 1.68245 1.744124 1.71225 1.434101 1.860445 1.731298 1.658257 1.493088 7.50147 7.223369 7.554695 7.531792 7.354982 6.640466 5.879104 5.964911 6.671004 5.621434 5.593154 5.161828
2.353994 2.314286 2.19255 1.760676 -0.05506913 0.8063748 0.8567204 0.859831 0.6098694 1.083871 1.373618 1.212519 0.6831797 0.07365591 0.5169739 0.9210445 1.12381 1.456759 1.632296 -9999 -9999 2.125499 1.773733 1.804877 1.745814 1.739017 1.872542 1.747235 1.139247 0.525384 0.9889785 1.368817 1.496851 1.682873 1.550538 1.115092 1.064977 0.8229647 0.9276114 1.335829 1.134754 1.333564 1.422581 1.121736 1.03318 0.5840245 0.2576421 1.094163 1.195353 1.590323 1.686252 1.681836 1.657604 1.590399 1.380491 1.047773 1.539286 1.827919 1.683641 1.688287 1.592704 7.484086 7.415771 7.461362 6.986738 6.046093 5.33233 5.466953 5.928925 4.914086 3.939211 3.811756
2.391974 1.625883 2.050922 2.053879 0.8953917 1.167358 1.310791 1.310791 1.169777 1.24831 1.252381 1.056682 0.8028802 0.716129 0.63798 1.450998 1.540399 1.623464 1.794355 1.997005 2.178879 2.133986 1.91586 1.844048 1.903341 1.921966 1.76778 1.687942 1.642819 1.558564 1.13172 1.358449 1.791129 1.773925 1.399462 0.431682 1.031567 0.6518433 0.3245008 1.013287 1.145123 1.17139 1.123272 1.111943 0.9686252 0.9014209 1.020161 1.292473 1.363825 1.859639 1.547696 1.638978 1.741475 1.687404 1.471045 0.8366743 1.472081 1.892704 1.733871 1.650806 1.612135 7.720108 7.501649 7.458208 7.044301 6.357706 5.311434 4.615018 5.218101 5.115986 3.84448 3.460573
2.147465 1.764516 2.076344 1.974923 1.884409 1.952074 1.968548 1.771889 1.49447 1.118011 0.7689708 0.2788787 0.127573 0.6544547 0.2854839 1.413556 1.64328 1.768932 1.909409 2.041398 -9999 2.092972 1.974962 1.8548 1.853725 1.900614 1.85096 1.746659 1.762865 1.552957 1.064286 1.282296 1.744816 1.783602 1.364977 0.3158218 0.7174731 0.5044547 0.3009984 0.1925115 0.2983487 1.276037 1.015169 1.55073 1.509178 1.0149 0.9363672 1.507373 1.309524 1.492319 1.545545 1.617243 1.55649 1.501843 1.553495 1.419124 1.647734 2.201997 2.089939 1.920008 1.718817 7.599606 7.452903 7.399606 7.057312 6.269678 4.949534 3.860824 3.923584 4.128961 3.044122 3.138566
2.443856 2.156759 2.239478 2.153341 2.188825 2.180837 2.067358 1.990054 1.89543 0.847235 -0.3437788 -0.5995008 -0.2316052 0.08894009 1.026421 1.569278 1.582066 1.770507 1.956912 2.032104 1.990707 -9999 2.059216 2.053495 1.97043 1.902765 1.887711 1.870276 1.826843 1.685906 1.325038 1.490668 1.799002 1.821659 1.507949 0.7325269 1.007565 0.6674731 0.4265361 0.1145929 -0.149616 0.8717358 0.8386713 1.036636 1.486521 1.651306 1.64712 1.720968 1.612366 1.141244 1.919508 1.732872 1.270929 1.390131 1.931759 1.95119 1.903571 2.493395 2.338134 1.983487 1.657104 1.463671 7.510287 7.238853 0.558295 -0.312212 -1.60672 3.867312 2.881469 2.544086 3.033082 3.312258
2.708295 2.513095 2.112058 2.41778 1.865207 2.006375 1.824155 1.707834 1.749731 0.6437788 0.1961982 0.2249616 0.3426267 0.5610215 1.41033 1.699002 1.739362 1.79831 1.720276 1.695353 1.809447 1.810637 2.017819 2.071505 2.033794 1.966129 1.929724 1.865515 1.912404 1.777074 1.613594 1.610714 1.788633 1.92715 1.647427 0.8147466 1.354455 1.077381 1.063518 0.7261521 0.1225806 1.137596 1.220046 1.143433 1.268126 1.301651 1.519777 1.921198 1.747926 1.622619 1.375115 1.30649 1.434524 1.782834 2.06659 1.89904 2.086252 2.552803 2.457565 2.210906 1.930837 1.800998 7.750574 7.488709 0.7575653 -0.7942013 -2.089055 3.958423 3.331183 3.344982 3.695807 4.029391
2.449731 1.862404 2.357373 1.717819 1.806221 1.857796 2.026191 1.84278 0.9509985 0.7325653 1.123541 1.515438 1.649578 1.682757 1.852458 1.944355 1.992704 1.860253 1.786866 1.877458 2.026267 1.973771 2.019624 2.072465 2.075806 2.059447 2.03318 2.004301 1.960138 1.854762 1.816936 1.628264 1.736482 1.936713 1.737058 1.333948 1.593126 1.431298 1.163402 1.03725 0.6327189 1.490092 0.7744623 1.109178 1.272657 1.556528 1.833487 1.933487 1.893011 1.747197 1.679877 1.557066 1.832834 2.132104 2.097965 1.884946 2.033257 2.579877 2.642051 2.575576 2.341091 2.068664 7.825627 7.543082 0.6864439 -0.3458909 -1.730952 -2.471045 4.364373 4.320753 4.024122 4.417348
2.350192 1.638902 1.635945 1.780799 1.962327 1.837634 1.632028 1.643702 1.808525 1.969316 2.018164 1.949693 1.904608 1.94255 1.969777 1.965015 1.942473 1.998694 2.03533 2.096313 2.1197 2.031759 2.049693 2.045392 2.045622 2.035484 2.016129 1.997273 1.83606 1.95096 1.771697 1.715745 1.815476 1.920123 1.894086 1.879647 1.893356 1.660292 1.058986 1.170891 0.8640937 1.325422 1.020161 1.559639 1.631951 1.796505 1.8601 1.754724 1.732988 1.737519 1.75265 1.743932 1.770891 1.877919 1.678379 1.305223 2.34351 2.52285 2.646697 2.65672 2.411137 2.015438 1.793587 1.53679 6.699928 -0.8384793 -2.231912 -2.846006 4.279534 4.551219 4.663083 5.24767
1.871582 2.04904 1.459639 1.511214 1.930453 2.046352 2.067127 2.101767 2.112174 2.122811 2.100384 2.003264 1.932757 1.908679 1.804147 1.81682 1.913134 1.960407 2.036175 2.07139 2.060177 2.003264 2.034178 2.024155 1.953495 1.967204 2.03583 2.036521 1.941897 1.965284 1.827919 1.828264 1.919777 1.972734 1.942665 1.880722 1.716628 1.584869 0.9049155 1.511713 1.337711 1.383525 1.308333 1.638402 1.955338 1.936828 1.74159 1.650653 1.670699 1.341091 1.209217 1.3851 1.725422 1.719931 1.33437 1.218126 2.294816 2.335253 2.490131 2.494777 2.345123 2.128418 1.83702 1.166744 0.4397849 -1.315323 -2.597542 -2.753879 -1.982066 5.450968 5.544409 5.542222
1.725999 1.902727 1.868011 1.359178 1.903034 2.038018 2.128149 2.15096 2.176037 2.21924 2.063057 2.004839 2.003303 1.982181 1.991743 2.020277 2.036636 2.039171 2.089055 2.074386 1.984293 1.90937 2.090015 2.005415 1.782258 1.715207 1.842166 -9999 -9999 1.948464 1.939977 1.903341 1.975384 2.021083 1.928226 1.806375 1.64086 1.218318 0.6733103 1.389631 1.653341 1.543548 0.9380568 1.624194 2.042204 2.057949 1.903994 1.745392 1.429992 0.7223502 0.8181643 1.265399 1.808833 1.822427 1.815131 2.133256 2.177035 2.131912 2.200038 2.173656 2.091436 1.87043 1.281298 0.05111367 -0.1612903 -0.7871736 -1.636214 -2.779647 -3.388018 4.046738 4.27086 5.153405
1.866321 1.628149 1.685791 1.665284 2.091244 2.150806 2.173272 2.130684 2.198118 2.17308 2.058295 2.012135 2.006528 2.047235 2.129109 2.129954 2.111828 2.106951 2.095392 2.032028 1.961636 1.939209 2.045046 1.935023 1.688594 1.743971 1.918318 1.9702 2.036406 2.027458 -9999 1.925998 2.001766 2.031336 1.922849 1.82427 1.750154 1.555415 0.8791475 1.063249 1.355492 1.623733 1.007143 1.82788 2.106874 2.100653 1.848963 1.43871 0.8552995 -0.04792627 -0.3522273 0.56947 1.543318 1.774808 1.887673 2.155684 2.012711 1.827611 1.461137 1.426882 1.649309 1.70361 1.142281 0.006374808 -0.8203533 -0.3037634 -0.7188172 -2.067127 3.906057 3.855663 3.896953 3.737061
1.962366 1.804493 1.694854 1.719816 2.074424 2.104877 2.089132 2.034485 1.967435 1.993472 1.991705 2.023349 2.059639 2.089132 2.135561 2.188556 2.134754 2.115668 2.098502 2.044931 1.978341 1.951037 1.999347 1.874155 1.764017 1.795392 1.879877 1.918779 1.964939 1.938441 2.042473 2.030645 2.051882 2.001152 1.918433 1.939785 1.881298 1.484639 1.161597 1.321966 1.402842 1.501651 1.786713 1.987788 2.077266 2.073195 1.807565 1.326536 0.721275 0.07784178 -0.3822965 0.4562212 1.379224 1.548426 1.624424 1.851382 1.751613 1.617473 0.9512289 0.8569508 1.149309 1.322581 1.137634 0.5721198 -0.5693932 -0.4347926 -1.240399 -2.74278 3.646344 4.218602 5.057778 5.121004
1.987442 1.973963 2.154416 1.871851 1.982066 2.060253 1.910138 1.578418 1.783909 1.931682 1.998042 2.039938 2.128379 2.197005 2.181029 2.189631 2.160061 2.160561 2.072965 2.00937 1.954493 1.933487 1.983602 1.683833 1.44374 1.615092 1.849117 1.899808 1.912327 1.862903 1.887596 1.928264 1.999501 1.991359 1.961751 1.982373 1.870315 1.521044 1.360177 1.55215 1.441283 1.423848 2.09543 2.02477 2.047657 2.03894 1.876767 1.483794 1.023425 0.6717358 -0.2176267 0.6529954 1.162865 1.175384 1.354378 1.60818 1.407104 1.243241 0.5096006 0.2968126 0.7124424 0.9091014 0.6457373 0.90553 0.1597158 -0.4225038 -1.064862 4.647527 4.103907 4.396954 4.872079 5.456631
1.81586 1.925422 2.158257 2.170084 1.944969 2.068126 2.008832 1.600038 1.818664 1.988863 2.051037 2.131836 2.23172 2.240323 2.176843 2.171621 2.197542 2.142895 2.055684 2.022389 2.022043 2.013326 1.991129 1.705568 1.739938 1.771429 1.79182 1.819739 1.852304 1.828303 1.692972 1.861329 1.980876 2.030261 1.943856 1.791091 1.841321 1.65265 1.711482 1.64808 1.672773 1.944355 2.021198 2.010561 1.949808 1.799078 1.885714 1.698233 1.233794 0.858487 -0.02995392 0.5912827 0.8685868 0.9262289 1.198272 1.078955 0.2567588 0.6372888 0.06294163 -0.7478111 -0.3730031 0.1045699 -0.03851767 0.2248464 0.7311828 0.1629416 -0.488364 5.360358 4.656129 4.498315 5.299212 6.097957
1.830184 1.620776 2.044317 2.264363 2.006068 2.011943 2.024501 1.871275 1.694547 1.965591 2.028264 2.152842 2.240323 2.239017 2.190706 2.190361 2.195276 2.122849 2.049962 1.998886 1.995085 2.023118 1.97573 1.820853 1.825384 1.861636 1.787404 1.665207 1.702419 1.843702 1.884255 1.968241 1.976459 1.95722 1.922965 1.797657 1.572235 1.397158 1.381644 1.85023 1.944124 2.029186 1.890515 1.67308 1.210906 0.9357143 1.55169 1.81828 1.31755 0.654301 0.3581029 0.7246928 0.6449693 0.8142857 1.000192 0.5109447 -0.6957373 0.08632872 -0.7425499 -1.153533 -1.276344 -1.2798 -1.354263 -1.218932 -0.1584485 0.06186636 -0.1893241 5.938387 5.555985 5.245197 5.369964 6.22638
2.068625 2.052765 2.133218 2.190515 2.070276 1.939516 2.032258 2.107681 1.870584 1.988748 2.030299 2.157988 2.220277 2.207527 2.181759 2.166129 2.044547 2.05626 2.013556 1.97884 2.000576 2.035292 1.96225 1.883026 1.854493 1.79566 1.728111 1.664977 1.692281 1.829608 1.922081 2.008218 1.993049 1.973464 1.90745 1.744662 1.565783 1.423771 -9999 1.790668 1.832066 1.654493 1.646121 1.369509 0.5684332 0.8333333 1.071505 1.462058 1.528034 1.037596 0.8201613 0.5536866 -0.3415515 0.08076037 0.6903994 0.7178571 -0.03095238 -0.8569893 -1.491014 -2.367358 -2.029916 -1.456413 -1.351267 -1.580876 -1.777535 -1.284332 -0.9243088 5.764516 5.985126 6.042867 5.875556 6.237348
1.904071 2.141206 2.05722 2.210215 2.040207 1.936406 1.975461 2.053879 2.063671 2.030991 2.115975 2.139132 2.112519 2.089746 2.095968 2.100038 2.04086 2.037174 1.99255 1.996621 2.011905 2.021928 1.979685 1.910714 1.859025 1.625499 1.581106 1.682757 1.765323 1.795968 1.894163 2.004416 1.953917 1.956759 1.920699 -9999 1.586905 1.60265 -9999 1.454877 1.566897 1.41129 1.105914 1.080722 0.9276114 0.7389401 0.7240015 1.293203 1.625883 1.211213 0.9224271 0.3327957 -0.6512289 -0.3066052 -0.1235407 -0.1499232 -0.3242704 -2.159255 -1.523694 -2.401382 -2.084217 -1.157488 -0.650192 -0.8771505 -1.350538 -1.993625 -1.191359 5.805878 6.206954 6.455806 6.332079 6.032151
1.659217 1.780107 1.186943 1.924078 2.026728 1.91828 1.914478 1.942435 2.000807 2.028264 2.191398 1.970392 1.88245 1.927227 1.97212 1.99159 2.023349 1.947581 2.024539 2.046736 1.992089 1.960829 1.985407 1.864286 1.740783 1.535292 1.51033 1.655914 1.801114 1.878303 1.860138 1.984601 1.887673 1.780261 1.863057 1.92235 1.708986 1.627227 1.484716 1.364055 1.382066 1.201498 1.013902 1.361982 1.309101 1.088095 0.7963133 0.9387865 1.368011 1.436021 0.8095238 0.8373272 -0.04001536 0.2109447 -0.1481183 -0.9869047 -1.646966 -1.802189 -0.9494624 -1.669048 -1.872734 -1.36225 -0.5346774 -0.2630568 -1.267243 -1.840745 5.385412 5.588495 5.682939 6.068889 6.522294 6.449642
1.537135 1.618664 1.299117 1.877189 2.087366 1.979762 2.008525 2.064631 1.8601 2.017051 2.158218 2.106567 1.93437 1.910522 1.986674 1.985369 1.947926 1.898656 2.02788 1.983257 1.936252 1.924808 1.886021 1.868587 1.77861 1.738748 1.620123 1.617473 1.686905 1.625307 1.728648 1.901651 1.840783 1.630491 1.697312 1.815668 1.663863 1.653111 -9999 1.280876 1.253303 1.253763 1.253034 1.302189 1.05457 1.137135 0.7286482 0.4004992 0.8046467 1.45023 1.38245 1.249501 0.6731183 0.7658218 0.01701229 -1.034409 -1.919009 -0.7116359 -0.6442012 -1.085138 -1.244816 -0.9184332 -0.2453917 0.1557988 -0.4458525 5.454014 5.281111 5.758136 5.839606 5.858244 6.082258 6.353835
1.164247 1.13871 1.467127 1.807488 2.043087 1.827112 1.769969 1.967012 1.914401 1.967396 2.016705 2.115399 2.055376 1.991321 1.977957 1.964132 1.955799 1.937788 1.940054 1.851997 1.860138 1.916321 1.582066 1.790783 1.698771 1.565822 1.645661 1.68967 1.629762 1.626152 1.811329 1.917396 1.697811 1.689324 1.639324 1.603495 1.629493 1.480799 -9999 1.32861 1.182527 1.053763 1.003994 0.9052995 0.5918203 0.2233103 0.4394009 0.1639785 -0.1954685 -0.1483487 0.4072581 1.01371 0.5561828 0.7095238 0.4108295 -0.1576805 -0.9117512 -1.69159 -1.066398 -1.009485 -0.03763441 0.02764977 0.03529186 0.2903226 0.09569892 6.110107 -0.6975039 5.93086 5.951541 5.954875 6.024552 6.239749
1.865668 1.611751 1.255684 1.819432 1.78629 1.734409 1.596697 1.595046 1.737174 1.937327 1.979339 1.991052 2.005376 2.024117 2.020545 1.958871 1.890399 1.984793 1.952573 1.884217 1.865015 1.89543 1.815361 1.69424 1.797926 1.808064 1.811636 1.777957 1.716974 1.644393 1.521352 1.962634 1.81202 1.815092 1.744201 1.691206 1.624117 1.398694 1.48126 1.392089 1.206759 1.086943 1.095046 1.100883 0.8586406 0.3552995 0.2023042 0.1382104 -0.1959293 -0.4799539 -0.1771121 0.6779186 1.086982 0.8791091 0.4160906 0.1134409 -0.2966974 -0.9605607 -0.9261905 -1.207565 -0.8767665 -0.03582949 0.4813748 0.005261137 -1.142243 -1.427573 5.038423 4.443978 4.863692 5.057384 4.979211 5.337885
1.903264 1.750768 1.585522 1.804992 1.497158 1.507911 1.217473 1.159601 1.72692 1.927535 1.942934 1.898195 1.912174 1.943932 1.989401 1.976766 1.888479 1.988979 1.983717 1.930146 1.915707 1.913441 1.744585 1.713326 1.617012 1.593395 1.786214 1.802189 1.683909 1.65 1.661444 1.903917 1.931221 1.861751 1.686674 1.546083 1.482834 1.45 1.628994 1.5601 1.335753 1.27477 1.320469 1.208525 0.8375192 0.6476575 0.5711598 0.792742 0.4902458 0.08413979 0.2091782 0.8268433 1.339017 1.066705 0.7736175 0.4718126 0.2009217 -0.5128264 -0.02450077 -0.5274962 -0.5583717 -0.1807988 -0.02780338 -0.3327957 -0.58149 -0.06286483 5.81448 4.890251 5.324874 5.885304 6.194982 6.180932
1.914363 1.931567 1.904263 1.886252 1.61563 1.50384 1.206836 1.209716 1.678456 1.881106 1.866667 1.560945 1.658103 1.826383 1.93606 1.944662 1.899808 2.000883 1.933218 1.915092 1.903879 1.860445 1.819393 1.801267 1.818318 1.738594 1.800038 1.909447 1.955261 1.91874 1.853571 1.988633 1.921198 1.633448 1.565899 1.317204 1.187942 1.595584 1.606912 1.522888 1.317972 1.431336 1.47596 1.186943 1.171889 1.213403 0.7743856 1.201344 1.155991 0.7371352 0.7173195 1.337481 1.339017 1.180799 0.6776882 0.3637097 -0.04869432 -0.1958525 0.03721198 0.3178955 0.3301843 0.6202765 0.5486943 0.1395161 -0.03874808 0.2821428 -0.3129416 -1.54063 -1.71394 5.20828 5.696237 6.163548
1.87523 1.878226 1.894585 1.783986 1.515399 1.509677 1.068049 1.016628 1.594316 1.735138 1.804493 1.362481 1.500806 1.731989 1.863863 1.932604 1.992512 2.00361 1.903264 1.887289 1.868664 1.77404 1.747312 1.933833 1.916398 1.869355 1.751114 1.83798 2.003111 2.067166 2.032565 1.931221 1.37427 1.069585 1.249654 1.379263 1.498464 1.804301 1.770046 1.820507 1.824424 1.605684 1.451267 1.344931 1.041935 1.483333 1.142281 1.573195 1.550154 1.41828 1.50169 1.564823 1.30384 1.260522 0.09546851 0.02768817 -0.1755376 -0.5006145 -0.6219662 -0.4041859 0.0766129 0.7243472 1.016129 0.9624424 0.7354839 0.3871736 -0.3177035 -1.425346 -1.558986 5.430143 5.795125 5.95828
1.582527 1.74255 1.682297 1.589247 1.673617 1.439746 1.27043 1.28821 1.363518 1.250384 1.469854 0.9530338 1.365361 1.700115 1.856452 1.944163 1.996429 1.974962 1.85361 1.859217 1.886559 1.719854 1.879762 1.962442 1.879378 1.83725 1.912903 1.98437 2.041167 2.032681 1.949731 1.834562 1.344547 1.102535 0.7605991 0.9200461 1.465169 1.802035 1.653341 1.765131 1.455453 1.755684 1.943971 1.548502 1.210561 1.535253 2.043356 2.057911 1.993817 1.88702 1.656951 1.220545 0.6904762 0.2648233 0.2973886 0.4908218 0.4786482 0.03963134 0.1064516 -0.04162826 -0.3448541 0.02162058 0.4912058 0.8385945 0.8969662 0.6299155 0.2317204 -0.4497696 -0.8755376 -0.9766129 -0.81851 -0.2928571
1.342319 1.234793 0.9682028 1.719777 1.919316 1.696659 1.663863 1.620315 1.42235 1.25265 1.348848 0.7632104 1.317512 1.639823 1.797734 1.904647 1.913249 1.878648 1.850269 1.854685 1.895853 1.647888 1.954685 2.029263 1.97043 2.039747 2.122427 2.107988 2.060253 2.017512 1.94566 1.889209 1.598848 1.24977 0.7323349 0.8853303 1.338556 1.56778 1.769931 1.298541 0.7319508 1.322043 1.973464 -9999 1.789209 1.315937 1.337289 1.543241 1.042166 1.297043 1.544662 0.9953917 0.8735407 0.3710445 0.8670891 1.21828 1.25265 0.8448925 1.076766 0.6772658 -0.5243087 -0.41202 0.1764209 0.5982719 0.7768049 0.7461597 0.3778034 0.1201613 -0.4522657 -0.4621736 -0.2242319 -0.07469278
0.7179723 0.4436252 1.170469 1.767742 1.957873 1.899885 1.877458 1.80169 1.675806 1.618049 1.668433 1.19232 1.401037 1.649616 1.818356 1.827189 1.761444 1.848579 1.865284 1.857181 1.913978 1.759562 1.974962 2.064094 2.072197 2.126728 2.161329 2.194739 2.166935 2.05987 1.972389 1.823925 1.40672 1.10169 0.8799923 0.8957373 0.847043 0.8745776 1.454301 0.9782642 1.427189 1.79424 1.914286 1.974539 1.917012 1.270353 1.300077 1.135983 1.294931 1.402919 1.379992 1.379032 1.550998 1.020468 0.8657834 1.531528 1.53702 1.305069 0.8794163 0.2090246 0.09289555 -0.5892089 0.0593702 0.5387481 0.7245392 0.9038019 0.5373656 0.1373656 -0.8324501 -0.425768 0.2140937 0.6562212
0.7705837 1.555914 1.772273 1.843049 1.917896 2.004762 2.019701 1.945123 1.888095 1.876882 1.74182 1.315361 1.563326 1.775269 1.781836 1.538172 1.412404 1.830069 1.861943 1.879724 1.976382 1.928763 1.946313 2.063249 2.053341 2.106797 2.161674 2.22957 2.21394 2.136482 2.06129 2.011521 1.970699 1.775346 1.647888 1.246813 0.9180492 0.9925115 1.302035 0.8189708 1.081605 1.004762 1.189593 1.76321 2.081221 1.521544 1.772965 1.239439 1.537404 1.311866 0.8973118 1.0899 1.680607 0.3209293 0.6167434 1.303495 1.792166 1.247081 0.625 0.5819125 0.7751152 0.2600999 0.5445852 0.797235 0.750576 0.7122888 0.8261521 0.299424 -0.5330261 0.05288018 0.4923963 0.862788
1.217588 1.376306 1.726805 1.924194 2.091513 1.998195 1.981375 2.030799 2.061482 2.000154 1.898502 1.680376 1.861521 1.895661 1.896505 1.850806 1.82934 1.936866 1.946889 1.837481 1.954186 2.014324 1.985561 2.019086 2.013364 2.006797 2.151536 2.241859 2.243164 2.196621 2.143395 2.068203 2.031912 1.962212 1.789055 1.599194 1.460061 1.424002 1.48414 1.618625 1.363364 1.049885 0.8735023 1.183986 1.860945 2.138018 2.019278 1.087903 1.529416 1.34278 1.116052 1.459485 1.726421 0.9781106 1.113057 0.8687788 1.385369 0.8671275 0.5007681 1.199578 1.266897 0.1432796 0.2283794 0.5913978 0.1878264 -0.1131336 0.9860599 0.5914363 0.5435868 0.1392857 0.5468126 1.081528
1.596966 1.288249 1.411751 1.706874 2.033641 1.935791 1.830184 1.846313 1.952765 2.006106 1.994432 2.000883 2.003763 2.005684 2.011175 2.015361 2.023464 2.068702 2.107373 2.118241 2.089478 2.176114 2.191398 2.095929 1.959293 1.580568 1.953571 2.19831 2.22573 2.180991 2.097081 1.911521 1.886098 1.861405 1.721275 1.460061 1.395853 1.434985 1.414094 1.555952 1.603956 1.712289 1.671467 1.677189 1.892204 2.094701 -9999 1.918203 1.666897 1.589094 1.452688 1.497197 1.892896 1.614977 1.591475 1.446237 1.543971 1.708295 1.477995 1.463786 1.481106 1.147235 0.5169355 -0.2805684 -0.5461981 0.01144393 0.8271121 0.4837942 1.164939 0.8333333 1.183333 1.481797
