features/re_bio3.asc
ncols         768
nrows         589
xllcorner     124.299398925
yllcorner     32.893460211367
cellsize      0.010567299164062
NODATA_value  -9999
[rows 160 to 191 of 589, columns 216 to 287 of 768]
-9999 -9999 -9999 -9999 -9999 -9999 -9999 23.44074 23.45535 23.60814 23.79119 23.78086 23.74701 23.55653 -9999 23.54217 23.52815 23.61007 23.42174 23.56911 23.56397 23.51506 23.49487 23.50872 23.54223 23.25577 23.2145 23.39527 23.42007 23.22473 23.09176 22.55892 23.04226 23.98722 24.69524 24.93789 24.99462 25.27953 25.51314 25.13129 24.77301 24.11449 23.88306 23.72737 23.31009 23.33343 23.55988 23.64597 23.62817 23.5725 23.40677 23.31398 23.35404 23.26583 23.25887 23.1708 23.09677 23.09409 22.37199 22.93157 22.87861 23.28495 23.9029 24.04061 23.70535 24.63052 24.31858 25.12775 25.56302 25.51038 25.40796 25.4533
-9999 -9999 -9999 -9999 -9999 -9999 -9999 -9999 23.81288 23.97312 23.97817 23.93 23.93599 23.63214 -9999 -9999 -9999 23.5382 23.39398 23.49948 23.5221 23.50387 23.47021 23.2448 23.39433 23.48848 23.36551 23.38196 23.42256 23.38177 23.36057 22.89731 23.11213 23.40679 23.77691 24.04785 24.29061 24.6386 24.97371 24.96427 24.65199 24.23549 23.97306 23.7152 23.49796 23.58482 23.48623 23.46277 23.52485 23.56684 23.45488 23.28306 23.58004 23.38578 23.24029 23.25604 23.27965 23.13679 22.74969 23.19907 22.85252 23.04636 23.80955 24.5091 24.88476 25.11348 24.96256 25.47052 25.72056 25.65788 25.52566 25.48187
-9999 -9999 -9999 -9999 -9999 -9999 -9999 -9999 23.97809 24.21635 24.15487 24.09389 23.87124 23.73848 -9999 -9999 -9999 -9999 23.5167 23.62497 23.56465 23.51351 23.40637 23.42867 23.39731 23.54548 23.34604 23.31101 23.38561 23.44026 23.48562 23.11021 23.18711 23.86593 24.38496 24.30757 24.04895 24.27812 24.58566 24.33297 24.25743 24.15788 23.8574 23.41824 23.21339 23.27708 23.44012 23.55131 23.59967 23.57931 23.52975 23.45531 23.73088 23.43772 23.26539 23.3162 23.42993 23.32389 23.19769 23.76725 23.69244 23.67346 24.17311 24.93511 25.38584 25.54488 25.75496 25.73184 25.76704 25.71068 25.71816 25.93036
-9999 -9999 -9999 -9999 -9999 -9999 -9999 -9999 -9999 -9999 -9999 -9999 -9999 -9999 -9999 -9999 23.70055 -9999 23.44423 23.635 23.6449 23.48881 23.40659 23.56631 23.28871 23.60094 23.6176 23.43002 23.41169 23.57509 23.5793 23.33543 23.39295 23.41298 23.45741 23.3814 23.37176 23.70162 23.72134 23.58907 23.68443 23.63584 23.53187 23.56634 23.4448 23.54337 23.57746 23.60154 23.5474 23.47449 23.45218 23.45478 23.48319 23.46524 23.34478 23.37296 23.03253 22.71646 23.59963 23.64063 24.35303 24.81747 25.15365 25.3833 25.42508 25.55359 25.73062 26.03466 26.02678 25.75119 25.56648 25.70847
-9999 -9999 -9999 -9999 -9999 -9999 -9999 -9999 -9999 -9999 -9999 -9999 -9999 -9999 -9999 -9999 23.606 23.6131 23.29419 23.44668 23.46992 23.37794 23.31894 23.49115 23.29981 23.44899 23.56773 23.40421 23.28778 23.31068 23.37455 23.34119 23.35383 23.44458 23.35295 23.30984 23.41017 23.52526 23.56543 23.61342 23.54436 23.49225 23.48578 23.40674 23.35347 23.08631 23.29433 23.37786 23.40833 23.40087 23.33809 23.25677 23.38592 23.56409 23.6648 23.64869 23.34719 23.05731 24.04769 24.48634 24.83927 25.02632 25.14441 25.18266 25.21744 25.73425 25.45544 25.64058 25.63698 25.65831 25.70221 25.72136
-9999 -9999 -9999 -9999 -9999 -9999 -9999 -9999 -9999 -9999 -9999 -9999 -9999 -9999 -9999 -9999 23.50368 23.54269 23.06676 23.25796 23.24973 23.21651 23.27478 23.36026 23.41941 23.39776 23.41018 23.30399 23.19546 23.2258 23.33097 23.32601 23.22242 23.49273 23.46492 23.45426 23.44692 23.36606 23.51725 23.51272 23.46855 23.43904 23.36184 23.33458 23.59606 23.47566 23.42262 23.33296 23.54558 23.76321 23.70477 23.43766 23.49301 23.44941 23.46892 23.50848 23.42376 23.35448 22.642 23.73179 24.25221 24.79461 25.09703 25.11161 25.18128 25.97008 25.65039 25.5112 25.40893 25.3919 25.57782 25.89039
-9999 -9999 -9999 -9999 -9999 -9999 -9999 -9999 -9999 -9999 -9999 -9999 -9999 -9999 -9999 23.49426 23.40635 23.5706 23.25402 23.15693 23.01269 23.04258 23.20023 23.11593 23.13788 23.45852 23.39691 23.37965 23.29178 23.14254 23.10766 22.92086 23.25047 23.32584 23.28041 23.28014 23.26088 23.24471 23.44152 23.48529 23.40921 23.34101 23.2603 23.25349 23.41695 23.58301 23.3899 23.34775 23.75776 23.98963 23.74524 23.48166 23.57294 23.36557 23.48456 23.59572 23.97878 24.29374 24.66176 24.43925 24.90002 25.13406 25.0736 24.98292 25.18973 25.88792 26.66488 26.07177 25.95328 25.68646 25.52209 25.7502
-9999 -9999 -9999 -9999 -9999 -9999 -9999 -9999 -9999 -9999 -9999 -9999 -9999 -9999 23.534 23.55783 23.49008 23.54936 23.29322 22.957 22.87502 23.05081 23.295 23.01893 23.29523 23.95919 23.88278 23.81815 23.54679 23.27372 23.33715 23.08522 23.35704 23.36246 23.31156 23.19225 23.16678 23.29058 23.30041 23.25734 23.27614 23.43244 23.54367 23.59529 23.44704 23.49657 23.44131 23.82579 23.9674 23.91569 23.7105 23.4651 23.5672 23.38283 23.62823 23.98324 24.36138 24.69703 24.78395 24.79957 24.98031 25.1652 24.89358 24.77249 25.17362 25.63902 27.09385 27.20681 26.77155 26.25098 25.80148 25.58416
-9999 -9999 -9999 -9999 -9999 -9999 -9999 -9999 -9999 -9999 -9999 -9999 -9999 23.65542 23.58323 23.51783 23.56442 23.49849 23.15011 22.96331 22.85209 23.053 23.40256 23.28788 24.28892 24.17935 23.83518 23.69315 23.47754 23.3718 23.53326 23.52062 23.48141 23.53563 23.44287 23.34751 23.34209 23.39048 23.37874 23.35299 23.47612 24.04155 24.1609 24.20291 24.14729 23.89507 23.94952 24.13484 23.83467 23.53608 23.46539 23.45036 23.4813 23.8252 24.20151 24.8173 24.87784 24.50765 24.50674 24.98224 24.89004 25.04823 25.37948 25.32394 25.06082 25.65085 26.33102 25.96066 27.15818 27.15475 26.8825 26.81808
-9999 -9999 -9999 -9999 -9999 -9999 -9999 -9999 -9999 -9999 -9999 -9999 -9999 -9999 -9999 23.92068 24.07956 23.82055 23.34723 23.28946 23.22743 23.8282 24.26109 24.57175 24.9423 24.39081 23.85365 23.57613 23.41834 23.45557 23.68502 23.58601 23.57119 23.55485 23.46379 23.31544 23.30579 23.45623 23.59171 23.47854 23.62754 24.24406 24.14976 24.34737 24.80178 24.471 24.2294 24.16271 23.78926 23.46776 23.37467 23.44209 23.71213 24.26639 24.9283 25.31884 24.70208 24.18627 25.12092 25.49053 25.07053 25.1424 25.27864 25.1825 25.11349 25.72515 26.88463 28.01909 27.58738 27.01632 26.73783 26.54427
-9999 -9999 -9999 -9999 -9999 -9999 -9999 -9999 -9999 -9999 -9999 -9999 -9999 -9999 -9999 -9999 -9999 -9999 23.47862 23.68534 24.08666 24.58455 25.15917 25.34144 25.49455 25.05767 24.36064 23.7938 23.59111 23.63142 23.63234 23.70438 23.67337 23.6043 23.44443 23.26651 23.23874 23.4305 23.64028 23.6422 23.81945 24.01783 23.9671 24.26722 24.60856 24.37328 24.10672 24.2439 23.97715 23.87458 23.85845 23.68051 23.99111 24.30493 24.01454 25.0271 25.09882 25.01831 26.50142 27.02479 25.90317 25.85663 25.58287 25.30227 25.60471 26.52681 27.33759 28.90389 28.05516 27.0447 26.97376 27.36773
-9999 -9999 -9999 -9999 -9999 -9999 -9999 -9999 -9999 -9999 -9999 -9999 -9999 -9999 -9999 -9999 -9999 -9999 -9999 -9999 -9999 -9999 -9999 -9999 -9999 24.90997 24.5054 23.95009 23.81705 23.83346 23.64086 23.60087 23.67908 23.51102 23.56657 23.39949 23.33342 23.53251 23.72241 23.65061 23.69194 23.80417 23.86605 24.01957 24.1232 23.91932 24.21356 24.15426 24.02542 23.95491 23.9747 24.01556 24.25189 24.69644 25.16806 25.69437 25.94726 26.38796 27.95204 27.41771 26.65633 26.32829 25.82915 25.57632 25.93904 26.71695 27.266 28.12959 27.90003 27.40846 27.25998 27.50581
-9999 -9999 -9999 -9999 -9999 -9999 -9999 -9999 -9999 -9999 -9999 -9999 -9999 -9999 -9999 -9999 -9999 -9999 -9999 -9999 -9999 -9999 -9999 -9999 24.90685 24.44618 24.14666 24.08922 24.17105 24.05485 23.67371 23.33376 23.29946 23.25352 23.32044 23.44599 23.52664 23.56889 23.61289 23.62307 23.65886 23.55276 23.59249 23.66714 23.78857 23.81174 23.88454 23.78958 23.85202 23.92884 24.14471 24.45568 24.44355 25.00118 26.29062 26.10017 26.38647 26.95254 27.86609 27.47437 27.14917 26.41783 25.6215 25.4669 25.9859 26.72108 27.71557 28.54827 28.49654 28.85607 28.45627 27.62141
-9999 -9999 -9999 -9999 -9999 -9999 -9999 -9999 -9999 -9999 -9999 -9999 -9999 -9999 -9999 -9999 -9999 -9999 -9999 -9999 -9999 -9999 -9999 -9999 -9999 -9999 24.16961 24.16887 24.22385 23.98041 23.51295 23.30539 23.35469 23.39978 23.68387 23.67473 23.60625 23.67947 23.68532 23.52839 23.60337 23.63172 23.55436 23.69336 23.82263 23.68737 23.8779 23.70828 24.13812 24.54933 24.68683 24.59401 24.42864 24.66664 25.23042 25.69617 26.47436 27.18441 26.90055 26.55522 26.66663 26.49578 25.9766 26.17925 26.59989 26.63238 27.71125 28.21664 29.3114 29.00507 28.32175 27.61732
-9999 -9999 -9999 -9999 -9999 -9999 -9999 -9999 -9999 -9999 -9999 -9999 -9999 -9999 -9999 -9999 -9999 -9999 -9999 -9999 -9999 -9999 -9999 -9999 -9999 -9999 24.61881 24.61789 24.26345 23.80974 23.55644 23.51983 23.75419 23.86456 23.92178 23.83461 23.7493 23.76747 23.8177 23.95404 23.83285 23.80776 23.62624 23.67224 23.97578 24.09994 23.51935 23.77002 24.21227 24.78694 25.04436 24.7923 24.57 25.37123 26.13082 25.76687 25.80081 26.76914 26.98627 26.65973 26.62456 26.12573 26.17351 26.64831 26.98853 27.12603 27.77052 27.71929 28.41221 28.36174 27.84675 27.29826
-9999 -9999 -9999 -9999 -9999 -9999 -9999 -9999 -9999 -9999 -9999 -9999 -9999 -9999 -9999 -9999 -9999 -9999 -9999 -9999 -9999 -9999 25.07304 25.1035 -9999 25.00425 24.55169 24.5126 24.15411 23.77358 23.70034 23.71049 23.74602 24.02831 24.06149 23.88673 23.80054 23.89952 23.97309 24.00003 23.88759 23.82265 23.98339 24.1038 24.00609 24.04131 24.18009 24.31633 24.42068 24.98104 25.14173 24.73865 24.73214 25.31118 26.80299 26.05286 26.57577 27.91801 27.33423 26.99866 26.95904 26.48922 26.66416 26.77774 26.93263 27.46946 27.90608 28.12252 27.78147 28.19115 27.9832 27.51139
23.68961 23.67216 -9999 -9999 -9999 -9999 -9999 -9999 -9999 -9999 23.63046 -9999 -9999 -9999 -9999 -9999 -9999 -9999 -9999 -9999 -9999 24.11847 24.28879 23.98419 24.24946 24.20265 24.09598 24.0316 23.89512 23.80535 23.78344 23.81801 23.93888 23.823 23.84907 23.87751 23.84129 23.86395 23.9925 24.02586 24.04306 23.92062 24.04713 24.18521 24.16699 24.06366 24.33688 24.81141 25.06843 25.279 25.35734 25.39302 25.66372 25.72716 25.82799 26.06762 26.65153 27.4718 27.59493 27.81768 27.2189 26.97231 26.70369 26.56522 26.51645 26.59949 26.88331 26.83591 27.72124 28.67272 28.5004 27.68913
24.03473 24.08163 24.00683 -9999 -9999 -9999 -9999 -9999 -9999 23.84333 23.65835 23.78207 23.75777 23.7097 23.76285 -9999 -9999 -9999 -9999 -9999 -9999 23.91585 24.0657 23.93155 24.08348 24.08836 24.07028 23.96824 23.98411 23.97952 23.93564 23.88783 23.93962 23.93243 24.1324 24.38847 24.32743 24.13039 24.05525 24.07113 24.06522 24.06473 24.1633 24.24343 24.2359 24.15869 24.38369 24.90331 25.85472 25.93366 25.49726 25.29326 25.50877 25.6433 25.79134 26.74619 27.12406 27.81763 28.19348 28.4042 27.52761 27.10678 26.97223 27.11436 27.37375 27.55689 27.69374 27.40788 27.78223 28.18403 27.84231 27.24031
24.21785 24.30795 -9999 -9999 -9999 -9999 -9999 -9999 -9999 23.62724 23.67105 23.8237 23.81266 23.72224 23.70617 -9999 -9999 -9999 -9999 -9999 23.98142 23.68685 23.75112 24.03015 24.06765 24.03458 23.96368 23.93555 23.97554 24.01967 24.02043 24.03442 24.17565 24.13384 24.34739 24.36307 24.28175 24.21335 24.1837 24.15006 24.15342 24.19997 24.38011 24.55647 24.62205 24.61379 24.95397 25.02289 25.41743 25.6603 25.62247 25.57265 25.77897 25.97881 26.35174 27.62478 27.57652 27.52182 27.66352 27.92882 27.50607 27.307 27.19586 27.13422 27.10173 26.97035 26.64396 26.88454 27.79129 27.43839 27.13818 27.19111
-9999 -9999 -9999 -9999 -9999 -9999 -9999 -9999 -9999 -9999 23.7744 23.66746 23.45194 23.59007 23.69832 23.6911 23.67827 -9999 -9999 24.03743 23.99728 23.84668 23.80801 23.99656 24.05958 23.93723 23.89213 23.96007 23.94293 24.08849 24.21983 24.15578 24.33453 24.2882 24.22706 24.26078 24.22794 24.20756 24.26582 24.35113 24.23736 24.32134 24.62548 24.93861 25.1856 25.40478 25.49273 25.49611 25.62496 25.72 25.74099 25.88846 26.19247 26.54612 26.88018 27.62409 27.72663 27.72064 27.6079 27.48828 27.41137 27.19411 27.23685 27.25711 27.30562 27.48129 27.59328 26.85487 26.83858 27.37283 27.12463 27.14459
-9999 -9999 -9999 -9999 -9999 -9999 -9999 -9999 -9999 -9999 -9999 23.74086 23.37748 23.58239 23.74116 23.6774 23.67476 -9999 -9999 23.70914 23.89437 23.88767 23.92237 24.02522 24.00486 23.82902 23.84016 23.95474 24.01844 24.05549 24.29884 24.80985 25.41714 24.66619 24.35089 24.30661 24.3095 24.32909 24.41651 24.57667 24.49881 24.71032 24.88384 25.26518 25.67775 25.80983 25.78518 25.7523 25.71475 25.82046 25.93364 26.03907 26.13697 26.25677 26.94495 27.74037 27.93437 28.20753 27.82024 27.56329 27.18015 27.31036 27.27362 27.44196 27.28109 27.05476 27.29356 27.40152 27.14235 27.39487 27.45541 27.49767
-9999 -9999 -9999 -9999 -9999 -9999 -9999 -9999 -9999 -9999 -9999 24.20235 24.14221 23.98279 23.78123 23.73746 23.79457 23.85852 23.9659 24.14701 23.92788 24.05781 24.03206 24.01386 23.98073 24.01183 24.06903 23.90477 23.97058 23.99149 23.91532 24.01303 24.46604 24.82508 25.06033 25.42423 25.18801 25.02776 25.18831 25.10588 24.97048 25.18671 25.4877 25.90841 26.15211 26.082 26.15675 26.23948 25.92707 26.04307 26.16734 26.12931 26.15813 26.43116 26.2894 27.27513 27.43876 27.49276 27.55954 27.19252 26.80204 27.44589 27.34056 27.21524 27.28774 27.7388 28.27197 28.04394 28.07751 28.00725 27.64218 27.52685
-9999 -9999 -9999 -9999 -9999 -9999 -9999 -9999 -9999 24.1136 24.08014 24.11915 23.90082 23.74099 23.73106 23.77443 23.82676 23.86921 23.96298 23.88304 -9999 -9999 -9999 24.01433 23.90401 23.95828 23.85168 23.8869 23.95895 23.85966 23.84072 24.04998 24.46595 25.98293 25.58891 25.04784 25.32995 25.53312 25.42923 25.53561 25.49708 25.76057 26.05165 26.21456 26.23128 26.28684 26.33722 26.36463 26.19203 26.01434 25.9077 25.84367 25.89086 26.22875 25.92858 26.46833 27.15284 27.33466 27.36498 27.03685 26.36513 26.77915 26.97314 27.34049 27.55349 27.58796 27.64254 27.84009 27.97622 27.43962 27.23505 27.13474
-9999 -9999 -9999 -9999 -9999 -9999 -9999 -9999 -9999 24.09097 24.0346 24.07756 23.99363 23.769 23.81958 -9999 -9999 -9999 -9999 -9999 -9999 -9999 -9999 24.13046 24.10571 24.20571 24.09502 24.10927 23.92784 23.87536 23.99713 24.1686 24.26967 24.90866 25.17665 24.99314 25.09445 25.2248 25.20366 25.18913 25.22936 25.9927 26.03123 26.11808 26.33887 26.35279 26.32192 26.24515 26.25712 26.10592 25.99626 25.86748 25.74549 25.94425 26.20997 26.41129 27.38366 27.54305 27.27234 26.94802 26.63292 27.10571 27.01923 27.38514 27.7499 27.73904 27.60762 27.95805 27.64181 27.35914 27.2078 27.10509
-9999 -9999 -9999 -9999 -9999 -9999 -9999 -9999 -9999 24.1151 24.2655 24.36221 24.2646 24.18102 -9999 -9999 -9999 -9999 -9999 -9999 -9999 -9999 -9999 24.27767 24.28883 24.28971 24.18497 24.07961 23.95561 24.01607 24.11057 24.14782 24.29649 24.53515 24.83551 25.43312 25.90588 25.67573 25.16094 25.18961 25.20709 25.38514 25.6942 26.22119 26.48659 26.26696 26.14623 26.163 26.06446 26.21506 26.36079 26.44036 26.46809 26.52069 26.82877 27.24579 27.30745 27.27016 27.21287 27.03244 27.0563 27.38214 27.54304 27.77044 27.83668 27.93259 28.10532 28.00326 27.61781 27.29381 27.21597 27.18469
-9999 -9999 -9999 -9999 -9999 -9999 -9999 -9999 -9999 -9999 -9999 24.49208 24.38902 24.35351 -9999 -9999 -9999 -9999 -9999 -9999 -9999 -9999 -9999 24.38178 24.42914 24.32405 24.07425 24.06988 24.18504 24.20591 24.18774 24.22514 24.33497 24.77072 24.85983 25.81909 25.96245 25.65219 25.49168 25.44507 25.25989 25.39564 25.8503 25.91906 26.01475 26.36089 26.44064 26.1902 26.19419 26.25322 26.25056 26.34928 26.63687 26.92271 26.82805 27.46913 27.49595 27.13562 27.33652 27.36968 27.07224 27.32957 27.8823 28.02313 27.87747 28.00659 28.23633 27.73406 27.11198 27.07858 27.04824 27.07453
-9999 -9999 -9999 -9999 -9999 -9999 -9999 -9999 -9999 -9999 -9999 24.41728 24.53016 -9999 -9999 -9999 -9999 -9999 -9999 -9999 -9999 -9999 -9999 -9999 24.67287 -9999 24.21351 24.50179 24.39968 24.28109 24.2386 24.3624 24.68223 24.81653 24.9145 24.95247 25.77886 25.94016 25.55306 25.49026 25.50595 25.37165 25.47689 25.51228 25.78659 26.14388 26.09489 25.93218 26.16504 26.32199 26.35782 26.38434 26.5146 26.69469 26.66536 27.14172 27.13335 26.9666 27.2567 27.02353 27.04911 27.50839 27.53049 28.35563 28.35704 28.29064 28.23974 27.50274 27.07884 26.97857 26.99675 27.19931
-9999 -9999 -9999 -9999 -9999 -9999 -9999 -9999 -9999 -9999 -9999 -9999 -9999 -9999 -9999 -9999 -9999 -9999 -9999 -9999 -9999 -9999 -9999 25.20073 25.08825 24.83836 24.63103 24.92025 24.88056 24.78822 24.5403 24.41808 24.69699 24.5422 24.85396 24.93884 25.26787 25.63187 25.75583 25.62957 25.56058 25.41034 25.42048 25.46381 25.79251 26.13499 26.0525 26.16076 26.17353 26.25867 26.43951 26.66731 26.89257 27.03731 26.83254 26.6762 26.77711 27.13906 27.06255 27.05248 27.1164 27.15644 27.4792 28.21943 28.006 28.07772 28.26068 27.61053 27.11861 27.04042 27.0293 27.31022
-9999 -9999 -9999 -9999 -9999 -9999 -9999 -9999 -9999 -9999 -9999 -9999 -9999 -9999 -9999 -9999 -9999 -9999 -9999 -9999 -9999 -9999 -9999 25.38897 25.30355 25.14843 25.06704 25.04903 24.71366 24.70087 24.70286 24.60851 24.56443 24.15482 24.78667 24.90076 25.17288 25.44977 25.65933 25.72677 25.64888 25.51702 25.51939 25.64756 26.00008 26.1648 25.81941 26.07544 26.14959 26.29609 26.26008 26.30452 26.39444 26.4908 26.96253 26.91349 26.77095 26.99907 27.21617 27.05275 27.11883 27.01839 26.93444 27.49103 27.27114 27.41496 27.91408 27.86444 27.4126 27.08482 26.96396 27.16792
-9999 -9999 -9999 -9999 -9999 -9999 -9999 -9999 -9999 -9999 -9999 -9999 -9999 -9999 -9999 -9999 -9999 -9999 -9999 -9999 -9999 25.63049 25.65014 25.39225 25.31128 25.0973 24.86413 24.8384 24.57594 24.68187 24.86542 24.83572 24.62349 24.28035 24.89295 24.8783 25.07149 25.57953 25.86457 25.71238 25.55156 25.41215 25.39321 25.36848 25.71275 26.04307 25.74881 25.93993 26.10563 26.41946 26.59707 26.52166 26.31776 26.29171 26.59045 26.81345 26.53805 26.6925 27.11989 26.88464 26.83777 27.00293 27.18699 27.38735 27.02734 27.26075 27.6706 27.53877 27.45326 27.10604 27.07323 27.78796
-9999 -9999 -9999 -9999 -9999 -9999 -9999 -9999 -9999 -9999 -9999 -9999 -9999 -9999 -9999 -9999 -9999 -9999 -9999 25.58362 25.64959 25.73399 25.70012 25.36604 25.23801 25.01305 24.70781 24.65089 24.75408 24.91209 24.80401 24.56629 24.54334 24.61696 25.15294 25.0159 25.18475 25.57837 25.75143 25.60733 25.64062 25.30017 25.2592 25.10306 25.4858 25.88538 25.74508 26.00708 26.08226 26.21579 26.36435 26.34683 26.19909 26.19474 26.46381 26.611 26.52325 26.55966 26.84753 27.01413 26.95313 26.84248 27.27177 27.08612 26.84083 27.00233 27.35044 27.40985 27.08686 27.46478 27.05782 27.24217
-9999 -9999 -9999 -9999 -9999 -9999 -9999 -9999 -9999 -9999 -9999 -9999 -9999 -9999 -9999 -9999 -9999 -9999 -9999 25.66752 25.66573 25.78844 25.77027 25.56583 25.40273 25.23702 25.04838 24.80125 -9999 24.9524 24.74644 24.56616 24.98875 25.19532 25.3012 25.19312 25.227 25.46399 25.55355 25.4778 25.51477 25.35026 25.2026 25.31706 25.6833 25.97862 25.92037 25.73978 25.82206 25.94055 26.17704 26.21193 26.16969 26.22948 26.32379 26.57417 26.8073 26.8349 27.02509 27.26921 26.99816 26.85837 26.86635 27.00084 26.88578 26.81657 26.97459 27.06386 26.72896 26.91756 26.86001 26.82365
