features/re_bio13.asc
ncols         768
nrows         589
xllcorner     124.299398925
yllcorner     32.893460211367
cellsize      0.010567299164062
NODATA_value  -9999
[rows 280 to 314 of 589, columns 308 to 384 of 768]
389.4 391.3 391.9 392.5 408.1 421.9 402.3 398.3 395.7 400.1 408.9 408.6 406.8 403.1 401.2 398.3 394.9 395.9 398.5 393.7 392.4 391.3 391.2 390.6 388.5 386.7 386.2 387.9 389.2 389.2 390.3 399.2 409.5 404.8 397.6 396.8 394.2 406.3 401.5 401.4 404.7 408.6 412.3 412.3 408.7 407.9 412.6 423.5 431.6 432.8 435.1 447.3 442.6 452.2 450.4 453.6 455.7 453.3 451.5 454.9 454.5 453.6 453.9 454.6 455.1 455.8 457.3 458.4 461.9 464.8 468.3 472.4 480.4 482.6 482.7 482.5 484.7
391 393.3 391.5 398.8 405.7 405.5 408.2 408.3 401.3 400.9 406.8 407.9 404.4 403.3 401.8 396.5 394 394 394.7 391.3 390.1 387.9 388 387.4 386.3 385.4 384.4 384.2 387.5 395.4 390.1 396.8 394.8 394 396.3 394.6 392.4 414.9 411.4 410.8 410.4 411.8 415.5 415.1 407.7 408.8 411.4 413.9 421.4 426.4 429.7 437.3 437.4 446.8 448.2 447.2 448.8 448.8 449.1 449.6 451.9 452.3 455 456.4 455.2 454.5 457.8 461.5 463.7 464.9 468 469.4 472.9 476.9 478.3 481.4 482.9
385.6 392.1 395.6 394.6 393.2 395.5 397.4 401.5 398.4 401.5 404.9 404 404.4 402.9 397.9 398.7 398.1 397.8 395.9 390.1 389.2 386 386.4 385.1 385 385.5 383.3 381.6 388 400.7 394.1 399.4 393.7 387.3 386.6 389.6 394.3 446.9 453.9 458.4 452.8 447.8 424.5 412.3 411.6 411.3 413.9 411.5 413.5 418.7 424.9 430.5 435 441.4 446 444.4 445.3 446.5 446.2 446.7 449.5 452.4 461.2 456.5 453 456.4 464.3 472.3 469.4 466.6 467.2 469.4 473.6 475.9 477.3 482.8 480.8
382 383.6 390.9 391.6 391.3 390 387.4 395.5 395.8 395.2 397.4 400.7 400.6 398.7 397.1 398.9 399.4 397.5 393.7 387.7 387.1 385.8 383.8 385.4 383.3 383.8 384.5 385.8 391.4 395.8 392.8 391.6 387.7 384.4 384.2 388 396.6 473.5 506.8 522.6 527.3 506 450.1 415.4 402.6 401.4 405 408.7 415.4 419 421.9 427.3 428.8 433.5 435.8 438.5 439.2 442.6 443.2 443.7 445.6 452.6 456.3 452.5 451 456.5 466 473.5 470.9 472.6 471 469.5 475.3 474.4 477.1 480 479.9
382.4 381.7 383.1 388.2 392.3 385.3 391.8 395.4 397.7 402.2 405.3 404.3 401.2 400.6 402.9 400.9 398 394.5 391 385.9 386.6 383.8 380.8 383.3 385.4 386.1 385.3 386.6 391.4 390.1 387.8 388.3 389 385.3 385.8 403.3 419.9 499.9 529.3 565.8 561.6 533.4 486.5 459.5 440.1 412.6 410.9 412.2 416.4 420.9 423.3 426.6 431.6 433.3 435.6 437.1 439 440.2 440.3 441.6 444.2 446.7 449 457.8 461.1 458.7 458.7 466.4 468.9 467.3 463.2 469.1 475.7 476.4 479.3 479.9 479.9
383.3 384 381.4 381.2 383.9 387.9 393.8 396.9 401.1 399 398.8 399.9 400.1 401.1 403.9 398.1 392.3 389.7 387.2 385.9 383.7 386.6 382.8 382.9 387.6 386.5 384.2 386.7 390.4 384.6 385.7 388.3 390 385.9 403.8 429.3 446.6 531.4 540.6 579.1 587.1 567.7 538.9 504.8 471.7 473.9 450.9 423.6 423.7 429.3 428.9 431.7 445.3 444.7 434.2 433.7 439.1 442.3 441.1 441.5 443.3 445 458.4 460.8 465.9 460.8 455.5 458.9 469.9 469.5 465.2 489.7 477.3 475.8 479.4 479.9 485.2
383.9 387.3 382.9 382.5 384 385.2 393 395.1 397.1 396.4 395.9 396.7 398.1 397.1 397.2 395.1 390.4 387.3 385.4 387.4 383.3 385.8 390.5 379.2 384.9 384.9 387.1 391.2 390.8 387.9 385.7 390.9 386.8 404.2 432.8 460.3 482.7 566.8 612.1 644 635.2 612.8 582 549.8 533.9 544.6 501.7 486.4 445.9 436.8 437.2 434.5 440.1 439.4 430.6 433.8 441.9 446.7 444.5 443.3 440.4 444 448 450.3 453.5 458.6 462.2 461.9 460 470.4 473.8 503 494.3 482.8 482.9 482.1 483.5
384.1 386 379.8 377.7 377.8 379.3 380.6 385.8 393.8 393 391.7 389.6 387.2 386.3 384.2 384.5 384.6 380.2 380.8 384.6 389.8 389.1 389.2 383.6 377.8 379.4 385.8 387.8 385.6 390.9 410.1 418.9 424 475.5 516.9 564.8 614.2 641.1 690.6 746.8 739.6 709.4 681.9 662.3 647.2 611.2 616.3 593.5 539.8 476.6 426.3 423.9 425.3 425.5 428.9 431.3 435 442.4 442.4 438.5 438.5 440.8 446 456.8 466.4 461.2 455 457.6 465.5 472.2 503.5 510.4 487.9 483 485.8 488 487.6
385 384.7 379.8 379.6 379.8 379.8 382.9 385.3 393.7 391.4 386 380.6 378.7 380.8 382.8 379.7 383.4 380 377.7 377.9 381.2 378.9 380.3 381.8 380 380.1 383.6 385 384.4 388.4 409.1 428.3 451 519.2 567.8 616 661 707.1 743.1 776.3 771.4 761.2 746.3 715 683.3 656.2 629.5 621.4 560.7 495.9 438 426.1 426 422.8 427.4 430.4 433.7 440.8 444.8 439.9 439.9 445.3 447.6 457 468.3 470.8 468.6 465.9 464.5 471.3 490.6 481.5 475 475.5 479.7 483.1 485.5
383.2 381.4 380.3 379.7 374.8 374.2 381.4 382 384.1 383 377.9 373.9 375 379.9 382.3 376.7 378.1 378.1 376.8 372.8 374.4 372 374.8 380 382.9 380.8 376.7 379.2 389.1 423.1 431.3 449 484.7 551.9 614.7 678.6 729.3 780.7 817 819.9 834.7 826.8 809.2 779.8 737 690.9 653.3 642.4 567 503.7 445.1 419.9 421.8 423.6 426.1 430.6 433.3 439.4 444.5 442.8 444.8 457.8 458.4 459.5 469.2 474.7 470.8 468.8 470.6 468.1 471.8 468.2 470.3 473 477 482 486.2
384.6 380.4 376.8 373.9 370.1 370.5 378.7 375 370.9 367.9 366.4 367.2 369.8 372.8 374.9 373.6 373.2 373.2 370.5 370.5 373.8 372.9 371.7 373.1 378.6 373 372.6 378.4 400.2 438 461.1 469.9 528 585.5 660.7 725.9 781 852.2 853 847.9 868.8 876.2 860 822.5 778.9 736 683.5 657.6 580.6 516.9 461.1 416.7 417.8 421.7 425.6 427.6 430.4 434.6 441.2 444 450.5 468.5 470.2 465.4 476.5 473.3 470.9 469.9 468.2 472.2 489.8 481.1 474.7 475 477.4 481.3 487
385.1 380.5 375.2 372.1 369.9 368.9 370 368.7 363.9 364.8 366.4 364.5 364.5 367.2 368.7 369.9 364.4 368.1 369.9 368.9 370.2 370.5 370.2 370.6 376.3 368 370.7 379.1 423.1 461.9 486.1 507.1 579.8 626.6 698.4 746.5 789.4 886.4 891 894 901.5 917.1 901.6 862.8 823.9 782.5 713.7 659.6 597.8 530.7 473.2 428.5 418.1 417.6 424.4 426.7 432.7 437.7 446.3 449.9 456.5 471.9 476.4 466.6 477.8 470.2 470.2 472.6 469.3 472.7 491.3 492.3 483.9 484 483.9 485.4 488.6
390.5 381.1 372.7 372.6 373.8 369.2 364.1 362.3 361.1 356.9 357.9 360.5 361.3 362.7 363.5 361.5 359.4 364.9 365.7 364 366.1 364.2 366 365.5 371.2 366.6 367.4 388.3 436.4 478.3 520.5 565.3 618.3 660.5 717.4 767.6 807.2 914.6 936 946.1 933.4 938.1 919.5 881.8 844.5 803.2 743.2 677.7 610.3 552 501.4 440.9 417.1 423.6 428.1 425.6 435.3 446.3 459.7 462.8 462.9 472 474.8 455.7 465.4 462.4 460.3 463.4 466.4 469.2 481.7 487.2 493.2 491.8 491.2 493.6 495.4
386.4 375.8 374.1 374.6 373 368.6 362.7 358.7 357.2 352.2 348.9 352.6 357.6 356.4 354 351 354.7 354.9 358.1 360.4 360.9 360.6 361.2 363.8 364.7 367.1 368 397.9 439.5 484.6 539.8 591.1 633.3 670 713.9 769.6 821.3 925.9 965 970.5 968.3 944 920.2 892.9 857.5 812.1 754.5 687.2 629.1 566.7 516.2 458.3 423.8 431.3 428.7 427.1 430.3 440.4 453.1 458.4 458.8 462.1 475.3 459.2 466.9 457.9 459.3 464.6 464.9 467.1 476.8 481.5 494.1 493.8 494.5 496.3 496.5
384.5 375.9 372.9 370.7 370.9 369.9 362.5 356.4 353.4 353.9 349.2 347.2 347.2 346.1 346.1 350.9 354.4 353.3 356.4 358.9 358 357.8 360.1 357.3 362.8 373.1 384.4 410.5 452.4 501.3 551.6 605.2 651.2 687.7 734.4 783.8 827.9 918.7 966.2 984 986.7 956.9 934.1 902.8 862.7 813.4 754.9 699.9 668.5 586 526.5 470.9 425 430.8 437.7 428.5 432.4 441.6 454.9 458.1 453.2 451.9 461.6 466.4 467 456.8 464.1 466.3 463.4 470.5 482.1 475.7 491.9 492.7 495.9 499.7 501.8
381.1 377.3 371 369 363.1 359.4 357.5 352.5 346.5 345.6 344 343.2 343.6 342.7 343.1 347.9 355 353.2 355.4 357.7 357.4 356.8 357.3 354.9 378 401.1 424.1 447.6 483.4 531.2 584.2 633.6 679.5 711.2 751.3 792.8 830.6 914.7 948.6 966.6 981.3 951.5 929.8 896.9 855.3 806.8 753.7 704.9 663.3 591.3 531.4 491.1 436.1 431.2 441 432 439.6 453.8 464 471.1 468.9 456.3 452.2 472.5 469.8 454.6 456.2 460.1 464 469.4 475.6 475.4 488.5 488.3 491.8 497.6 502.3
372.3 371.3 361 359.9 357.2 353.6 352.3 348.3 344.6 345.3 347.9 348.9 347.8 345.3 345.3 350.8 352 352.6 360.7 371 375 386.2 390 396.1 428.4 441.5 471.6 507.7 536 574.2 621.3 663.9 -9999 742.6 770.1 800.9 834.6 895.4 922 932.9 938.9 935.7 904.2 876.7 841 788 733.8 689.2 642 579.3 530.9 497.6 446.1 441.7 450.9 437.9 446.7 460.8 472.6 478.9 473.2 461.1 455.9 462.7 482.1 467.6 459.5 460.5 463.3 471.4 481.4 478.7 490.7 494 495.9 497.5 502.5
366.9 362.1 356.1 356 355.8 355.5 353.3 349.7 348.7 342.5 343.7 347.8 348.8 346.4 343.2 342.8 348.4 354.6 369.8 412.2 416.5 411 417.2 445.4 474.9 494 513 547.2 570.5 591.7 632.2 671.7 709.5 765 789.3 810 829.3 875.5 905.2 907.1 904.2 892.7 869.5 843.2 807.3 762.5 711.8 671.4 628.5 564.8 521.7 486.4 441.5 446.1 462.2 451.5 452.1 471.6 472.4 470 464.5 458.3 456.7 459.6 473.2 473.4 462.6 461.6 468.4 476.7 481.2 481.9 493 502.4 507.4 507.9 507.9
361.7 353.3 354.4 357 359.4 357.2 353.5 350.8 351.9 344.3 339.6 343.6 346 346.9 346.5 344.8 343.4 350.9 362.6 430.2 435.5 438.2 457 490.1 530.9 556.4 565.2 584.7 605.2 630.4 658.3 692.2 723.6 766.7 804.3 837.1 842.3 872.4 885.4 880.9 878.8 853.7 833.4 811.5 773.6 730.1 684.1 652.2 608.9 561.1 501.7 454.4 443.3 453.7 472.6 465.7 459.9 482.1 469.9 464.2 458.1 453.5 455.9 462 463.3 475.4 467.5 467.4 473.7 479.7 482.6 486.6 496.6 502.3 506.6 509.3 510.4
354.9 350.9 355 362.1 361 356.5 351 347.8 347.1 344.3 341.5 338.3 341.2 348.4 351.1 346.6 341.6 354.2 387.1 449.8 457.8 480.5 521.8 553.6 572.5 613.5 622.6 639.2 657.1 685.8 716.4 734.7 751.9 782.4 822.8 835.2 838.7 841.7 851.3 844.8 828.7 808.5 794.8 762.4 726.8 694.4 656.2 625.9 585.2 539.5 491.9 440.6 449 462.4 480.8 471.1 468.2 474.8 470.2 468.1 466.3 462.4 461.6 466.2 466.2 473.6 473 475.8 479.4 484.3 487.6 491.6 500.6 505.2 508 512.6 514.5
356 355.1 353 357.4 356 352 346.3 343.5 341.6 343 343.7 338 339.6 348.3 367.8 361.1 347.9 366.1 411.4 458.3 491 540.5 583.1 605 618.6 661.1 673.3 687.9 701.1 721.1 740.6 752.5 767.2 797.2 831.1 837.3 829.2 806.1 791.1 777.9 765.1 751.5 726.4 707.3 686.1 659.9 628.1 590 556.2 524.4 479 447 453.4 465.6 480.7 475.2 465.8 471.2 475.4 474.7 477 473.6 466.1 465.2 468.6 474.8 480 485.3 488.8 494.9 499.4 499.2 505.6 507.6 514 520.2 522.3
352.8 358.8 350.9 349.8 350.4 347.1 341.5 341.9 342.7 345.4 343.1 340.7 340 344.6 362.2 365.3 361.8 383.9 436.6 484.1 530.5 583.7 621.9 651.3 671.5 699.7 727.6 736.4 748.7 763.6 781.3 798 802.7 800.5 811.4 810.9 800.6 781.5 763.3 736.5 720.3 693.6 678 675.7 649.5 624 598.8 566.5 540.2 501.1 468.7 451.4 456.1 469.4 478.8 470.6 466.9 471.7 477.2 479.4 482.1 478.6 472.8 471.9 473.8 478.2 483.5 489.5 493.9 498.2 501.8 504.3 510.6 513.6 519.8 522.1 525.4
351.5 352.7 342.7 345.1 345.5 341.2 338.7 338.3 341.4 342.1 340.5 338.6 337.3 338.5 351.2 362.5 372.7 397.3 443.9 511.3 552.7 610.9 659.6 693.2 720 749.7 764.7 775 791.5 806.1 822.2 837.5 832 817.2 796.9 789 764 729.2 717.8 699.1 670.6 649 647.8 655 619.5 586.7 562.1 538.7 512.5 468.4 457.9 458.7 461.9 460.9 472.1 471.8 470.8 468.9 482.8 476.9 477.7 479.2 479.7 480.3 479.5 482.2 486.6 492.1 497.1 501.4 505.4 508.9 516.3 517.7 524.9 525.6 527.3
355.7 356.3 342.6 343.6 344.8 343.7 340.9 337 334.9 333.6 333.4 334.3 332.1 336.4 356 378.3 395.2 408.2 445.4 529.7 572.7 624.6 671.6 704.2 744.3 778 788.1 802.9 814 -9999 -9999 846.2 848.4 834.5 793.2 764.3 735.7 687.8 671.8 654.3 627.4 611 604.8 615.9 574.6 543.9 525.2 509.2 487.9 457.4 457.8 460.2 461.5 470 467.9 464.8 467.3 478 481.4 475.1 476.8 479.4 480.4 482 483.9 489.3 490.5 495.5 500.4 504.4 508.7 511.8 519.2 521 527.2 530.2 530.9
347.6 354.5 365.4 360.2 360.9 366 365.1 365.6 379.2 384 337.5 333.6 344.2 352.8 370.8 389.7 402.6 434.8 500.6 566.8 609.9 640.4 678.1 718.5 755.4 783.7 814.4 830.9 844.6 -9999 833.6 827.2 820 799.5 753.7 718.1 698.4 633.1 601.2 578.1 570.2 560.1 541.3 526.8 502.5 481.5 461.8 458.7 465.2 466.9 472.1 477.3 480.5 503.2 493.7 493.3 491.8 479.1 480.7 487 484.6 488.4 492 493.2 495.6 498.2 501 506.5 509.7 513.6 515.3 517.9 533 534.2 530.6 530.5 529.6
365.8 377.3 392.5 396.1 392.3 396.1 402.8 406.6 409.6 414.9 370.8 363.8 375 386.6 400 416 436.7 460.5 481 574.7 620.4 651.7 694.3 738.8 765.9 789.6 795.8 820 834.7 842.3 823.3 803.1 790 773.7 737 703.1 677.2 608.2 584.1 576.1 561 541.8 520 500.7 480.5 466.4 456.7 462.1 470.6 476.8 480.3 478.7 494.4 506 504.4 494.6 486.2 488.3 481.7 483.9 486 488.5 493.5 502.4 509.8 508.2 513.3 524.3 523.9 525.7 525.6 525.1 531.3 533.5 529.9 531 532.2
396.6 409.7 434.4 432.8 430.7 439.7 443.8 439.5 432.2 427.4 412.6 411.6 411.1 415.1 424.2 439.8 464.6 488.7 507.2 559.7 599.1 644.9 690.4 732.2 766.9 784 780.1 799.4 816.7 814.7 792.9 768 753.9 740.2 707.4 678 646.1 581.5 566.9 570 554.7 526.2 510 491.1 468.6 462.1 463.8 467 476.8 487.7 489.2 488.9 501.5 504.3 495 488.9 486.4 485.3 488.4 489.2 489.7 497.1 502.4 507.7 516.5 525.3 530.6 537.9 533.7 528 528.8 531.3 536.2 531.2 532 532.7 534.5
431.4 443.7 472.3 473.1 464.8 464 468.1 468.4 462.7 459.5 463.5 442.5 439.4 442.4 450.2 464.6 483.1 499.6 526.1 580.9 602.1 618.8 640.9 675.4 719.5 755.4 760.1 780.9 790.8 768.4 745.9 729.9 708.7 696.7 672.9 637 605.6 558.4 548.9 545.8 537.9 521.6 505.2 487.9 462.9 472.9 475.9 474.5 478.6 488.6 494.8 504 505.7 509.9 506.8 502.2 496.9 497.4 500.7 499.1 498.7 504.4 509 516.9 526 531.6 537.2 532.3 543.5 537.4 530.8 532.5 532.6 533.8 535.4 534.6 535.4
478.2 483.4 500 492.5 495.2 491.7 495.8 498.1 501.7 497.7 492.7 473.5 470.8 471.4 480.5 490.9 501 516 539.8 593.6 602 614.5 633.1 654.6 674.8 689.5 696.2 719.4 737.3 718.8 702.3 679.9 657.5 644.6 623.9 588 581.9 543.9 534.8 531.2 527.5 525.5 508.3 478.8 467.8 480.5 483.4 480.4 482.2 489.9 497.9 503.8 506.4 511.3 523.1 523 514 513.5 510.1 510.2 512.4 513 516.9 527.3 535.1 537.1 540.5 534.9 541.8 546.3 538.5 537.1 548.6 541.3 541.4 536.4 535.6
517.4 513.5 532.7 530.3 545.3 542.7 541.6 550.1 550.9 544.9 529.4 510 508.1 503.2 512.1 521.8 535 547.6 563 601.9 602.8 611.8 628.1 639.6 645.8 655.5 651.8 644.7 666.6 669 662 631.2 614.9 607.8 586.1 559.9 564.9 504.8 498.7 510.8 514.6 502.3 487.5 474.9 474.5 489.9 494.4 491.4 492.1 500.8 510.6 508.2 514.8 522 530.9 532.5 528 524.8 526.7 522 525.4 521.6 524.8 534.2 540.7 542.2 544.8 545.9 543.3 543.6 539.1 536.8 543.3 540.2 550.3 538.4 536.6
545 550.2 561.5 570.5 589.7 591 585 593 596.6 586.9 575.8 565.5 546.3 541.8 548.1 552.3 558.6 567.2 578.9 598.5 597.7 605.1 603.2 599.5 599.1 603 606.7 618.3 603.9 600.8 603.3 577.4 562.5 558.6 543.5 525.9 512.6 478.5 487.4 497.4 488.3 484.9 495.6 489.1 490.2 498.3 504.9 504.5 504.5 513.7 527 524.3 530.6 538.9 549.9 547.6 543.5 539.8 540.4 536.2 528.8 525.1 527.8 535.2 541.8 545 544.6 547.8 541.9 546.5 543.1 542.3 536.5 534.7 534 534.8 536
560.1 578.4 610.3 633.6 646.4 641.3 632.1 633.5 633.9 622.6 617.2 617.5 588.6 581.4 574.4 576.7 580.5 584.2 588.8 589.6 589.9 588.8 588.2 574.2 564.4 569.7 571.1 575.1 558.8 543.3 541.9 522.2 511.4 509.2 497.9 476.5 469.5 459.6 471.8 474.3 477.6 487.3 493.3 502.9 506.6 508.3 513.5 519.6 523.5 525.9 531.3 539.2 560.6 564.3 578.1 576 566.6 558.5 557.8 555 538.8 535 534.1 536.7 539.5 542.2 546.8 550 550.1 551 546.5 551.9 542.1 540.6 540.5 537.1 540.3
590.2 619.4 637.4 655.9 674.6 676.5 663.2 653 652.9 656.4 657.4 664.2 626.6 617.9 607.6 609.5 611.5 609.2 605.8 572.1 567 564.7 574.5 564.2 540.5 528 529.6 530.9 514.5 496.9 486.6 472.5 471.9 476.5 470 450.1 443.7 460.9 473.8 477.6 481.6 491 500.4 519.5 519.8 517.3 519 521.6 524.2 526.4 534.1 554.4 567.3 571.1 590.9 587.9 579.4 571.9 566.1 557.9 548.8 545.3 546.5 545.4 544.3 547 551.1 551 554 550.9 553 554.2 552.5 549.2 550 541.9 537.5
616.1 637.9 669.6 686.1 687.3 689 686.1 676.2 674.4 683.4 688.1 683.1 656.7 643.8 625.9 626.1 625.8 623.1 617.5 593.1 572.2 550.5 544.5 536.1 516.1 494.8 486.8 485.4 476.3 463.3 447.4 432.9 435.5 439.9 442.9 443.5 447.9 465.8 473.3 480 484.8 493.7 509.4 512.8 511.5 510.7 513.2 517.7 524.2 534.9 547.9 559.6 562.4 567.5 586.6 585.8 575.9 566.6 559.5 556.1 565.7 556.7 556.6 553.9 551.3 550.2 551 554.5 555.2 552.5 557.9 558.8 563.6 559.2 552.3 550.3 547.6
618.8 635.5 677.2 683.8 689.9 693 691.4 687.3 688.6 690.8 688.6 691.6 682.8 654.6 644.8 634.4 637.6 645.3 637.3 587 565.8 544.5 518.8 511 492.3 463.3 447 455.8 452.3 441 436.6 433.9 437.4 444.2 447.6 448.8 455.3 472.9 477.9 481.2 486.9 496.6 506.9 514.2 512.7 511.6 518.2 529.2 537 544.2 553.4 558.2 564.6 564 587.8 579.7 569.2 564.1 564 561.2 569.2 563.9 561.3 559.6 559.7 558.3 556.3 557.2 557.1 555.1 557.7 559.7 562.4 559.9 561.6 565.4 556.5
