features/re_bio1.asc
ncols         768
nrows         589
xllcorner     124.299398925
yllcorner     32.893460211367
cellsize      0.010567299164062
NODATA_value  -9999
[rows 192 to 223 of 589, columns 432 to 503 of 768]
9.222688 10.07561 10.35358 10.33355 9.836445 9.050585 8.667584 9.172307 8.896266 9.099475 9.874788 10.28224 10.29774 10.49068 11.17568 11.26853 11.68872 11.74475 11.69107 11.0243 10.11504 9.458567 9.36566 9.499848 9.744972 9.868668 10.67402 11.65033 11.40264 11.72299 12.62812 12.63743 12.81976 12.5905 11.96079 11.41609 12.51568 12.06888 12.59677 13.21386 13.53868 13.56998 13.60419 14.82817 14.76265 14.63179 14.8866 15.20738 15.31104 -9999 -9999 -9999 -9999 -9999 -9999 -9999 -9999 -9999 -9999 -9999 -9999 -9999 -9999 -9999 -9999 -9999 -9999 -9999 -9999 -9999 -9999 -9999
9.755955 10.34884 10.72996 10.6089 10.13358 9.459315 9.166731 9.726334 9.924005 10.14775 10.33667 10.60401 10.84454 10.91817 10.84101 11.0109 11.23804 11.1009 11.35301 11.17841 10.27209 9.769114 10.60742 10.90627 10.86676 10.38078 10.01693 10.25061 10.77513 11.02753 11.43777 11.88917 11.94663 12.11204 12.11304 11.62741 11.44919 11.95421 13.2847 13.91746 14.19367 14.38487 14.30952 14.34368 14.70307 14.71441 14.85247 14.89534 14.87743 15.00657 -9999 -9999 -9999 -9999 -9999 -9999 -9999 -9999 -9999 -9999 -9999 -9999 -9999 -9999 -9999 -9999 -9999 -9999 -9999 -9999 -9999 -9999
10.13968 10.56394 10.64471 10.07854 9.910791 9.7115 9.617749 10.10838 10.56145 10.81258 10.8549 10.79724 10.98229 11.05145 10.92882 11.12531 11.35888 10.69383 10.90219 11.30544 10.73839 11.02809 11.36198 10.65911 10.47712 10.34065 9.722555 9.483615 9.914692 9.320553 9.36449 11.63496 11.20538 11.4404 11.93091 11.61353 11.82415 12.89183 12.90719 13.36945 13.85402 14.2095 14.36255 14.09144 14.64759 14.25428 14.34031 14.54664 14.73088 15.01392 15.50514 15.72475 -9999 -9999 -9999 -9999 -9999 -9999 -9999 -9999 -9999 -9999 -9999 -9999 -9999 -9999 -9999 -9999 -9999 -9999 -9999 -9999
9.525414 10.04291 10.04325 10.20105 9.843238 9.525107 9.653471 10.11783 10.30681 10.54115 10.40578 10.61583 10.96064 11.12538 11.1126 11.30931 11.59535 11.29161 11.57225 11.60589 11.45678 11.60522 10.79479 10.97266 11.18803 11.35037 11.11987 10.67901 10.24972 9.905952 9.360817 10.59864 10.53002 10.6991 11.24875 11.40207 11.97304 12.84941 13.28452 13.27345 13.40575 13.88341 14.25535 13.86884 14.24234 14.20008 14.42474 14.49289 14.51442 14.71222 15.14354 -9999 -9999 -9999 -9999 -9999 -9999 -9999 -9999 -9999 -9999 -9999 -9999 -9999 -9999 -9999 -9999 -9999 -9999 -9999 -9999 -9999
9.172547 9.708668 9.401214 10.04725 10.17956 10.35012 10.45101 10.4047 10.38692 10.06896 9.754931 10.2661 10.6432 11.01809 11.32948 11.36969 11.26661 10.92954 11.24173 11.86862 11.93184 11.71552 11.34427 11.55702 11.0566 10.58007 10.20476 10.51894 10.93184 10.61026 10.81157 9.516723 9.945263 10.92811 10.94274 10.84773 11.6534 11.91602 12.85393 12.67985 13.21083 14.02725 14.41039 14.28688 14.23877 14.06921 14.46488 14.60862 14.54632 14.64658 15.03579 -9999 -9999 -9999 -9999 -9999 -9999 -9999 -9999 -9999 -9999 -9999 -9999 -9999 -9999 -9999 -9999 -9999 -9999 -9999 -9999 -9999
10.21121 9.947881 9.971824 9.933161 10.06963 10.42225 10.88041 10.95251 10.44491 10.45881 9.677132 9.722298 10.21032 10.81997 11.07974 10.81543 10.50592 10.68657 10.95076 11.86868 11.74165 11.37221 11.23316 11.05969 10.8482 10.46817 9.882381 9.983116 10.43511 10.43416 10.11429 8.89949 9.559501 10.24559 10.17806 10.23876 10.68542 11.41564 11.82415 12.40769 13.41779 14.09122 14.35217 14.51626 14.39396 14.17906 14.21052 14.60696 14.66494 14.69383 15.01967 -9999 -9999 -9999 -9999 -9999 -9999 -9999 -9999 -9999 -9999 -9999 -9999 -9999 -9999 -9999 -9999 -9999 -9999 -9999 -9999 -9999
10.83244 10.84242 11.30231 10.77351 10.1153 10.52033 10.74188 10.8677 11.22967 11.2243 10.49006 10.08543 10.46365 10.60198 10.34018 10.17327 10.47959 10.78864 10.90775 11.45984 11.80735 11.82637 11.20817 10.27514 9.989188 9.524975 9.6097 9.991303 9.84476 9.365258 9.561666 10.21485 10.6487 11.05923 11.77441 11.76906 11.77132 12.67061 13.86379 13.88412 13.61135 13.88385 14.11032 13.95603 13.87139 14.33643 14.50462 14.64899 14.98833 15.11194 15.17274 -9999 -9999 -9999 -9999 -9999 -9999 -9999 -9999 -9999 -9999 -9999 -9999 -9999 -9999 -9999 -9999 -9999 -9999 -9999 -9999 -9999
11.20845 11.32953 11.68016 10.92274 10.25433 10.6325 11.14349 11.45553 11.3445 10.75479 10.82788 10.62256 10.57261 10.7478 10.57421 10.39182 10.7104 11.09908 10.87791 11.12845 11.74938 12.10093 11.55414 10.64673 10.06839 10.08187 10.70768 10.72766 10.05163 9.484027 9.7561 10.66054 11.50221 11.73337 12.05664 12.13531 12.43015 12.69692 11.82987 13.10793 13.81358 13.82787 13.85608 13.92005 13.86732 14.16341 14.26097 14.54757 14.82969 15.08819 15.28199 -9999 -9999 -9999 -9999 -9999 -9999 -9999 -9999 -9999 -9999 -9999 -9999 -9999 -9999 -9999 -9999 -9999 -9999 -9999 -9999 -9999
11.65656 11.55156 11.69601 10.88955 10.42068 10.41496 10.64535 10.95652 11.28766 11.53823 11.34272 10.92521 10.8476 11.16199 11.15862 10.90334 10.84539 11.13356 10.751 10.97303 11.43455 11.87741 11.9331 11.37029 11.02759 11.03214 11.25636 10.62593 10.10848 9.734751 9.718114 10.59866 11.84054 12.19218 12.29542 12.05987 11.31682 11.34559 12.06458 13.03378 13.55345 13.10196 12.85268 13.01223 13.34233 13.74525 14.44684 14.69137 14.83965 14.89992 15.08844 -9999 -9999 -9999 -9999 -9999 -9999 -9999 -9999 -9999 -9999 -9999 -9999 -9999 -9999 -9999 -9999 -9999 -9999 -9999 -9999 -9999
11.94153 11.68096 11.71936 11.16248 10.89486 10.8061 10.66728 10.87947 11.3028 11.55582 11.43715 11.59787 11.37956 11.32932 11.19987 11.23917 11.49219 11.52507 10.73985 10.61509 11.27542 12.01503 12.35384 11.88385 11.1891 11.27456 11.0631 10.91153 10.75953 10.59573 10.71976 11.46084 11.83245 12.20219 12.18385 11.87355 11.54588 11.7795 12.48643 12.82858 12.41368 12.42079 13.1432 13.72172 13.83523 14.00538 13.93098 14.2152 14.40734 14.71226 15.12546 -9999 -9999 -9999 -9999 -9999 -9999 -9999 -9999 -9999 -9999 -9999 -9999 -9999 -9999 -9999 -9999 -9999 -9999 -9999 -9999 -9999
11.60736 11.84354 11.93334 11.74305 11.62099 11.34893 10.80058 10.8241 10.97488 11.00592 11.38488 11.82893 11.26542 11.24445 11.53395 11.77478 11.65293 11.28606 11.36297 10.46364 10.7402 11.19359 11.658 11.93333 11.78555 11.93379 11.46195 10.83671 10.23517 10.364 11.12486 11.90619 12.32741 12.17731 12.51384 12.29572 11.9844 12.41661 13.03186 13.61004 12.84007 13.13455 13.67036 14.21446 14.46443 14.1125 13.70057 14.09203 14.45553 14.64856 15.08457 -9999 -9999 -9999 -9999 -9999 -9999 -9999 -9999 -9999 -9999 -9999 -9999 -9999 -9999 -9999 -9999 -9999 -9999 -9999 -9999 -9999
10.88075 11.40742 11.52682 11.75334 11.74203 11.7037 11.36515 11.31082 11.15445 10.87747 11.03097 11.67628 11.4778 11.44183 11.82379 11.81147 11.38722 11.22606 11.71509 10.92703 10.62863 10.85426 11.72112 12.17289 11.50565 11.41134 11.54245 11.28781 10.57491 10.81761 11.43149 11.68798 11.99375 12.41688 13.10405 12.54004 11.98743 12.76414 13.17713 13.6307 13.60917 13.67934 14.02559 14.13762 14.33687 14.71946 14.64532 15.03793 15.35921 15.31969 15.03063 -9999 -9999 -9999 -9999 -9999 -9999 -9999 -9999 -9999 -9999 -9999 -9999 -9999 -9999 -9999 -9999 -9999 -9999 -9999 -9999 -9999
10.6662 10.89818 11.26211 11.6111 11.73019 11.84231 11.68292 11.46643 11.3987 11.30266 11.12906 11.29731 11.54813 11.75456 11.98436 11.88505 11.75421 11.77377 11.73604 11.63923 11.6985 12.09439 12.32059 12.15052 11.63798 11.03121 11.04418 10.96034 10.64258 10.59383 10.77296 10.98088 11.35802 12.31976 12.8749 12.47205 11.95025 12.94458 13.80466 13.57221 13.8614 14.21923 14.35582 14.37685 14.26108 14.11338 14.19655 14.83995 14.94858 15.06492 15.28436 -9999 -9999 -9999 -9999 -9999 -9999 -9999 -9999 -9999 -9999 -9999 -9999 -9999 -9999 -9999 -9999 -9999 -9999 -9999 -9999 -9999
11.15581 11.32672 11.39954 11.64372 11.8031 11.81307 11.84282 11.65257 11.59377 11.44598 11.1731 11.25311 11.73432 11.89677 12.20971 12.03374 12.06363 12.18744 11.96982 12.13328 12.22509 12.38712 12.21969 12.00853 11.97442 11.72871 11.09606 11.00747 10.56404 10.52794 10.73173 11.01765 11.44064 12.09826 12.5118 13.05625 12.34721 13.22975 14.19185 14.28498 14.33307 14.58755 14.5274 14.33839 14.11533 14.06675 14.47149 15.19305 15.45317 15.33197 15.20581 -9999 -9999 -9999 -9999 -9999 -9999 -9999 -9999 -9999 -9999 -9999 -9999 -9999 -9999 -9999 -9999 -9999 -9999 -9999 -9999 -9999
11.10401 11.32916 11.39061 11.53967 11.80516 11.85691 11.8415 11.71387 11.73587 11.62669 11.42682 11.44533 11.38992 11.53221 12.30422 12.39547 12.29407 12.31584 12.29 12.34231 12.2617 12.15394 12.1631 12.28018 12.2471 11.91249 11.49656 10.86536 10.72904 11.02497 11.18291 11.47577 12.01399 12.26438 12.72493 13.56672 13.51605 13.91894 14.22182 14.68459 14.62637 13.66827 13.72927 13.6674 13.48778 13.59244 14.02352 14.55658 15.31448 15.03701 15.3146 15.17258 -9999 -9999 -9999 -9999 -9999 -9999 -9999 -9999 -9999 -9999 -9999 -9999 -9999 -9999 -9999 -9999 -9999 -9999 -9999 -9999
11.42495 11.63606 11.62109 11.5578 11.58521 11.68232 11.90073 11.95065 11.89883 11.92809 11.76863 11.32121 11.18028 11.53926 12.11891 12.42669 12.53758 12.56724 12.51566 12.46625 12.28389 12.01468 11.47753 11.48887 11.89703 12.00706 11.68345 11.69263 11.32589 11.53941 11.81768 12.11127 12.39307 12.38193 12.18872 13.1564 13.9599 14.03055 13.80579 13.35177 13.40793 12.16353 12.46035 13.05278 13.26112 13.63579 14.35522 14.88372 15.05942 14.33872 15.26426 15.38266 -9999 -9999 -9999 -9999 -9999 -9999 -9999 -9999 -9999 -9999 -9999 -9999 -9999 -9999 -9999 -9999 -9999 -9999 -9999 -9999
11.44617 11.66986 11.62191 11.67227 11.79478 11.95006 11.94953 12.02102 12.13239 12.27163 12.16493 11.83333 11.70796 11.17359 11.80787 12.07364 12.36542 12.20043 11.85575 12.45522 12.12472 11.83784 11.38572 11.30287 11.34247 11.28862 11.43232 11.89917 11.08059 10.99905 11.18074 11.16844 11.2816 11.56615 10.80572 11.23612 13.35098 13.18639 12.71749 12.67178 13.11003 12.89017 12.92318 12.80839 13.18721 14.215 14.97658 14.75779 14.15521 14.1943 15.30558 -9999 -9999 -9999 -9999 -9999 -9999 -9999 -9999 -9999 -9999 -9999 -9999 -9999 -9999 -9999 -9999 -9999 -9999 -9999 -9999 -9999
11.94527 11.69561 11.79108 11.80116 11.81702 11.84872 11.8425 11.87713 12.09012 12.12131 12.10335 12.12903 12.07681 11.57091 11.61898 12.40253 12.55499 12.12085 11.44273 11.53985 12.00058 12.06092 11.40494 11.08504 10.82795 10.67213 10.97594 11.19655 11.15591 10.42734 10.32608 10.37995 10.82803 11.11271 10.05768 10.63148 12.26246 12.01416 11.99167 12.42009 13.15732 13.65993 12.45273 12.58734 13.73349 14.17468 13.94869 13.6706 13.83707 14.70966 15.49107 15.27086 -9999 -9999 -9999 -9999 -9999 -9999 -9999 -9999 -9999 -9999 -9999 -9999 -9999 -9999 -9999 -9999 -9999 -9999 -9999 -9999
12.01609 11.83047 11.86404 11.93692 11.96358 11.77705 11.62105 11.79962 12.30662 12.04571 11.77967 11.90196 12.06539 12.2132 12.32861 12.97433 12.36643 11.85917 11.30066 10.17607 10.78114 11.01511 10.84774 10.68521 10.31121 10.06817 10.46709 11.20697 11.66193 10.56987 10.70193 10.48658 10.12561 10.15909 10.48966 11.76765 12.35402 13.16893 13.42856 12.99385 12.9557 14.06365 13.51618 14.5021 14.1183 13.23384 13.28052 14.06208 14.56248 15.33753 15.53692 -9999 -9999 -9999 -9999 -9999 -9999 -9999 -9999 -9999 -9999 -9999 -9999 -9999 -9999 -9999 -9999 -9999 -9999 -9999 -9999 -9999
11.87529 12.04185 12.09103 12.03417 11.91812 11.85469 11.79009 12.41475 12.10924 12.20815 12.0568 11.59854 11.35761 11.64881 12.16174 12.85915 12.79253 12.40658 12.20371 10.86403 10.50339 10.54633 10.36803 10.15555 9.735122 9.658906 10.16047 10.80373 11.49662 10.96002 10.19257 10.11714 9.719453 9.920753 11.49202 12.02939 13.268 13.42225 13.80195 14.2035 14.41013 14.82792 14.69231 13.53811 12.78695 12.92101 13.65443 14.50237 15.04912 15.42999 15.23449 -9999 -9999 -9999 -9999 -9999 -9999 -9999 -9999 -9999 -9999 -9999 -9999 -9999 -9999 -9999 -9999 -9999 -9999 -9999 -9999 -9999
12.08026 12.2036 12.22084 12.02745 11.95741 12.26032 12.31801 12.31374 12.13408 12.35708 12.34216 12.17349 12.32465 12.84435 12.37192 12.1852 11.80522 11.11206 11.32991 11.85232 11.7112 11.46097 11.15788 10.29806 9.769541 9.480182 9.522428 10.06485 10.85505 11.10787 10.14501 9.693381 9.661208 10.23254 11.26552 11.54552 12.73278 13.63992 14.20796 14.34535 14.06752 13.67067 13.69259 13.24179 12.80828 13.23855 13.89425 14.64915 15.1714 14.97191 14.72067 -9999 -9999 -9999 -9999 -9999 -9999 -9999 -9999 -9999 -9999 -9999 -9999 -9999 -9999 -9999 -9999 -9999 -9999 -9999 -9999 -9999
12.23407 12.45901 12.4447 12.43833 12.54917 12.61168 12.38378 11.99751 12.24535 12.45723 12.40444 12.47361 12.54588 12.37277 12.61784 12.27534 11.63757 11.042 10.99236 10.54789 11.29313 11.31577 11.24349 10.93432 10.35459 10.21128 10.45831 10.66056 10.5808 10.80262 10.99721 10.40193 10.28356 10.62272 11.14229 11.78658 13.03572 13.56153 13.6804 13.7442 13.55888 12.88212 12.19675 12.61791 12.75413 13.44929 14.4248 14.79359 14.47444 14.08025 14.17399 14.43445 -9999 -9999 -9999 -9999 -9999 -9999 -9999 -9999 -9999 -9999 -9999 -9999 -9999 -9999 -9999 -9999 -9999 -9999 -9999 -9999
12.36191 12.55348 12.52415 12.71773 12.94215 12.82761 12.41456 12.48055 12.54345 12.65186 12.40894 12.35123 12.22541 11.82902 11.91813 12.38004 12.09047 11.79232 11.67223 10.79123 10.01582 9.511285 10.28131 10.01914 10.17585 10.42045 10.43617 10.43167 10.72993 10.15705 11.03478 11.49668 11.40938 11.20575 11.34596 11.83813 12.27958 12.40162 12.33034 12.83303 13.30241 12.90209 11.83592 12.35653 12.64937 13.23947 14.13759 14.51515 14.09923 13.50127 13.67612 14.052 -9999 -9999 -9999 -9999 -9999 -9999 -9999 -9999 -9999 -9999 -9999 -9999 -9999 -9999 -9999 -9999 -9999 -9999 -9999 -9999
12.20847 12.4882 12.40391 12.73977 12.60335 12.08095 11.94331 12.09778 11.81018 11.22833 11.63789 12.09303 12.07522 11.70176 11.50845 11.41825 12.06236 11.98141 11.80872 10.75998 10.44053 10.14524 8.607826 9.512462 10.01657 10.53526 10.43512 10.13491 10.48694 9.936636 11.32774 11.83115 11.59523 11.60198 12.02684 12.45573 12.20177 11.87463 12.10763 12.92581 13.06412 12.269 11.66469 12.52565 13.1377 13.1186 14.19975 14.68193 14.30736 13.88642 14.20894 14.67556 14.75114 -9999 -9999 -9999 -9999 -9999 -9999 -9999 -9999 -9999 -9999 -9999 -9999 -9999 -9999 -9999 -9999 -9999 -9999 -9999
11.9785 11.16972 11.76934 12.55233 12.26523 11.71153 11.7914 12.16675 12.15228 12.14087 12.1032 12.43223 12.22903 11.51448 10.97454 10.80432 11.1068 10.9251 10.968 10.84917 10.61553 10.08185 8.898233 9.686477 9.917173 9.648772 9.022406 9.177256 9.885531 9.264585 9.882196 10.74139 10.69414 10.60855 10.80241 11.37115 12.76984 13.33116 13.04941 13.11184 12.14666 11.31211 11.5393 12.1976 13.04548 13.65737 14.57946 14.27923 13.76525 13.73532 14.05873 14.30866 14.66076 15.17662 -9999 -9999 -9999 -9999 -9999 -9999 -9999 -9999 -9999 -9999 -9999 -9999 -9999 -9999 -9999 -9999 -9999 -9999
10.76473 12.29032 12.17119 12.61095 11.75694 10.81538 10.7992 11.28539 11.55731 12.22719 12.39875 12.4423 12.06183 11.50342 11.25366 11.36611 11.11021 11.28513 11.42082 10.16564 9.863875 9.998939 9.957242 10.22868 10.82537 10.89966 10.87753 11.06137 11.01272 10.46222 11.22031 11.08341 11.07091 10.7565 10.45796 11.03808 12.32034 12.85999 13.16316 12.14857 11.42646 11.54761 12.12962 12.5911 13.12162 13.7137 14.2995 14.13711 14.0062 14.20482 14.58592 14.87429 15.03244 15.08098 -9999 -9999 -9999 -9999 -9999 -9999 -9999 -9999 -9999 -9999 -9999 -9999 -9999 -9999 -9999 -9999 -9999 -9999
10.0934 11.88663 12.49743 12.35432 12.26593 11.74188 11.24998 11.23823 10.92125 11.68272 12.47936 12.20516 12.13102 11.91224 11.62734 11.75833 11.73011 11.7874 11.75298 10.27068 9.820768 9.830773 9.538013 9.758018 10.09354 11.08789 11.54153 11.35547 10.99614 10.97514 11.29701 10.78812 11.57006 10.41993 9.847363 10.2855 12.26804 12.93536 12.62787 11.93056 11.27626 11.51198 12.25671 12.88156 13.37889 13.3082 14.20466 13.86265 13.69144 14.03215 14.57129 14.97729 15.17626 15.18217 15.73249 -9999 -9999 -9999 -9999 -9999 -9999 -9999 -9999 -9999 -9999 -9999 -9999 -9999 -9999 -9999 -9999 -9999
10.53158 10.38497 12.19643 12.81713 12.70334 12.30237 11.66592 11.11431 11.202 11.47737 12.34357 12.39599 12.17702 12.15616 12.23384 12.23996 12.21922 11.92805 11.78175 10.98893 10.50998 9.786094 9.251213 8.372989 8.920921 10.211 11.11287 11.65255 11.92821 11.8299 11.27494 11.21753 11.62586 11.46434 10.98358 10.87365 12.51955 12.61271 11.53511 11.55395 11.09116 11.22586 11.9142 12.6649 13.23079 13.53973 14.31096 13.96113 14.02465 14.29546 14.54535 14.68276 14.79572 15.03952 15.65956 -9999 -9999 -9999 -9999 -9999 -9999 -9999 -9999 -9999 -9999 -9999 -9999 -9999 -9999 -9999 -9999 -9999
11.49674 10.35306 11.80657 12.93447 12.00566 11.10194 10.48077 10.20212 10.7263 11.91725 12.16779 12.11401 12.13387 12.30406 12.24583 11.96042 11.99055 11.85854 11.51901 11.20758 11.13672 10.71815 10.32146 9.910992 9.483805 10.35317 11.29362 11.96974 12.18191 11.96876 11.64516 12.07623 11.65222 11.46189 11.55088 11.85778 12.30344 12.55869 12.65152 11.91517 11.87242 11.89816 11.73966 11.99854 12.90839 13.38194 13.96379 13.74865 14.19292 14.42471 14.47024 14.70891 15.08448 15.21771 15.18281 -9999 -9999 -9999 -9999 -9999 -9999 -9999 -9999 -9999 -9999 -9999 -9999 -9999 -9999 -9999 -9999 -9999
12.52199 11.92899 11.82315 13.06382 12.34196 11.94528 11.6523 10.98732 10.58251 11.52291 12.06081 12.10214 11.83512 11.86254 11.767 11.4441 11.39935 11.41116 11.91588 11.05311 11.22126 11.32096 11.34745 11.33882 11.14494 11.20817 11.35195 11.80702 11.91323 11.82599 12.081 12.36918 11.79181 11.97712 12.09888 12.46768 10.79643 10.36926 11.25586 11.8987 12.00809 11.19387 10.75214 11.00593 11.84173 12.96603 13.26226 13.87802 14.30611 14.34522 14.17987 14.27673 14.80016 15.08975 15.07763 15.20252 -9999 -9999 -9999 -9999 -9999 -9999 -9999 -9999 -9999 -9999 -9999 -9999 -9999 -9999 -9999 -9999
12.46274 12.47733 12.71732 13.1929 11.96399 10.87287 10.76682 10.72673 10.36713 11.09539 11.61418 11.43361 11.4401 11.61737 11.42004 10.9317 10.87321 11.3901 11.70308 11.72797 11.86988 11.8606 11.79689 11.65978 11.2451 10.98981 11.42613 11.81597 11.91287 11.89995 12.06647 12.29527 11.83767 12.18443 12.20965 12.26647 9.886857 10.1244 10.60512 11.23589 11.14558 10.4531 10.7466 11.11303 11.7194 13.53503 13.92964 13.34701 14.11018 14.22948 14.33132 14.4848 14.64782 14.99274 15.36524 15.51823 -9999 -9999 -9999 -9999 -9999 -9999 -9999 -9999 -9999 -9999 -9999 -9999 -9999 -9999 -9999 -9999
12.30888 12.4288 12.75548 12.94784 12.36372 11.44838 10.47993 10.26485 10.94278 11.73226 11.32643 11.50811 11.39445 11.22509 11.34552 11.50222 11.46886 11.76161 12.51887 12.22379 11.98404 12.00217 12.19818 12.16789 11.86306 11.24458 11.87292 11.98382 12.17484 12.19726 12.18899 12.4453 12.06373 12.17748 12.30142 12.06191 11.06353 11.1472 11.44659 11.47854 11.55658 11.37938 11.90885 12.7329 13.64131 14.4001 14.55549 14.53189 14.51605 14.69382 14.49308 14.40313 14.59255 14.91548 15.70416 15.98858 -9999 -9999 -9999 -9999 -9999 -9999 -9999 -9999 -9999 -9999 -9999 -9999 -9999 -9999 -9999 -9999
