features/re_bio10.asc
ncols         768
nrows         589
xllcorner     124.299398925
yllcorner     32.893460211367
cellsize      0.010567299164062
NODATA_value  -9999
[rows 224 to 255 of 589, columns 288 to 359 of 768]
26.16738 25.84663 25.94111 25.86118 25.93538 25.97359 26.05656 26.16584 25.99158 25.7991 26.09168 26.16989 26.23416 26.3128 26.3662 26.42713 26.58595 26.26591 26.34072 26.42495 26.42459 26.43878 26.24957 25.60348 25.67183 25.87645 25.99742 26.05849 25.98125 25.82792 25.8009 24.8247 24.65057 24.71136 24.69613 24.62545 24.6757 24.86491 24.72 24.82247 24.68323 24.88789 24.88344 24.67781 25.139 25.49706 25.13341 25.44437 25.48133 24.92229 23.84172 22.79072 22.89308 24.10774 24.57337 23.72362 23.89767 23.14903 23.35882 24.16194 24.31251 24.3928 24.65817 25.0009 24.68896 23.92247 23.83993 24.28441 23.47111 23.54348 24.32441 25.05541
26.36799 26.22839 26.22083 26.11953 26.12495 26.10649 26.1666 26.23437 25.93143 25.88427 26.00197 26.14272 26.32591 26.51315 26.63376 26.63502 26.44996 26.41688 26.43186 26.53366 26.61645 26.58731 26.29882 26.15079 26.00996 25.85652 25.94853 25.98785 25.75839 25.35355 25.07283 24.77469 24.6191 24.66685 24.92029 25.03344 24.95075 24.93326 24.93979 25.08545 25.09208 25.13677 24.95068 24.82219 -9999 25.61136 24.87685 25.35416 25.4847 24.66373 23.56882 23.02093 22.97756 23.94376 24.9614 23.96072 23.39021 22.69882 22.7685 23.30011 23.40007 23.89441 24.49315 24.53771 24.37652 24.46896 24.48208 22.84093 23.31161 23.8781 24.75495 25.48595
26.46075 26.23147 26.25588 26.2667 26.36061 26.17878 26.11244 26.34212 26.17756 26.11412 26.24398 26.25488 26.28871 26.5785 26.85276 26.72968 26.74075 26.61444 26.19 26.11383 26.38789 26.57796 26.23584 26.22638 26.26832 26.07588 25.94226 25.74538 25.1938 24.52484 24.3909 24.07928 24.17495 24.67448 24.6995 24.83527 25.06276 25.03659 25.12265 25.02699 25.16298 25.20523 25.31287 25.53136 25.69136 25.67649 25.11638 25.32821 25.28599 25.06297 24.79448 24.44025 23.89151 23.03068 24.43204 23.89548 23.55226 23.46649 23.07072 22.41387 23.44878 -9999 -9999 23.34781 22.46509 22.66961 23.67366 24.28677 21.96588 23.01022 23.37161 24.09846
26.19796 26.17484 26.33548 26.41846 26.34215 26.24405 26.19814 26.17953 26.0933 26.31914 26.36502 26.42817 26.3847 26.5643 26.78538 26.63846 26.399 26.2248 26.0833 26.19434 26.24358 26.39032 26.5909 26.48638 26.35907 26.20462 25.57788 25.17953 25.18935 25.23835 24.81183 23.62932 24.13068 24.36136 24.68634 25.01599 25.251 25.17821 24.74746 24.91376 24.6291 24.60079 25.07047 25.63459 25.76082 25.67527 25.58387 25.1685 24.64337 24.32487 24.29789 24.04043 23.11968 22.62821 23.96807 23.88251 23.79344 23.2067 22.80337 22.83685 23.54986 23.49434 23.49466 22.44093 22.07516 22.48864 22.95663 23.71792 24.16563 22.75254 22.38326 23.14355
25.89222 26.19907 26.32889 26.6614 26.36495 26.28093 26.29061 26.32333 26.38129 26.46853 26.41846 26.36495 26.41079 26.57208 26.63975 26.50455 26.45674 26.1343 26.17039 26.24215 26.1857 26.18574 26.34219 26.22996 26.09484 25.91093 25.18179 25.15552 25.20244 25.04563 25.02412 23.44416 24.06233 24.7767 24.69405 24.65276 24.79193 24.98222 25.26061 24.94441 23.94344 24.26355 24.65738 24.90305 25.40312 25.61003 25.19029 24.73369 24.52828 24.45014 24.23179 23.70039 22.94369 22.7515 23.49548 23.65978 23.33161 22.7067 22.34799 22.96993 23.54896 23.56222 23.37735 22.48351 22.78351 23.23491 22.58609 22.23878 22.82384 22.58921 21.53767 22.59678
26.12208 26.22717 26.35265 26.66004 26.27115 26.26136 26.39849 26.50563 26.55018 26.60699 26.62326 26.56652 26.64613 26.72251 26.67882 26.59599 26.60667 26.32695 26.4229 26.18104 26.1171 26.07799 26.17351 25.89369 25.23068 25.18609 24.33312 24.31021 24.54857 24.42878 24.25588 24.24072 24.97907 24.73133 24.68437 24.39068 24.3971 24.91136 25.25298 24.52208 24.65054 24.85961 25.08136 25.24778 25.40448 25.41663 24.57419 24.49907 24.84921 24.82763 24.29412 23.81925 23.84448 23.84685 23.75803 24.01656 23.65358 22.93853 22.63885 22.7805 23.60437 24.36975 24.28925 24.5 24.74426 24.63441 23.82796 22.52867 22.78509 22.87824 22.37695 22.71857
26.37437 26.45197 26.6276 26.50971 26.41265 26.43892 26.53491 26.65384 26.70842 26.72914 26.89552 26.9371 26.89882 26.82473 26.80505 26.80169 26.66993 26.32391 26.41082 26.17778 25.99817 25.95161 25.69229 25.0957 24.54631 24.5029 24.59201 24.70627 24.64964 24.43774 24.39652 24.9748 25.04115 25.2905 25.02925 24.87677 24.98333 25.20075 25.21086 25.2595 24.90287 24.89108 25.23581 25.53251 25.49688 25.2448 24.95255 24.17219 24.33656 24.47172 24.35212 24.31337 24.52011 24.54007 24.51409 24.25774 24.18398 23.84534 23.58609 23.71602 24.31896 24.61176 24.25348 24.69993 25.16351 24.83079 23.50276 22.34082 23.7205 24.31717 24.43864 23.55602
26.36369 26.4695 26.75616 26.70179 26.48573 26.56326 26.67022 26.77265 26.86849 26.83262 26.92402 27.07645 27.01409 26.92043 26.86373 26.83004 26.71534 26.32473 26.2714 25.811 25.46778 25.45473 24.80617 24.05649 24.39842 24.21893 24.20459 24.57129 24.79652 24.83803 24.84229 24.64305 25.09885 24.94333 24.83986 25.13462 25.13462 24.73763 24.45373 25.40652 25.66007 25.7119 25.6772 25.66219 25.65477 25.54086 25.2572 24.90602 24.6743 24.8352 24.98265 24.85645 24.61745 24.48158 24.15878 23.57183 23.68387 24.10401 24.24788 24.63728 24.55387 24.9433 24.95047 24.79534 25.17315 24.73742 23.63158 23.12767 23.97226 25.12882 25.31333 24.63398
25.92799 26.35814 26.60143 26.6691 26.58738 26.68996 26.82495 26.94469 26.97079 26.87946 26.79459 26.90018 27.00556 26.92581 26.82022 26.7829 26.71738 26.31581 25.85333 24.73577 24.53279 24.66111 24.31108 24.17857 24.43875 24.10168 24.31473 24.63118 24.75405 24.87699 24.9033 24.38527 24.78555 24.41333 24.81154 25.13462 25.09663 24.76925 24.48638 25.3347 25.40563 25.08265 25.13169 25.2481 25.2743 25.14505 24.47677 23.96276 24.93577 25.2681 25.31914 25.14864 24.87176 24.72401 24.59258 23.79179 23.05409 23.88125 24.39756 24.8333 24.86165 25.13961 25.16219 24.91036 25.27953 24.94591 24.34746 24.45631 24.68455 24.9028 25.4362 25.00548
26.33337 26.67004 26.68226 26.68688 26.75538 26.87577 26.96434 26.96763 26.93842 27.02118 26.88075 26.94061 26.97753 26.95208 26.8886 26.81337 26.69667 26.49086 25.62147 24.59018 24.48867 24.43928 24.80061 24.67143 24.61692 24.74763 24.73022 24.7585 24.9695 25.099 24.83466 24.35165 24.78351 24.85749 24.90853 24.83781 25.06728 25.3481 25.32867 25.10767 25.68975 25.50401 25.45061 24.89072 24.41763 24.81681 24.98753 25.23778 24.83226 24.81487 25.04204 25.2181 25.2138 25.0976 24.89896 24.52853 23.92143 23.77358 24.18004 24.32882 24.39186 24.62781 24.5071 25.15993 24.95559 25.06118 25.30674 25.2914 25.28831 25.12018 25.38935 25.33064
26.60509 26.60068 26.65799 26.86312 26.86781 26.86047 26.82591 26.80882 26.88953 27.1586 27.15477 27.07308 26.84728 26.78799 26.87143 26.71979 26.37466 26.42695 25.95341 25.04907 24.80337 24.49724 24.72505 24.96172 24.74333 24.95122 24.52025 24.64541 24.6028 24.80405 25.20251 25.27323 25.01305 24.591 24.42889 24.68143 24.74889 24.85229 24.95903 25.73369 25.57936 25.24864 25.12893 24.61806 24.18007 24.17384 24.01717 23.72039 24.21143 24.54685 24.56122 24.66674 24.91989 25.05007 24.99466 24.85785 24.44939 23.7281 23.73394 23.29781 23.52917 24.70036 24.96237 24.78495 24.35785 24.61979 25.25871 25.57158 25.47695 25.84885 25.62617 25.26362
26.65982 26.73817 26.75029 26.73398 26.77563 26.66505 26.23914 26.2719 26.84305 27.02925 27.13717 27.14814 26.89624 26.7238 26.77581 26.85075 26.7485 26.59254 26.6034 25.24609 25.26914 24.1548 24.56283 25.08556 25.10014 24.64111 24.88057 24.64 24.77599 25.03272 25.2471 25.29939 24.91308 24.2972 24.53781 24.8838 25.25595 25.14706 24.80025 25.66197 25.45753 25.38244 25.11921 25.13233 25.08685 24.80007 24.52176 24.33523 24.17029 24.15656 24.52835 24.78828 24.95462 25.0633 24.85455 24.6167 23.7552 23.33692 24.31491 24.82434 24.67143 24.81663 24.61796 24.75792 24.79452 24.90348 25.30674 25.65642 25.65111 25.53918 24.95979 24.79029
26.60219 26.76566 26.84961 26.78416 26.69409 26.73918 26.80796 26.79832 26.79523 26.91702 26.87588 27.00305 26.82538 26.54193 26.55928 26.7028 26.72527 26.64147 26.46645 26.18767 26.07351 25.26488 24.66548 24.62169 25.04979 24.83004 25.13932 25.16122 25.26014 25.33853 25.39308 25.28634 24.73577 24.43115 24.68914 25.14946 25.37351 25.38882 25.28233 25.34118 25.30627 24.83412 24.17018 24.53014 25.11613 25.09559 24.73369 24.78373 24.10789 23.93495 24.05448 24.23287 24.57093 24.9024 24.76409 24.56645 24.22211 24.40086 24.81502 24.70939 24.58989 24.70875 25.12946 25.25574 25.18552 25.37452 25.59842 25.63882 25.37262 24.81168 24.42792 24.58348
26.64151 26.69484 26.74165 26.71133 26.43979 26.48093 26.69545 26.86566 26.85824 26.7776 26.83961 26.83419 26.74032 26.66627 26.6738 26.81104 26.8238 26.50208 26.40624 26.45315 25.86975 25.57265 25.08742 24.43419 24.37176 25.08025 24.39738 24.99136 24.89785 24.52029 24.43437 24.69771 24.94369 25.21459 24.92961 25.14079 25.30943 25.26706 25.28118 25.49039 25.35434 24.24681 23.78538 23.63505 24.18957 24.91011 25.04043 24.811 24.13409 23.90161 23.64857 23.69896 24.16409 24.60158 24.42642 23.61473 22.93946 24.37466 24.8534 25.14541 25.2604 25.36552 25.49247 25.02534 25.19505 25.54383 25.63953 25.28323 24.69208 24.37054 24.04821 23.67022
26.61326 26.61867 26.62416 26.68104 26.58333 26.54312 26.62143 26.62265 26.55857 26.62262 26.73925 26.47706 26.42459 26.48527 26.5709 26.78538 26.90548 26.65903 26.26064 26.09409 24.80104 25.14477 25.33129 25.20921 24.79445 25.20677 25.23738 25.14814 24.58007 24.23756 24.0167 23.97649 24.63251 25.51936 25.4367 25.01781 24.72953 24.67409 24.68201 25.11165 24.78534 24.3252 24.43903 24.00491 24.23874 24.90584 25.10681 24.97624 24.81115 24.53846 24.18237 23.90828 24.00817 24.43903 24.56147 23.63799 22.96817 23.8709 24.22108 24.39817 24.40154 24.6886 25.35108 25.47907 25.42168 25.57505 25.2991 25.01652 24.92767 24.53226 23.88785 24.39699
26.55473 26.53839 26.56778 26.67014 26.6757 26.70405 26.63563 26.34233 26.2291 26.48104 26.51394 26.1271 26.31577 26.36233 26.43928 26.60459 26.72427 26.61778 26.37283 26.20849 24.86979 25.5967 25.87416 25.34215 25.10136 25.0272 25.67591 24.89215 24.20211 24.0371 24.55 24.98638 24.73412 25.39749 24.83832 24.51523 24.8971 24.91566 24.71681 24.78315 23.94548 23.9395 24.73143 24.41649 24.4948 24.83387 24.85014 24.84792 24.83936 24.69498 24.52975 24.4505 24.29645 24.34986 24.6129 24.38445 24.02341 23.9053 24.18097 24.41781 24.39194 24.69168 25.2609 25.5181 25.50412 25.61939 25.35556 24.82534 24.45075 24.52391 24.7448 25.23778
26.45176 26.40075 26.33437 26.44086 26.72057 26.69785 26.65312 26.16079 25.91509 26.28882 26.35097 26.24362 26.4995 26.30703 26.40677 26.56534 26.64595 26.60244 26.23136 25.97129 24.91896 25.55323 26.24007 26.1105 26.01778 25.88624 25.10022 24.11545 24.25706 24.63681 25.06882 25.36595 25.22677 25.00269 25.50842 25.29753 24.7515 24.88771 25.1324 24.97695 23.85448 24.78068 24.96975 24.86964 24.50552 24.13036 23.95441 24.06652 24.2829 24.0786 24.13728 24.17534 24.1605 24.30434 24.66717 24.91122 24.56817 24.17036 24.2081 24.46473 24.74333 25.13699 25.46864 25.57598 25.31735 25.42821 25.29695 25.05584 24.80624 24.77631 25.38871 25.77348
26.54233 26.51738 26.48903 26.58233 26.88602 26.77613 26.71183 26.37158 26.1804 26.33477 26.33591 26.42369 26.51265 26.33878 26.38079 26.48172 26.60129 26.6753 26.52319 26.03255 25.54785 26.04563 26.19663 25.71104 25.37903 25.54681 23.69989 24.20918 24.79677 25.04814 25.17452 25.26602 25.12996 24.69473 25.30079 25.33022 24.87552 25.02892 25.08552 25.29143 25.21839 25.0696 24.64018 24.37061 24.45885 24.22509 23.58176 23.16857 23.3743 23.2219 23.12401 23.53735 24.13437 24.57236 24.85269 25.00022 24.57742 24.66993 24.54341 24.6728 24.97864 25.29312 25.43946 25.1895 25.33488 24.9209 25.09398 25.32853 25.24577 25.1471 25.59197 25.7371
26.65957 26.65215 26.70652 26.85315 26.85319 26.85 26.5957 26.23713 26.19133 26.35548 26.27495 26.37914 26.27487 26.1976 26.2171 26.29953 26.49821 26.64925 26.43935 26.33502 26.41853 26.39602 25.88853 25.19297 24.76402 24.80989 23.85896 23.83864 24.59022 24.81753 24.98835 25.05029 24.87523 24.81136 25.3433 25.23448 24.9148 24.92566 24.74398 25.08685 25.06839 25.05548 24.84358 24.26835 24.42513 24.26007 23.94613 24.18563 24.05093 23.72147 22.93556 23.00362 23.59136 24.05982 24.33272 24.67513 24.81194 24.38154 24.24129 24.62703 24.84326 24.80634 25.07781 24.81785 24.92534 24.67764 24.99401 25.44165 25.60552 25.41004 25.21932 25.54466
26.49548 26.41925 26.69645 26.92172 26.43505 26.45792 26.19505 25.88971 25.98197 26.15763 25.91645 26.00462 26.17505 26.34771 26.16839 26.27677 26.58853 26.72348 26.57563 26.57642 26.361 26.29466 25.22366 24.47151 24.3157 24.15222 24.36928 24.74265 24.7666 24.84609 24.87423 24.61294 24.38459 24.96803 25.07043 24.86566 24.55932 24.94122 25.2391 25.06401 24.78237 24.46401 24.95663 24.70229 24.73713 24.38509 24.19287 24.69065 24.65692 24.28502 23.64484 22.91978 23.18706 23.36412 23.47842 24.1381 24.79107 23.49 24.12466 24.88176 24.66168 24.29233 24.829 24.78638 24.58867 24.62373 24.98122 25.44405 25.7428 25.67839 25.37742 25.45713
26.47921 26.51265 26.63771 26.64125 25.74459 25.85427 25.67362 25.67391 26.01373 26.20319 25.89434 25.87573 26.25358 26.1685 26.04573 26.27283 26.58903 26.73459 26.72158 26.65176 26.41097 26.23387 24.7305 24.42251 24.62803 24.48839 25.28115 24.79918 24.41405 24.9791 25.06065 24.96703 24.99961 24.86369 25.3228 25.19871 25.53591 25.43488 25.22502 24.99556 24.74459 24.55778 25.04588 24.89362 24.7262 24.54799 24.30047 24.17771 24.37953 24.40896 23.27563 22.60745 23.45086 23.86297 23.89211 24.44878 24.95946 24.02315 24.66957 25.0424 24.66183 24.20799 24.46473 24.98978 24.56588 24.83574 25.01276 25.41821 25.7485 25.89072 25.84792 25.48738
26.59921 26.68047 26.89237 27.01746 26.65176 26.58774 26.18882 26.36591 26.69624 26.40803 25.7929 26.32244 26.38513 26.16928 25.98821 26.26978 26.55774 26.6728 26.69018 26.46606 26.50294 25.98796 24.81211 24.82921 24.95004 25.4628 25.5262 24.55541 24.77875 24.82556 24.97021 24.9224 24.74394 24.8138 25.27943 25.50437 25.60143 25.36753 25.05849 24.85086 25.03272 24.44875 24.94029 24.70871 24.28907 24.40122 24.68183 24.59151 24.13509 23.88319 24.04107 24.04667 23.72885 23.62398 23.88125 24.3857 24.85452 24.27165 24.33649 24.79763 24.46068 24.09602 24.45401 24.74864 24.43964 24.47355 24.62448 24.71258 25.1291 25.6714 25.93409 25.84369
26.76237 26.491 26.38982 26.64129 26.28294 25.92323 26.08975 26.39606 26.64036 26.55979 26.23376 26.26692 26.51007 25.95634 25.93631 26.3385 26.56108 26.49681 26.41835 26.44186 26.40054 25.65298 24.92426 25.39638 25.76541 25.85466 25.78642 24.53251 24.8366 24.7538 24.69093 24.74315 24.82032 24.9053 24.93688 25.44247 25.57312 25.73 25.37197 25.35667 25.07294 24.25398 24.54882 24.95115 24.50315 24.6957 24.85892 24.55789 24.35778 24.14194 24.65473 24.11061 24.39559 24.57889 24.53179 24.5772 24.69466 24.5729 24.29505 24.31656 23.98728 23.89495 24.33179 24.50097 24.23971 24.06946 23.5772 23.68018 24.48874 25.30627 25.51921 25.38312
26.98495 -9999 26.80573 26.80115 26.8952 26.46398 26.43032 26.62154 26.83115 26.65914 26.06021 25.70656 26.3572 26.54523 25.74462 26.22806 26.70584 26.81111 26.82315 26.60337 25.94312 25.39154 25.22713 25.55652 26.09882 26.13065 25.55036 24.59473 24.89971 24.91817 24.73878 24.97502 25.32749 25.29581 25.38609 25.50806 25.73315 25.68215 25.38735 25.50373 25.09362 24.33882 24.39215 24.5847 24.81086 24.91853 24.81204 24.67082 24.71656 24.86552 24.5643 24.25516 24.50308 24.38742 24.08946 24.07337 24.20262 24.03469 23.96086 24.21047 24.03602 23.83369 24.01208 24.31763 23.9628 23.52498 23.63778 23.61979 23.9691 24.68022 25.40043 25.73054
26.78867 26.54419 26.59298 26.8438 26.91896 26.79179 26.95154 26.86706 26.95294 26.97789 26.49208 25.75197 26.37029 26.63781 26.74656 26.73986 26.67011 26.45477 26.14681 25.93462 25.60054 25.16932 25.54445 25.76136 26.08254 26.3224 25.5376 25.31233 24.4643 24.47978 24.75523 24.77254 25.06183 25.72341 25.75921 25.59265 25.45262 25.56907 25.44279 25.43846 25.19369 24.66068 24.88473 24.40186 24.65208 24.81512 24.58806 24.43824 24.79469 25.17186 24.42738 24.80695 24.75133 24.55893 24.18706 24.01627 24.25735 23.71961 23.96563 24.43749 24.27889 24.3343 24.7824 25.03831 25.1105 24.70652 24.60864 24.21305 24.83892 25.721 26.00222 25.60233
26.72473 26.54004 26.62792 26.79405 26.8114 26.98728 27.11559 27.07566 27.03756 26.97878 26.84839 26.51928 25.79505 25.90462 26.39878 26.59419 26.42552 26.24828 26.01746 25.53563 25.52459 25.58932 25.05896 25.64276 26.40068 26.57835 26.29961 26.27559 25.46362 24.89004 25.12728 24.891 24.7714 25.16771 25.36237 25.76574 25.57767 25.59943 25.46469 25.31337 25.31975 25.2491 25.15774 24.49004 24.99351 25.15978 25.01412 24.91749 25.02179 25.02272 24.90437 24.79681 24.71624 24.65426 24.59728 24.43724 24.3995 23.89341 24.65591 24.74541 24.40369 24.3147 24.69215 25.08832 25.02319 25.57756 25.20398 25.25914 25.48516 25.75154 25.76667 25.47401
26.88021 26.65871 26.57717 26.6695 26.63706 26.9495 27.10713 26.95394 26.93222 26.95613 26.84753 26.65412 26.48903 26.36193 26.46624 26.4529 26.33885 26.46161 26.67656 26.42961 25.84097 25.10864 25.81168 25.81208 25.86624 26.33889 26.44534 26.34724 25.73778 24.50039 25.17842 25.22634 25.07943 25.49401 25.88993 25.8148 25.69738 25.61685 25.47548 25.19577 25.51663 25.57634 25.35455 24.79445 25.19692 25.33043 25.07713 24.75527 24.60846 24.61387 24.52484 24.68477 24.70004 24.67412 24.64179 24.63025 24.77498 24.6767 24.91201 24.8867 24.77606 24.79771 25.04297 25.30441 25.21527 25.04563 25.31839 25.58 25.47133 25.68082 25.79792 25.64781
26.85179 26.9985 27.02158 26.83265 26.80133 26.91667 27.15839 27.14563 27.10882 27.01968 26.94566 27.00971 27.08781 27.04007 26.96828 26.58788 26.74212 26.73656 26.36781 25.94244 25.4514 25.51742 26.02763 26.55724 26.68165 25.8838 24.99914 25.21667 24.50394 24.70086 25.23412 25.17634 24.81172 24.99229 25.72359 25.55251 25.3481 25.62864 25.66233 25.6209 25.7362 25.82204 25.85032 26.06867 25.96437 25.79366 25.36731 25.01742 24.94907 24.88939 24.3472 24.38695 24.19172 24.40147 24.68817 24.68602 24.58168 24.23982 24.86168 24.72487 25.30896 25.30122 25.02745 24.93728 25.03943 25.34986 25.47688 25.79394 25.79713 25.78925 25.35129 25.02427
26.53054 26.63276 26.82505 26.849 27.0319 27.18957 27.22939 27.20993 27.17186 27.10229 27.07064 27.07391 26.99229 26.97814 26.96079 26.77588 26.83882 26.59828 26.31237 26.32785 26.42344 26.69193 26.481 26.7567 26.4333 25.50179 24.47351 24.28534 24.67699 24.43427 25.24936 25.14136 24.98896 25.25785 25.54283 25.56115 25.67764 25.92767 25.91355 25.65136 25.71556 25.57204 25.79169 26.01233 26.00222 25.79792 25.72068 25.70763 25.53921 25.35774 25.57616 25.47509 25.04925 25.28738 25.44803 25.33405 25.20168 24.7871 25.14401 25.04409 25.20032 25.35108 25.24125 25.0066 25.0209 25.52573 25.73197 25.51566 25.40369 25.39179 25.29487 25.12193
26.02262 26.24423 26.40824 26.49208 27.19591 27.3795 27.30552 27.10233 27.08054 27.05 27.04251 26.95011 26.59254 26.87828 26.8629 26.57939 26.72914 26.49394 26.32441 26.59434 26.77563 26.7962 26.75577 26.78283 26.1472 25.42014 24.86609 24.37556 25.07538 24.49624 25.17975 25.31122 25.02183 25.15448 25.65595 25.57315 25.45247 25.95147 26.09168 26.09172 25.83509 25.43914 25.1715 25.51631 26.11419 26.18563 26.0367 25.82591 25.76731 25.5847 24.95452 25.6543 25.11971 25.11014 24.77584 25.0224 25.39699 25.23746 25.25147 25.16566 25.02108 25.199 25.14792 25.13172 25.49215 25.71445 25.15466 25.34412 25.42645 25.29724 25.4319 25.28262
26.08577 25.71165 26.03007 26.50566 27.22631 27.3957 27.36419 27.16763 27.14466 27.05222 26.99244 26.76427 26.22441 26.80659 26.51194 26.71742 26.76072 26.74104 26.80731 26.83978 26.66681 26.80255 26.70688 26.41939 25.83147 25.30147 24.88358 24.49405 25.01323 25.7314 25.30577 25.60391 25.25986 25.10523 25.55362 25.64165 25.79495 25.94907 26.06996 26.17215 26.04706 25.98064 26.22194 26.26989 26.31208 26.08032 26.04634 26.02022 25.66064 25.22699 25.19785 25.06964 24.74262 24.25642 24.47609 25.05925 25.37082 25.29258 25.24477 24.85079 25.02211 25.15344 25.0785 25.22398 25.5995 25.57638 25.25466 25.52 25.86326 25.71541 25.6305 25.21197
26.16699 26.59237 26.67269 26.79219 27.11455 27.28828 27.29903 27.27186 27.08699 26.77201 26.66552 26.64914 26.48943 26.92928 26.56738 26.83022 26.67677 26.74308 26.75161 26.49903 26.29778 26.52419 26.39806 26.5009 25.79767 25.17616 25.06753 25.0033 24.98487 26.3996 25.4776 25.87358 25.46215 24.87878 24.85265 24.93111 24.85724 25.58484 26.04803 26.24925 26.21871 26.09276 26.11007 26.14269 25.98176 26.06509 25.76168 25.73437 25.83007 25.73004 25.43559 24.9752 24.52667 24.20645 24.19584 24.83978 25.35126 25.25778 25.14914 24.50634 25.0448 25.13814 25.37369 25.62344 25.78416 25.88935 25.67079 25.3862 25.6362 25.89677 25.61204 25.16111
