features/re_bio2.asc
ncols         768
nrows         589
xllcorner     124.299398925
yllcorner     32.893460211367
cellsize      0.010567299164062
NODATA_value  -9999
[rows 288 to 319 of 589, columns 360 to 431 of 768]
12.06499 11.88648 12.00545 11.98225 11.90727 11.73714 11.73527 11.86726 11.87385 11.76488 11.79 11.56013 11.35492 11.55641 11.51072 11.3419 11.45356 11.52681 11.95152 11.86299 11.37377 11.6294 11.64021 11.72488 11.72815 11.63204 11.66388 -9999 11.73294 11.68433 11.61495 11.5911 11.49233 11.34677 11.3744 10.9533 10.486 9.89533 9.657257 9.818511 10.09889 10.77715 11.3093 11.22041 10.61442 10.47659 10.64024 10.60311 10.57888 11.04095 10.50281 10.15226 10.30955 10.7247 10.71744 11.18953 11.17508 11.08061 11.24494 11.31239 11.28937 11.2501 11.26781 11.27262 11.07002 10.91538 10.92832 11.07792 11.08526 10.86024 10.97242 11.44118
11.96187 11.87302 12.0078 11.91265 11.86584 11.68741 11.68827 11.80545 11.71644 11.45811 11.63332 11.59252 11.33508 11.6203 11.77356 11.5892 11.46517 11.77076 11.82778 11.75884 11.75248 11.87331 11.84972 11.82897 11.93413 11.86586 11.50644 11.7326 -9999 11.57876 11.28665 11.00096 10.94151 10.6619 10.88046 10.77568 10.5768 10.25323 10.18471 10.15069 10.20406 11.03945 11.1783 10.90705 10.22145 10.08617 10.27556 10.39465 10.55961 10.92194 10.44687 10.17756 10.2097 10.77258 10.83675 10.34087 10.33864 11.03312 11.13688 11.29567 11.35718 11.24642 11.14991 11.22934 11.36177 11.34982 11.30245 11.30167 11.2446 11.19295 11.26695 11.44545
11.92332 11.93244 11.98016 11.9462 11.92067 11.80862 11.7477 11.71831 11.53535 11.24878 11.63879 11.59884 11.25706 11.66962 11.88316 11.89982 11.88549 11.73406 11.51251 10.78797 11.44318 11.55825 11.60262 11.772 11.91436 11.75185 11.69462 11.74896 11.63399 11.5623 11.5113 11.38813 11.24522 11.25305 11.38752 11.33146 11.16834 10.91623 10.54712 10.78138 10.87471 10.82838 10.63461 10.53232 9.952833 9.682996 9.883965 10.29195 10.55412 10.52544 10.56157 10.20702 10.48284 10.7028 10.6858 9.907035 10.11915 10.48845 11.05316 11.11815 11.2279 11.25946 11.27749 11.29308 11.27278 11.3676 11.35227 11.28445 11.31946 11.35602 11.4357 11.48192
11.91438 11.97547 11.93845 11.95491 11.7905 11.65196 11.62129 11.57201 11.3828 11.26878 11.84784 11.57411 11.09328 11.48022 11.87666 12.0389 12.04606 11.98699 11.74631 10.0091 10.79861 11.00791 11.31756 11.54933 11.61746 11.6541 11.7308 11.74046 11.73745 11.70503 11.66106 11.52015 11.31048 11.21929 11.42813 11.02402 10.88536 10.62407 10.23387 10.41463 10.82969 10.57366 10.87688 10.37447 10.14866 9.437252 9.192475 9.578028 10.03213 10.18267 10.20088 10.19438 10.31833 10.18607 10.20949 9.875351 9.616796 9.801407 10.12909 10.17807 10.70643 10.99915 11.15228 11.29908 11.33273 11.33023 11.38871 11.36843 11.37602 11.40397 11.3644 11.34513
11.91535 11.8391 11.86127 11.96269 11.68634 11.44995 11.25313 11.20444 11.20785 11.32888 11.96953 11.75917 11.39574 11.73698 12.00912 12.06631 12.05073 12.06627 11.80964 10.41973 10.12398 10.52074 10.85201 10.98485 11.18693 11.53134 11.56542 11.57636 11.71138 11.73729 11.69242 11.43518 11.26048 11.32213 10.83481 10.71631 10.5266 10.38842 9.934824 10.14773 10.42641 11.00961 11.06884 10.73646 10.52007 9.63947 9.283411 9.437907 9.580293 9.557682 9.547525 9.791027 10.06345 9.689915 9.63468 9.62315 9.283504 8.962881 9.48566 10.00573 9.750515 10.05523 10.68504 11.12322 11.27271 11.36346 11.33331 11.40503 11.43862 11.47381 11.50471 11.53921
11.66537 11.59081 11.82043 11.88872 11.86185 11.54688 11.36634 11.39744 11.44667 11.33113 11.22347 11.58177 12.01622 11.99547 12.04446 12.05719 12.07347 12.09354 11.85863 10.9242 10.31946 10.59016 10.71464 10.82008 11.0161 11.16896 11.35936 11.41867 11.49551 11.74248 11.63782 11.64401 11.59097 11.23481 10.93543 10.92627 10.89147 11.20049 10.08357 9.921595 10.35263 10.85058 11.23047 11.01115 10.34891 10.34467 10.3692 10.16388 9.879536 9.689739 9.535889 9.544717 9.530071 9.350092 9.204348 9.015935 8.800101 8.608654 9.341097 9.595685 9.493395 9.787704 10.22699 10.59462 10.918 11.26652 11.28945 11.39005 11.45524 11.50748 11.54691 11.58492
11.64286 11.56301 11.6497 11.86024 11.87098 11.66411 11.44878 11.54281 11.75728 11.68685 11.45137 12.13888 12.20477 12.00942 12.07302 12.06959 12.06224 12.0921 11.97584 11.52027 10.80971 10.98798 10.98563 10.90219 10.9502 11.04013 11.05371 11.17039 11.40484 11.50187 11.27356 11.39708 11.4663 11.08649 10.82203 11.04091 10.52208 11.12829 10.61946 10.50202 10.58533 10.65152 11.08216 11.06953 10.48048 10.38382 10.58984 10.66567 10.40383 10.01075 9.772839 9.311039 9.189969 8.959939 8.97187 9.042656 8.894655 8.878816 9.12893 9.144515 9.314852 9.691946 10.20118 10.66385 10.87367 10.92198 11.25942 11.30642 11.29445 11.23441 11.25757 11.3128
11.57405 11.6612 11.60065 11.80207 11.63656 11.31168 11.1019 11.40553 11.7957 11.95643 12.1237 12.22758 12.21086 11.97021 12.01281 12.07335 12.07449 12.05996 12.03796 11.90419 11.41821 11.35506 11.40864 11.26568 11.11832 11.18895 11.31095 11.30985 11.52427 11.42322 11.51977 11.54545 11.36719 11.17063 11.13562 10.96661 10.58253 11.01995 10.76478 10.61748 10.6923 10.91113 10.89566 10.89286 10.49683 10.25843 10.26382 10.48609 10.65608 10.48304 10.01978 9.883841 9.750537 9.283862 9.515808 9.718502 9.58812 9.546334 9.507144 9.241195 9.240041 9.632867 9.978468 10.35853 10.70818 10.95915 11.26254 11.1864 11.39368 11.30858 11.24485 11.3738
11.45242 11.54767 11.41664 11.67667 11.49466 11.21614 10.98123 10.93721 11.3 11.85547 12.16377 12.21976 12.21733 12.06989 12.0312 12.103 12.10353 12.06736 12.0523 11.96189 11.42316 11.02282 11.12985 11.17997 11.19394 11.36651 11.58664 11.56137 11.64633 11.50808 11.49342 11.46489 11.39785 11.28842 11.13048 10.94921 10.93017 11.08323 10.91238 10.56071 10.48096 10.81453 10.98606 11.16244 10.92713 10.5769 10.38968 10.11951 9.884422 10.10971 10.74894 10.70344 10.29135 9.973204 9.864538 10.19834 10.06497 10.09713 9.9062 9.640203 9.303314 9.621641 9.955534 10.18482 10.55666 11.00909 11.23431 11.32682 11.38025 11.27578 11.24092 11.23894
11.51655 11.49646 11.21053 11.47583 11.51149 11.06379 11.24333 11.46783 11.72385 11.94631 12.03623 12.1122 12.24893 12.20149 12.08438 11.9659 12.04123 12.17939 12.19531 12.11488 11.42239 11.02073 10.86684 11.04522 11.28512 11.46821 11.57168 11.44014 11.58952 11.46255 11.15515 11.06481 11.10004 11.03612 10.90672 10.96616 10.99994 11.13961 10.99569 10.90998 10.69265 10.61478 10.96002 11.15335 10.83401 10.86772 10.79145 10.50209 10.32409 10.35995 10.47157 10.68348 10.77433 10.52649 10.41618 10.41552 10.26389 10.28757 10.04687 9.914243 9.654572 9.807943 10.19369 10.43189 10.57874 10.87714 11.25408 11.37767 11.39291 11.42233 11.23976 11.22644
11.43881 11.29784 11.02729 11.36443 11.6278 10.898 11.51965 11.78495 11.92875 12.04 12.05928 12.10126 12.18988 12.20187 12.10592 12.00043 12.09836 12.25424 12.32862 12.30589 11.59563 11.37301 11.47484 11.46448 11.4733 11.46236 11.37053 11.28352 11.18787 11.23138 11.07036 10.975 10.83359 10.9271 11.08635 10.93751 11.07775 11.12548 11.07296 11.07388 10.84612 10.74689 10.99007 11.11181 10.96234 10.90429 10.71811 10.67902 10.55907 10.56411 10.69372 10.48847 9.973869 10.8469 11.07785 10.79076 10.85854 10.87114 10.78281 10.50413 10.52537 10.39504 10.44388 10.5541 10.58364 10.81713 11.29747 11.41043 11.53395 11.61029 11.3523 11.44093
11.39361 11.17069 10.9114 11.40645 11.51939 11.33931 11.62187 11.71019 11.77378 11.93266 12.0645 12.11919 12.31983 12.23692 12.13828 12.00478 12.07022 12.14446 12.1366 12.12478 11.88905 11.63719 11.6039 11.17429 10.98975 10.97273 10.96673 11.1775 11.18355 11.25965 11.18204 10.93535 10.99705 11.21683 11.20868 10.92904 10.98862 11.15382 10.88872 10.8677 10.75312 -9999 10.96218 11.02968 11.32434 11.2554 10.83654 10.7061 10.62673 10.71999 10.74633 10.34281 10.3303 10.36369 10.8896 10.87643 10.66674 10.62738 10.6042 10.67914 10.74031 10.39899 10.74039 11.08104 11.23717 11.20363 11.17555 11.25649 11.34749 11.37038 11.37 11.5544
11.50473 11.20369 11.02138 11.31269 11.7057 11.61841 11.58937 11.66779 11.66957 11.83832 12.09961 12.19232 12.32087 12.3957 12.34931 12.2463 12.30893 12.33199 12.28911 12.23255 11.99822 11.88632 11.49606 11.27279 11.22617 11.01711 10.89047 11.25687 11.21158 11.49515 11.25787 11.37815 11.33551 11.26571 11.16968 11.05418 11.11769 11.04692 10.62983 10.52091 10.65342 10.83236 10.95213 11.09244 11.20329 10.98116 10.71736 10.5111 10.58588 10.82674 10.8159 10.54113 10.82694 10.94848 10.67012 10.59686 10.62253 10.65319 10.63924 10.51195 10.39891 9.898615 10.38212 10.57498 10.7051 10.84192 10.87702 10.90065 11.23158 11.28816 11.46767 11.65618
11.66326 11.31967 11.17245 11.59211 11.79786 11.72503 11.70496 11.74552 11.75015 11.90124 12.1137 12.19747 12.26636 12.39362 12.40675 12.431 12.45079 12.46305 12.46802 12.39722 11.88211 11.90609 11.47805 11.59538 11.45905 11.36291 11.37196 11.31134 11.50137 11.6617 11.41812 11.2848 11.37221 11.39384 11.27536 11.14771 11.10355 11.04319 10.6594 10.79582 10.91002 10.95282 11.0095 11.0456 10.80341 10.60004 10.51667 10.59574 10.57804 10.52301 10.63495 10.90213 10.93034 10.48666 10.36975 10.74608 10.75595 10.53619 10.32525 10.06938 9.876491 9.77677 10.09026 10.10663 10.22675 10.37323 10.65512 11.1041 11.47188 11.56923 11.66419 11.74157
11.75343 11.69729 11.57101 11.68537 11.81505 11.86709 11.64102 11.87193 11.94046 11.99149 12.07654 12.16163 12.22414 12.17747 12.23835 12.33783 12.46087 12.50255 12.4928 12.43439 12.00338 11.95078 11.45901 11.55268 11.51951 11.36001 11.36789 11.54306 11.57387 11.61535 11.43682 11.31391 11.37959 11.46545 11.43307 11.24763 10.97175 10.76848 10.74998 10.8534 10.70772 10.70601 10.76701 10.63436 10.47676 10.29399 10.39788 10.67214 10.66684 10.41521 10.45748 10.79367 10.76236 10.29799 10.06396 10.78815 10.69227 10.59254 10.53245 10.37074 10.15493 9.8068 10.32671 10.63933 10.80333 11.13038 11.39986 11.48617 11.71449 11.73294 11.78618 11.7944
12.10403 11.68257 11.82746 12.00204 11.95361 11.69996 11.83458 12.01266 12.05171 12.07249 12.10544 12.17673 12.20568 11.94192 12.00768 12.15225 12.31401 12.43144 12.41695 12.33075 11.95755 11.815 11.52065 11.5353 11.56896 11.46849 11.39608 11.44311 11.53174 -9999 11.50269 11.28238 11.14773 11.30005 11.29476 11.0437 10.8039 10.64969 10.82669 10.78405 10.54061 10.41498 10.41768 10.37027 10.30353 10.40155 10.461 10.54953 10.5945 10.50192 10.50944 10.55196 10.35709 10.21876 10.21393 10.28652 10.45553 10.54102 10.56315 10.54503 10.38518 9.933871 10.24091 10.81586 11.16836 11.35389 11.50842 11.66411 11.78493 11.81199 11.8389 11.75703
11.15021 10.70413 11.10781 11.306 11.45461 11.98863 11.99585 11.926 12.04211 12.06192 12.05536 12.08782 12.03092 11.80571 11.8661 11.93162 11.99611 11.87336 11.80084 11.79414 11.58343 11.40084 11.6838 11.73872 11.63132 11.61188 11.6571 11.6902 11.66233 11.56917 11.45976 11.56586 11.53799 11.34379 11.13047 11.02186 11.01707 11.0223 11.11629 10.86907 10.78653 10.74641 10.73635 10.69593 10.59697 10.53004 10.16424 10.04347 10.02683 9.949273 9.892323 9.989209 10.06633 9.926495 10.07861 10.27876 10.36391 10.69558 10.83888 10.68116 10.58593 10.71682 11.05331 11.07875 11.38863 11.59451 11.72058 11.80729 11.83434 11.85233 11.81389 11.71581
10.81767 10.89971 11.03392 11.43634 11.89337 11.92975 12.23104 12.09893 12.10088 12.06773 12.01684 11.88115 11.73646 11.72898 11.72884 11.53029 11.69935 11.69094 11.68584 11.59478 11.68937 11.57892 11.71972 11.50175 11.45702 11.5915 11.64435 11.64299 11.66593 11.62991 11.65174 11.49943 11.33029 11.17312 11.0376 11.10698 11.26219 11.17003 10.95207 10.70432 10.63124 10.67578 10.63593 10.43816 10.22485 10.17663 10.10939 9.841067 9.784011 9.648028 9.666899 9.809329 9.956795 10.06255 10.12465 10.35129 10.43885 10.71953 10.85289 10.82089 10.87162 11.10321 11.27289 11.40355 11.57743 11.69833 11.73225 11.73273 11.73526 11.7084 11.66743 11.52792
10.83548 11.47806 12.07725 11.94083 12.07193 12.30436 12.30714 12.39644 12.23504 12.13116 11.96944 11.81535 11.65787 11.44077 11.35006 11.11948 11.70642 11.8613 11.88284 11.71976 11.5348 11.59663 11.27947 11.36449 11.47047 11.59809 11.58761 11.59554 11.64782 11.6089 11.6014 11.52441 11.22005 11.06755 11.19083 11.24708 11.1351 11.03195 10.66651 10.51103 10.28403 10.22916 10.2006 10.182 10.2003 10.2307 10.14186 10.07479 9.979111 9.686867 9.617826 9.751017 9.986671 10.20603 10.27339 10.72157 10.60858 10.6716 10.80045 10.96096 11.12685 11.20804 11.3304 11.52667 11.61789 11.61396 11.56855 11.55541 11.58846 11.59706 11.52376 11.54703
11.02035 11.51364 12.10267 12.03092 12.05039 12.01933 12.02497 12.27457 12.3178 12.03306 11.8944 11.76831 11.58984 11.46717 11.48094 11.78093 11.44629 11.77434 11.85247 11.80212 11.46607 11.15918 11.01426 11.43931 11.55666 11.6464 11.6579 11.66722 11.65691 11.54691 11.43522 11.41335 11.41129 11.37484 11.32559 11.12316 10.91071 10.7898 10.61223 10.42722 10.33735 10.29778 10.17901 10.10388 10.14571 10.1725 10.11173 10.12294 10.07332 9.926392 9.781239 9.913602 10.14735 10.26458 10.35364 10.82246 10.66534 10.82454 10.84623 10.94018 11.13273 11.18916 11.27567 11.50281 11.29653 11.39153 11.4416 11.46055 11.49093 11.49743 11.44082 11.37776
11.60828 11.85415 11.63258 11.65981 11.96631 11.85076 12.02062 12.09175 12.29658 12.22582 11.96101 11.63413 11.46461 11.56206 11.73377 11.89362 11.54882 11.68343 11.86208 11.51464 11.14691 11.15757 11.21542 11.66087 11.69996 11.73447 -9999 -9999 11.52473 11.53554 11.4952 11.48278 11.55592 11.40454 11.12389 10.97435 10.94882 10.93966 10.80825 10.64509 10.47992 10.33191 10.17553 10.11541 10.13089 10.13511 10.09641 10.09552 10.06192 10.05175 9.989595 9.970189 10.11443 10.30414 10.41741 10.67619 10.85311 10.81124 10.8044 10.96352 11.11047 11.11726 11.15398 11.25332 10.99771 11.10448 11.23481 11.30319 11.34147 11.37101 11.39836 11.49764
11.41188 11.68514 11.60552 11.53029 11.73083 12.01758 11.85882 11.97879 12.01451 12.26472 11.97768 11.55139 11.52011 11.7573 11.7267 11.77417 11.74413 11.82722 11.88583 11.53948 11.60476 11.66427 11.54096 11.39498 11.69058 11.53629 11.35741 11.29053 11.30516 11.29858 11.26096 11.24285 11.22148 11.09477 11.19527 11.16317 11.09807 11.11241 10.90024 10.79135 10.60972 10.4312 10.29229 10.21622 10.18145 10.15722 10.11624 10.06635 10.04969 10.06109 10.08291 10.16282 10.27781 10.41644 10.58415 10.66203 10.66258 10.72509 10.76485 10.79977 10.90254 11.01213 11.05611 11.09406 10.90709 10.91127 11.26636 11.27756 11.25635 11.34066 11.34384 11.24646
10.60109 10.96415 10.90384 10.96603 11.18989 11.57766 11.65144 11.82653 12.14997 12.22323 11.94274 11.74034 11.65389 11.62348 11.70029 11.79358 11.97759 11.95558 11.85555 11.50144 11.63999 11.67176 11.6807 11.62625 11.23466 11.21208 11.26058 11.10783 10.98359 11.01694 11.07124 11.05397 11.03692 10.92267 11.25638 -9999 11.26002 11.11994 10.89372 10.83371 10.72879 10.52678 10.35349 10.30733 10.29639 10.2258 10.12479 10.06375 10.05757 10.10204 10.17405 10.27321 10.32438 10.38437 10.50779 10.59455 10.6663 10.69935 10.73161 10.74679 10.75635 10.81803 10.94804 10.97492 10.84634 10.84168 10.962 11.2772 11.44312 11.45422 11.39588 11.30101
9.902647 10.12368 9.947652 10.19306 10.57983 10.97723 11.20872 11.45851 12.23249 12.28203 12.15998 12.0677 11.96199 11.80133 11.69293 11.84735 11.93979 11.92294 11.66954 11.28719 11.19631 11.07731 11.11024 11.17649 11.10371 11.11671 11.10957 11.05833 11.26165 11.49183 11.38824 11.27496 10.90388 11.16046 11.31686 11.33832 11.32624 11.21122 10.95592 10.86643 10.771 10.59769 10.45886 10.41893 10.32749 10.16942 10.05298 10.10398 10.16434 10.17546 10.23284 10.31026 10.42577 10.51361 10.51517 10.54813 10.60122 10.65886 10.69395 10.70479 10.71242 10.75604 10.8363 10.92483 11.04528 10.84277 10.84853 11.19388 11.31784 11.27102 11.32793 11.45865
10.10646 10.1027 9.816107 10.09523 10.35737 10.54924 11.04309 11.76499 12.30578 12.30362 12.25433 12.31271 12.10165 11.80408 11.73671 11.84358 11.87482 11.90465 11.77507 11.41717 11.13805 11.12745 11.17883 11.25056 11.25214 11.11552 10.94663 11.1542 11.38045 11.47987 11.4888 11.32837 11.39521 11.39162 11.39309 11.45324 11.40448 11.30288 11.09387 10.91187 10.83713 10.70912 10.60472 10.44815 10.08418 9.788327 9.788945 9.913771 10.04265 10.21521 10.21264 10.26382 10.44764 10.53931 10.4766 10.3475 10.37825 10.42875 10.59075 10.67008 10.68431 10.69231 10.71765 10.78725 11.00622 10.96121 11.02122 11.10037 11.33234 11.4732 11.48101 11.47853
10.50433 10.41697 10.11169 10.33332 10.67821 11.04984 11.55778 11.95158 11.82104 12.2634 12.18388 12.35952 12.27921 12.02992 11.91654 11.85832 12.00091 12.05416 11.72918 11.6545 11.2082 11.306 11.22817 11.0413 11.14253 11.27315 11.42849 11.61296 11.70763 11.53611 -9999 11.58832 11.70239 11.58908 11.56195 11.24098 11.29656 11.34573 11.17023 10.98006 10.74209 10.85927 10.78891 10.66443 10.43923 10.09084 9.779132 9.677852 9.75149 10.1114 10.37375 10.41784 10.41235 10.29157 10.1716 10.16219 10.26857 10.37331 10.49798 10.61183 10.66743 10.72896 10.76637 10.76324 10.80774 10.78999 10.97907 10.89579 11.25404 11.5046 11.38858 11.16862
10.57256 10.74413 10.24028 10.76714 11.24828 11.57247 11.89247 12.20267 11.9718 12.35686 12.44324 12.45541 12.42552 12.26005 12.084 12.09586 12.16345 12.1796 11.85626 11.73514 11.43524 11.35526 11.2197 11.09582 11.26165 11.24427 11.48551 11.70025 11.64458 11.52459 11.58625 11.74109 11.69987 11.31744 11.32269 11.17208 11.11001 11.22594 11.21407 11.0796 10.65154 10.98363 10.73048 10.63465 10.19016 9.79178 9.635676 9.631585 9.809542 10.26884 10.42696 10.61486 10.29748 10.01779 9.985231 10.06608 10.26471 10.38378 10.40613 10.54658 10.69345 10.81248 10.8512 10.83181 10.83823 10.81308 10.82564 10.84675 11.2173 11.30297 11.23589 11.27308
11.23589 11.20415 11.14735 11.29125 11.54912 11.68474 11.7612 12.04814 11.42646 11.74256 12.36986 12.44597 12.20761 12.01659 11.99533 12.06837 12.10092 12.16888 12.02106 11.8042 11.69065 11.37085 11.25456 11.42332 11.63192 11.39432 11.51811 11.60678 11.7439 11.78318 11.74057 11.69779 11.62751 11.56207 11.61283 11.22837 11.04328 10.9686 10.79613 10.66884 10.78069 10.86929 10.215 10.63007 10.18358 9.600857 9.761515 10.35339 10.43009 10.14937 10.11393 10.44787 10.50051 10.40833 10.28274 10.11309 10.28047 10.43361 10.61701 10.90454 10.99239 10.94158 10.84368 10.79017 10.83085 10.87052 10.83786 10.87937 10.99894 11.04987 11.05358 11.1896
10.3643 10.88657 11.86516 11.4357 11.3584 11.2831 11.1491 11.58892 12.0883 12.09044 12.44449 12.60263 12.31919 12.15076 12.16451 12.15877 12.18212 12.1819 12.10449 11.98505 11.8975 11.49149 11.31861 11.56679 11.6936 11.48868 11.63643 11.602 11.72502 11.77122 11.65422 11.55985 11.58165 11.44203 11.02299 10.76053 10.77629 10.90421 10.52436 10.60379 10.55702 10.76613 10.7352 10.10079 9.985571 9.841256 9.961052 10.2607 10.07343 10.05439 9.621116 10.05113 10.44264 10.71135 10.70187 10.66377 10.3644 10.57248 10.82801 10.8724 11.07464 11.01435 10.81327 10.79362 10.95745 10.86434 10.75638 10.85024 10.99008 11.02642 10.99103 11.16386
10.07175 10.25469 11.9738 12.01689 11.73235 11.38493 11.19667 11.50961 12.35133 12.54252 12.43895 12.43866 12.35974 12.44775 12.50594 12.3753 12.27278 12.34694 12.43451 12.2609 11.94336 11.6829 11.50521 11.48947 11.46272 11.55458 11.80548 11.7923 11.70777 11.70162 11.46824 11.2304 11.3886 11.21521 10.53864 10.53049 10.94698 11.12987 10.76684 10.40459 10.09312 9.926145 10.23765 9.794902 9.754509 9.97838 10.197 9.989543 9.413653 9.625153 9.548653 9.923951 10.43608 10.66801 10.90968 10.76856 10.12603 10.18663 10.62518 10.7159 11.09685 11.00934 10.83568 10.921 11.07197 10.9317 10.83316 10.79701 10.94332 10.93026 11.02484 11.31671
10.73638 10.39356 11.7742 11.9902 11.73037 11.62824 11.66209 11.74065 12.1588 11.97365 12.07452 12.3857 12.39512 12.4161 12.49754 12.53933 12.55556 12.66811 12.66714 12.39951 12.00193 11.96051 11.78354 11.51935 11.52643 11.80147 11.97246 11.80351 11.73904 11.46878 11.06633 10.85408 10.9964 11.05882 10.95182 10.89621 10.69914 10.71649 10.9971 10.5568 10.09861 9.710276 10.01665 9.717171 9.820766 10.00812 9.782289 9.417326 9.336181 9.289275 9.460291 10.11965 10.38335 10.63493 10.95786 10.62978 10.27492 10.08901 10.70074 10.79176 10.98693 11.11696 11.15403 11.06734 11.04553 11.25881 11.0948 10.62631 10.85507 10.95116 11.05112 11.2305
11.4788 11.3989 11.81544 11.99924 11.77851 11.71263 11.80618 11.72737 11.468 11.10972 11.90141 12.45971 12.66855 12.73887 12.67855 12.56169 12.57938 12.73583 12.76335 12.55047 12.1377 11.96419 11.86291 11.96853 12.11797 11.90429 11.3804 11.68397 11.77488 11.6866 11.4634 11.22954 11.1639 11.27327 11.16716 11.03116 10.77409 10.78355 11.20338 10.94016 10.30259 9.842863 9.526868 9.948021 10.18388 10.27446 10.03402 9.500493 9.184531 9.582019 9.996273 10.09168 10.28119 10.6328 10.70536 10.2371 10.24422 10.0991 10.57963 10.84953 11.35777 11.40246 11.17844 10.96797 10.986 11.22791 11.26961 10.71864 10.94682 11.16288 11.05594 10.97125
