features/re_bio19.asc
ncols         768
nrows         589
xllcorner     124.299398925
yllcorner     32.893460211367
cellsize      0.010567299164062
NODATA_value  -9999
[rows 204 to 237 of 589, columns 231 to 307 of 768]
99.6 99.9 100.6 -9999 -9999 -9999 -9999 -9999 -9999 -9999 -9999 -9999 105.2 105.3 105.5 105.1 105.8 105.1 105.1 105.1 106.5 107 107.2 107.6 107.2 105.8 106.5 106.7 107 107.5 109.3 110.1 109.1 109.3 109.6 109.4 109.2 108.8 109.3 110.3 110.6 110.3 110.8 108.6 112.1 112.8 114.1 115.9 114.6 115.8 114.1 114.4 119.2 125.5 126.8 118.8 123.8 121.9 126.8 129.1 130 132 135.1 132.2 132 125.4 120.6 121.2 122.5 121.4 122.1 120.7 122 121.6 120.7 120.4 120.4
101.3 102.8 101.8 101 -9999 -9999 -9999 -9999 -9999 -9999 -9999 -9999 -9999 -9999 -9999 105.7 105.8 105.8 106 107 107 107.1 107.9 107.9 107.7 106.8 106.2 107.6 107.3 108 108.6 109.9 112.2 111.8 111 110.9 112.2 111.3 110.9 111.1 110.5 109.9 110.5 112.8 113.5 113.1 113 115 114.6 115.1 115.5 115.5 118.8 126.5 130.8 124.8 125.7 127 131.8 136.6 136.9 137.5 128.4 130.1 127.4 124 121.6 121.4 121.4 121.3 119.9 121.9 123 122 120.8 120.4 120.2
103 105.1 105 103 -9999 -9999 -9999 -9999 -9999 -9999 -9999 -9999 -9999 -9999 -9999 -9999 106.8 107.5 108.1 107.9 107.3 109.3 110.4 108.7 107.6 106.8 106.5 107.5 107.8 108 108.7 110.7 112.7 112.7 111.4 112.2 112.8 112.3 112.3 112.6 112.2 114.3 116 114.7 116.2 115.6 114.4 114.4 112.6 113.3 115.8 120.8 125.1 132.3 138.5 131.8 132.1 133.8 135.9 137.9 138.8 142 131.7 128.8 130 125.8 122.9 122.5 122.3 123 124 124.2 123.9 123.7 121.9 120.7 119.3
103 103.9 104.8 104.7 -9999 -9999 -9999 -9999 -9999 -9999 -9999 -9999 -9999 -9999 -9999 -9999 -9999 107.7 109.9 109.2 108.2 -9999 109 108.4 108.5 108.5 108.3 109.3 108.7 109 111 112.3 112.6 112.4 112.6 114.1 114.1 113.5 113.7 114 113.1 116.1 115.9 116.1 115.2 116.5 116.3 115.2 115 114.9 117.4 126.8 135.6 143.9 144.8 139.4 138.1 138.9 133.4 133.1 134 146.3 139.1 134.4 131.9 127.1 124.9 123.7 123.3 124.7 125.4 125.4 124.3 123.8 122 120.2 120
104.4 104.4 105 -9999 -9999 -9999 -9999 -9999 -9999 -9999 -9999 -9999 -9999 -9999 -9999 -9999 -9999 -9999 -9999 -9999 -9999 -9999 109.6 109.8 109.5 109.3 109.6 110.3 111 111.5 112.6 113.3 114.3 114.1 113.8 115.6 114.5 114.4 114.2 115 117.7 116.5 120.1 115.6 115.7 116.1 115.9 116.4 118.1 117.8 120.5 127.1 134.3 140.3 141.7 137.6 134.6 132.2 134.4 130.5 132.5 143.7 140.4 142.1 134.4 128.8 126.2 124.5 124.6 125.6 125.8 125.7 124.9 123.1 121.6 121.3 120.4
105.9 105.5 -9999 105.3 106.8 110.3 -9999 -9999 -9999 -9999 -9999 -9999 -9999 -9999 -9999 -9999 -9999 -9999 -9999 -9999 111.4 110.9 110 110.1 109.6 109.3 110.3 112.9 112.4 112.7 113.9 115.3 115.5 114.2 115.4 116.7 116.8 114.7 115.6 116.8 118.6 117.4 117.3 114.8 114.8 114.9 115 116.3 117.4 119.3 123.7 123.4 125.7 131.6 137.8 139.3 135.2 130.4 130 129.4 134.9 143.1 134.8 142 137.2 131 127.8 126 125.5 126.4 126.2 127.2 126.5 122.8 121.8 122.1 120.7
104.5 104.5 104.6 104.2 105.8 107.3 106.8 -9999 -9999 -9999 -9999 -9999 -9999 -9999 -9999 -9999 -9999 -9999 -9999 111 110.5 110.3 111 110.8 111.4 111.9 111.2 113.1 114.6 115.3 115 116 116.5 116.8 118.6 118.5 117.2 115.3 117.1 120.6 122.8 117.9 115.1 115.2 115.2 115.9 115.8 116.8 118.1 121.3 123.4 129.8 132.1 134.9 139.1 136.8 132.4 142.4 135.9 130.6 131.6 140.6 136.5 139.4 140.5 132.7 128.5 127.8 127.4 126 125.9 126.5 125.9 122.8 121.4 120.7 119.1
104.8 105.1 104.9 105.4 106.3 107.7 108.1 108.5 -9999 -9999 -9999 -9999 -9999 -9999 -9999 -9999 -9999 -9999 110.6 111.1 110.5 111.1 111.6 112.9 115.5 114.9 113.6 114.2 116.8 116.1 114.9 115.6 116.2 116.6 117.8 117.8 117.3 115.7 116.5 116.2 116.1 117.1 116 116.2 116.3 120.4 121.3 119.5 125.2 134.7 125.8 133.3 136.2 135.4 135.6 134.6 131.7 132.8 140.2 135.4 132.9 136 138.8 136.8 140.7 132.7 129.9 129.6 128.5 126.5 126.6 125.6 125.4 123 121.9 121.1 119.9
106.3 107 106.2 106.8 108.7 110.1 110.3 110.3 -9999 -9999 -9999 -9999 -9999 -9999 -9999 -9999 109.7 110.5 111.4 111.3 111.2 111.4 110.9 112.6 114.6 115.3 116.2 116.4 116.8 116.8 117.7 118.5 118.3 118.6 122.5 121.2 119.2 118.1 117 116.2 116.5 116.8 117.3 117.3 117.4 121.7 124.3 123.9 127.5 141.6 139.4 136.4 134.5 134.1 136.9 140.6 141.8 140.8 130.6 128.7 131.8 132.4 135 134.1 134.5 132.7 130.2 130.2 129.5 127.7 126.7 125.3 125.4 123.3 122.1 120.9 120
105.9 107.7 107.4 107.7 109.8 110.5 110.7 110.9 -9999 -9999 -9999 108.4 108.8 109.6 109.8 110.7 112.5 113.4 114.3 114.1 112 112.1 112.7 115.1 114.6 114.4 117.2 116 117.3 116.6 119.9 123.2 121.6 121.4 126.1 122.2 120.7 120.4 119.6 119.4 117.8 118.1 116.8 117.8 119.7 121.1 126 131.8 131.3 142.4 135.2 130.3 127.9 129 135.4 139.4 132.1 134.4 132.4 143.7 141.7 134.2 132.4 130.4 130.3 131.5 131.7 130.5 129.5 128.5 128.4 125.6 124 123 121.5 121.8 120.8
109 110.6 110.3 110.9 112.1 111.4 111.4 111.6 111 -9999 -9999 110.8 109.8 111 110.5 111.7 113.1 114.6 114.9 114 112.2 113.9 118.3 122.7 123.5 120.4 118.9 118.4 118.7 122 125.1 127.1 123.3 121.6 126.2 123.5 124 122.9 121.5 120.2 118.3 119.2 120.8 122.3 125.8 127.2 131.5 136 133.3 131.9 129 129.5 129.4 132.4 136.9 139 134 135.8 143.6 150.9 146.5 135.1 135.4 134.7 132.4 132.4 130.2 129.4 129.1 128.4 127.3 126.2 124.9 122.8 122 123.6 121.5
109.4 109.6 110.4 112.1 112.9 111.9 113.7 112.7 112.4 111.6 111.5 111.8 111.9 111.2 112.1 114.7 114.9 118.4 120 119.8 120.2 116.3 119.6 120.7 122.9 123.3 117.1 118.7 120.1 122.4 122.9 124.5 120.8 118.9 120.5 120.9 122.8 123.1 121.9 120.7 119.2 121.4 124.1 126.7 128.5 132.9 141.9 143.5 135.7 131.1 125.2 129.4 129.5 133.8 138.1 136.8 134.6 142.9 157.6 150 143 146.8 142.9 142.2 136.8 137.4 133.5 130.4 128.4 127.3 126.4 125.3 124.8 123.1 126.6 123.2 118.9
116.3 112.4 111.3 112.8 114.1 114.9 115.8 115.4 113.6 113.8 114.1 114 113 113.1 114 114.5 115.1 114.8 117.1 121.1 123 120.7 116.5 119.8 121.7 120.3 118.4 124.9 130 128.1 124 122.9 120.8 119.5 118.3 121.2 120.7 120.5 121 120.5 119.4 120.1 120.5 128 137.2 138 134.1 132.3 134 135.6 126.3 127.6 130.8 135.3 133.1 129.7 133.8 140 141.1 146.9 145.7 135.3 133.6 135 135.3 147.3 137.7 131.7 130.4 129.2 127.1 124.6 124.6 124.7 122.2 119.3 119.9
117.3 115.5 114.7 115.8 117.1 114.9 116.4 115.8 115.2 114.6 114.6 115.3 114.3 114.6 114.8 113.9 115 115 115.5 116.3 116.7 117.5 118.3 119.1 118.4 118.6 117.2 119.8 127.3 126.7 123 124.1 121.1 118.6 118.9 121.8 120.1 123.1 122.2 120.3 119 120.3 123.1 128.4 140.4 134.8 129.8 132 135.8 133.7 128.9 125.1 127.9 134.7 134.8 131.1 130.6 137 135.9 142.7 142.7 136.1 134.9 133.5 132.1 138.8 138.3 134.3 132.6 132.5 131.1 127 121.5 122.4 120.7 117.7 120.4
118.6 117.1 117.6 116.9 116.7 117.6 118.1 116.2 115.3 114.4 114.7 114.9 114.8 115.9 116 115.1 115.5 116 115.8 116.5 117.2 117.3 117.3 118 118.3 117.5 117.7 119.4 124.5 121.4 121 120.9 119.7 119.1 119.2 121.1 120 126.1 123.2 120.2 119 118.5 119.2 131.2 135.7 128.9 126.3 128.2 130.5 131.3 131.2 124.9 126.9 136.1 137.2 130.6 128 130.3 132.4 137.4 138.8 139.7 142.2 136.3 131 134.3 131.4 134.1 131.6 130.3 130.5 124.3 121.1 121.4 119.4 119.3 123
118.5 117.7 118 117.9 118.1 119.1 119.8 117.7 118.6 117.7 116.5 116.3 116.2 116.3 116.3 116.3 117.6 117.2 116.6 116.6 117.8 118.7 119.2 120.5 119.2 118 117.8 117.8 121.2 121.3 121.8 120.8 120.8 121.1 120.7 121.2 119.8 123.4 121.5 119.2 117.6 118 121.1 128.9 137.3 139.6 132.3 125 127.5 132.4 127.9 125.7 130.9 140.8 141.3 132.1 127.7 131.4 136.4 132.7 133.3 135.3 139 136.7 130.8 132.5 128.4 129.8 129.3 128.7 128.3 126.1 121 119.9 117.7 117.7 121.9
120.5 119.4 119.6 120.3 120.5 121.1 121 119.6 122.1 120.6 119 117.8 117.4 116.5 116 117.3 118.2 117.9 117.6 118.1 118.8 119.5 119.9 119.8 120.3 119.2 118.5 118.5 121.6 119.8 119.9 120.6 120.9 120.5 120.3 121.5 122.7 121.8 120.6 118.5 119.6 120.6 121.6 126.5 138.5 135.9 128.3 124.5 125.7 127.9 124.3 133.7 136 133.2 129.3 126.1 124.8 128.3 131.3 130.1 129.8 130.8 132.9 133.3 130.9 131.6 128.4 125.8 126.7 127.8 126.1 123.3 121.7 118.7 119.6 119.5 118.1
121.1 122.7 124.5 123.9 125.3 123.9 122.6 122.3 123.8 123.1 121.9 121 121 120.3 120 119.9 119.6 119.8 120.6 121.3 121.4 120.4 120.8 121.1 122 121.6 121.2 120.4 121.1 120.1 120.3 120.6 121.3 120.8 120.8 122 123.2 122.5 122.4 120.6 120.6 119.1 121.4 126.5 127.2 125 122.5 122.4 123.5 121.9 122.4 129.3 133.5 127.2 125.8 125.5 122.3 125.9 124.6 126.4 126.4 130 131.1 131.8 128.7 130.2 127.5 125.9 124.8 124.7 124.5 122.7 120.5 117.8 119 118.5 118.1
120.6 123.9 125 125.3 126 124.2 122.8 123.5 126.2 125.7 123.6 123.1 123.6 122.4 121.7 122 120.4 120.6 121.9 122.9 122.7 122.6 123 123.8 126.3 124 121.3 122.7 120.3 122 122.2 122.3 122.5 122.2 121.1 123.2 123.5 123 122 120 119.6 121.4 123.9 128 124.1 122.5 121.2 120.4 120 120 119 120.3 119.5 123.6 121.7 122.4 124.3 123.1 122.1 126.7 132 127.7 129.7 130.7 129.5 130.3 130.1 124.5 126.2 128.8 127.5 122.2 118.6 116.7 117.4 116.8 117.1
122.9 123.7 125.7 125.6 124.7 123.1 123.4 124 127 126.6 124.9 123.9 124.6 123.6 122 121.5 120.8 122.2 123.3 124.3 124.8 123.1 123 122.7 125.2 124.7 122.7 121.3 121.6 126.4 125.2 124.1 123.1 122.1 121.4 120.9 121.5 123.2 121.7 121.2 120.6 120.9 122.1 125.8 122.9 121.9 121.8 121.9 121.4 120.9 118.4 119.7 119.2 120 120.4 122.4 124.1 124.4 126.1 128.8 128.2 127.6 127.4 128.1 128.5 129.7 129.8 125 125.1 126.3 126.2 121.5 118.7 118 117.4 116.7 116.8
124.9 123.7 125.6 124.8 123.9 123.7 125 125.2 128.5 128.3 126.7 125.4 125.6 124.7 124.1 122.7 122.3 124.9 125 126.1 127.6 124.1 123.1 122.9 123.6 124.1 122.4 123.3 128.8 127.8 130.6 127.4 124.9 123.8 123.4 121.6 121.1 119.5 122.4 123.8 123.6 121.9 121.7 122.7 123.5 121.9 122.4 124 123.1 121.3 118.9 118.7 119.7 118.6 121.5 123.1 124.7 127 131.5 130.5 127.7 127 126.8 126.3 126.3 126.3 127.7 125 124.9 123.5 121.5 121.5 119.6 118.4 120.2 121.2 120.1
125.7 123.3 124.1 124 124.2 125.1 126.3 126.8 129.4 129.7 128.2 127 127.2 126.8 129.8 126.8 126.4 126 125.2 126.3 128.6 131.8 131.7 128.3 125.9 129.1 124.7 129 138.1 127.2 129.7 130.1 126.8 125.9 125.2 124.2 123.9 121.3 120.1 121.7 122.9 122.1 121.8 125.2 126 122.7 121.2 120.1 119 119.2 119.5 119.8 120.5 119.4 120.7 123.1 124.5 125.2 125.6 126 127.8 128.9 129.9 130 129.4 131.5 128.3 126 124.8 124 122.2 119.1 119.1 120.8 120.9 121.7 119.7
127.6 126.8 126.9 125.3 125.3 126.2 127.3 129.7 131.4 129.3 128.3 128.2 127.6 129.4 135.2 133.2 132.7 129.1 127.3 127.5 130.3 132.9 138 134.1 134 131.3 126.7 129.8 137.8 132.6 128.9 136 136.1 131.8 129.6 126.6 125.5 122.8 120.6 120.4 121.2 121.3 122.5 132.2 131.6 124.5 122.3 121.4 120.1 119.9 119.9 119.2 120.2 120 121.5 123 123.9 121.8 125.9 123.7 127.1 127.5 129 129.9 128.9 130.5 129.9 125.3 123.8 123.2 122.6 122.7 122.4 121 120.7 122 121.6
128.6 128.2 128.4 126.5 126.1 127.1 128.9 129.8 129.4 127.8 128.6 130.4 130.6 132.2 136.7 138.4 135.3 132 129.2 129.2 131 133.2 135.4 129.8 129.3 129.3 128.9 131.9 142 132.9 136 132.9 142.2 145.4 141.6 134.4 127 122.9 121.9 123.5 122.3 120.5 122.7 130.5 133.1 128.4 125.1 123.1 122.2 121.3 121.3 120.7 120.8 121.9 121.6 122.7 124.5 125.7 125.1 124.8 126.5 129.1 130.2 130.1 130.2 130.8 127.7 124 124.1 123.6 123.2 123.2 124.6 125.6 126 124.2 122.6
128.4 128.4 127 126.3 126.8 128 130.4 130.2 129 129.3 130.4 132.4 133.2 135.1 141 139.2 137.8 133.6 131.6 133.8 136.3 135.1 135.6 136.2 137.4 131.4 134 137.8 148.7 149.7 150.1 142.9 143.3 140.8 135.5 133.8 128.6 123.7 125.1 125.6 124.7 126.9 128.9 127 130.7 128.9 129.5 129.5 126.5 123.7 123.7 121.9 122.5 -9999 -9999 127.4 130.1 130.8 126.9 126 125.8 129.2 130.2 129.8 129.3 128.1 125.6 125.1 124.7 124.7 124.7 125.4 125.9 126.4 128 126.6 126.8
128.1 126.5 126.7 127.1 126.9 128.4 129 129.2 130.9 131.1 132.4 135 137.3 139.3 137.7 141.6 139.7 138.8 136.7 138.3 140.5 138.7 135.8 134.1 132 133.3 139.5 146 149.3 155.9 153.4 144.8 142 138.4 134.2 129 127.1 130.5 129.7 130.1 129.9 131.1 131.2 126.4 128.1 128.4 129.1 130 129.8 128.3 124.9 124.7 128.3 129.2 127.9 127.2 129.5 131.2 128.5 126.7 126.7 131.1 129.3 127.6 127.4 127.1 125.5 125.6 125.2 124.8 125.6 127.8 127 127.4 126.9 126.7 128.6
125.9 126.6 128.6 127.3 128.1 129.4 128.6 129.6 132.3 133.2 134.8 137.8 139.8 143 142.9 139.2 138.8 137.8 136.9 138.3 139.6 138.2 142.5 145.3 134.4 136.9 144.7 153.6 163.7 156.7 142.5 140.5 134.2 128.4 127.9 127.1 127.5 128.3 126.6 128 125.4 126.7 129.7 126 125.4 126.1 127 131.2 134.1 132.5 127.9 127.8 134.1 135.8 135.8 131.6 128.7 127.4 127 126.1 127.3 130 129.4 127.6 126.6 127.8 125.5 126 126 126.2 128.8 129.2 128.6 128.6 129.1 129.6 131.5
128.9 130.5 131.3 129.4 130.4 130.8 131.6 130.7 132.2 134.3 135.5 137.5 139.5 140.1 140.7 139.4 138.9 136.5 136.5 138 139.1 141.7 150 152.4 142.3 141.3 150 152.5 149.7 146.1 139.2 132.8 129.4 129.9 132.6 133.2 130.8 132.7 128.4 128.3 125.4 125.8 126.1 125.7 125.5 125.8 126.5 129 129 126.5 124.9 123.5 125.5 126.7 130 131 127.1 126.1 126.4 122.9 123.9 129.2 128.6 127.9 127.2 127.2 126.5 127.2 128 128.3 129.4 129.5 129.3 130.8 132 133.3 136.4
130.2 132.1 133.1 132 132.5 132.9 132.9 131.9 134.7 136.9 138.3 139.1 138.3 140 139.4 140.7 138.1 137.8 139.4 141 145.1 152.4 156.3 150.5 146.9 142.5 153.5 152 140.7 138.1 133.9 135.8 134.6 140.1 147.4 143.9 134.6 136.8 133.6 126.1 124.7 126.5 127.2 125.5 125.5 124.5 124.1 126.8 125.8 123.9 123.2 123 126.9 128.7 128.1 128.1 128.5 129.8 129.1 126.4 127.5 129.6 129.1 128.6 128 128.4 128.7 128.3 128.1 129.5 132.5 131.8 131.1 132.1 134.4 137.4 144.9
134.1 133.9 135.9 134.7 134.6 135.4 136.6 135.4 136.2 138.4 142.1 142.9 142.4 144.7 139.5 139.1 138.5 140.3 139.8 142.4 145.8 152.4 154.5 152 145.5 143.8 154.1 155.4 152.1 146.5 144.9 145.5 139.4 141.3 142.7 138.7 132.6 126.7 127.5 127 128.5 129.9 129.3 127.9 129.7 127.6 128.2 126.7 125.8 126.1 126 126.4 128.8 129.3 131 129.5 130.7 130.5 129.1 128.1 128.3 129.8 129.5 129.4 129.9 131.8 131.1 131.6 130.9 132.4 132.3 131.3 130.6 131.4 134.9 140.2 148.2
134.1 134.8 136.5 137.8 138.5 138.1 138.9 138.3 138.3 140.3 141.9 143.1 144 142.9 139.6 139.6 139.9 140.6 141.2 144.6 146.9 149.5 148.5 146.6 144.9 146.6 152 158.6 149.7 145.2 143.9 147 137.9 132.9 131.9 130.4 128.5 128.4 132.1 130.8 129 127.9 129.5 133.5 134.2 130.7 131.1 129.6 128.7 128.1 128.3 131.8 131.8 130.7 131.3 130.6 130.7 130.6 130 129.9 129.7 130.8 131.5 131.7 132.4 133.9 133.4 134.4 135.5 135 133.7 132.9 133.5 136.6 136 139.2 144.8
133.6 133.7 137.4 140.9 142 140.4 139.2 138.4 142.6 141.4 141.9 143.4 143.5 140.5 139.9 137.5 141.8 140.8 145.6 148.6 150.7 147.5 143.1 144.6 153 153.2 155.2 157.7 150.1 142 136.1 133.7 132 131.4 131.3 131 129.8 128.3 130.3 132.8 130.6 128.2 127.7 134.2 136.8 134 134 132 130.4 130 130.9 132.4 131.6 131.8 131.7 131.5 132.6 132.9 131.4 132.1 132.1 132.5 133.1 135.2 136.6 134.5 133.9 136.1 135.6 135.9 135.2 133.2 133.2 134 135.2 134.9 143.8
135.3 135.6 138.8 140.7 140.8 139.3 139.1 140.3 141.4 140.4 142.6 144.5 143 141.6 140.4 140 143.6 140.9 148.4 154.3 153.1 147.4 146.5 140.4 153.6 158.7 158.2 148.9 141.6 135.8 133.9 134.4 133.1 130.9 130.2 130.3 129.9 129.8 130.7 133.3 131.6 130.4 128.9 135.6 136.8 135 134 132.4 131.4 131.5 133 133.5 134.4 134.8 132.7 132.4 132.7 133.3 131.5 132.1 132.6 133 133.4 133.9 135.4 135.7 136.1 137.2 136.6 136.8 138.9 136.1 134 135 135.2 136.2 137.7
136.9 136 136.9 140.3 141.1 140.3 139.8 141.1 142.2 142.3 142 143.1 141.7 141.4 142.1 141.1 142.9 144.3 150.4 153.3 150.9 149.4 148.9 141.4 157.1 157.3 153.8 143.8 139.7 137.7 134.2 137.1 134.5 132.7 131.6 131.5 131.3 131.1 133.2 132.7 132.6 131.1 131.4 135.1 134 133.8 133.7 132.6 132.7 133.1 135.3 134.9 134.6 134.3 134 134.1 133.5 133.5 132.7 132.8 133.5 134.7 134.2 134.1 134 135 136.6 137.3 137.2 137.1 137.7 135.9 134.3 134.5 136.3 136 135.3
