features/re_bio9.asc
ncols         768
nrows         589
xllcorner     124.299398925
yllcorner     32.893460211367
cellsize      0.010567299164062
NODATA_value  -9999
[rows 192 to 223 of 589, columns 432 to 503 of 768]
5.262796 5.828064 6.029534 6.052975 5.752186 5.175699 4.816452 5.145591 4.907061 4.952688 5.613118 5.960574 5.847097 5.873764 6.51681 6.679642 7.076022 7.132437 7.091111 6.523082 5.612975 4.887312 4.276917 4.286165 4.416774 4.566667 5.63638 6.868782 6.546917 6.965341 8.127025 8.145592 8.465198 8.269785 7.532115 6.844301 8.05871 7.431541 8.036738 8.84276 9.312115 9.356487 9.448889 11.42624 11.26201 11.13165 11.57097 12.05896 12.2091 -9999 -9999 -9999 -9999 -9999 -9999 -9999 -9999 -9999 -9999 -9999 -9999 -9999 -9999 -9999 -9999 -9999 -9999 -9999 -9999 -9999 -9999 -9999
5.461792 5.964588 6.229821 6.241541 5.981111 5.470251 5.175233 5.542007 5.717598 5.892186 6.01914 6.176344 6.322617 6.352868 6.237634 6.414767 6.705842 6.554695 6.724122 6.678531 5.766201 4.97871 5.704516 6.121935 6.13939 5.442437 4.833405 5.063512 5.729677 6.058064 6.598172 7.186021 7.289283 7.528387 7.63405 7.131183 6.597168 7.2219 9.002187 9.859247 10.24448 10.51247 10.42885 10.6129 11.16513 11.1967 11.44029 11.54366 11.55806 11.81681 -9999 -9999 -9999 -9999 -9999 -9999 -9999 -9999 -9999 -9999 -9999 -9999 -9999 -9999 -9999 -9999 -9999 -9999 -9999 -9999 -9999 -9999
5.875556 6.213907 6.317957 5.986022 5.889319 5.692007 5.483871 5.7319 6.109319 6.395735 6.413154 6.272903 6.396451 6.509355 6.45957 6.528925 6.844874 6.220466 6.271255 6.728602 6.14534 6.266559 6.66086 6.044014 5.615842 5.454982 4.650788 4.212509 4.651003 3.887133 3.756021 6.822903 6.318925 6.616667 7.323226 7.068172 7.04491 8.460287 8.483799 9.086416 9.756488 10.30093 10.53007 10.12889 11.0224 10.4147 10.59319 10.96631 11.31541 11.8157 12.58563 12.93466 -9999 -9999 -9999 -9999 -9999 -9999 -9999 -9999 -9999 -9999 -9999 -9999 -9999 -9999 -9999 -9999 -9999 -9999 -9999 -9999
5.42552 5.93534 5.962545 6.075125 5.794803 5.532366 5.542115 5.80767 6.026129 6.263513 6.166954 6.22319 6.430287 6.562509 6.561541 6.70043 6.984838 6.710287 6.908782 6.948853 6.790323 6.917204 6.102724 6.127491 6.392509 6.626057 6.377276 5.827563 5.237312 4.716631 3.695591 5.47233 5.434444 5.64957 6.445197 6.670394 7.260251 8.438352 9.01957 8.97362 9.098064 9.752939 10.29717 9.683835 10.29695 10.26756 10.6419 10.79204 10.90638 11.31986 12.05405 -9999 -9999 -9999 -9999 -9999 -9999 -9999 -9999 -9999 -9999 -9999 -9999 -9999 -9999 -9999 -9999 -9999 -9999 -9999 -9999 -9999
4.995161 5.683943 5.420179 5.791004 5.907634 6.015807 6.077599 6.095089 6.144014 5.962903 5.732975 6.00742 6.239498 6.497778 6.717849 6.778638 6.705878 6.329104 6.554695 7.144086 7.233262 7.03233 6.634767 6.808459 6.290466 5.748351 5.147061 5.482688 6.091326 5.765448 6.080645 4.033477 4.569176 5.91595 5.994158 5.880251 6.924623 7.268029 8.467634 8.226308 8.88466 9.98043 10.51989 10.25201 10.20197 10.03376 10.68398 10.87086 10.81211 11.13573 11.91498 -9999 -9999 -9999 -9999 -9999 -9999 -9999 -9999 -9999 -9999 -9999 -9999 -9999 -9999 -9999 -9999 -9999 -9999 -9999 -9999 -9999
5.833154 5.763943 5.708602 5.707634 5.88147 6.110502 6.354086 6.413476 6.176452 6.181935 5.625448 5.382151 5.728208 6.292509 6.553943 6.346738 6.005842 6.017455 6.216953 7.159355 7.088781 6.734803 6.530573 6.332831 6.057993 5.599642 4.669857 4.695627 5.372796 5.521935 5.043727 3.361649 3.9119 4.83233 4.74828 4.853011 5.604588 6.49362 7.040071 7.792975 9.155412 10.08272 10.44391 10.62272 10.42143 10.12473 10.25108 10.86204 10.99495 11.19007 11.85068 -9999 -9999 -9999 -9999 -9999 -9999 -9999 -9999 -9999 -9999 -9999 -9999 -9999 -9999 -9999 -9999 -9999 -9999 -9999 -9999 -9999
6.211792 6.316344 6.627742 6.376559 5.86552 6.076595 6.206738 6.287097 6.56724 6.707921 6.239427 5.821577 6.020932 6.217455 6.146308 5.912903 5.826523 6.142365 6.16491 6.691326 7.06043 7.101828 6.477419 5.534731 5.061971 4.515412 4.361075 4.861111 4.806165 4.112545 4.077957 4.83491 5.472079 6.005699 6.927204 7.064229 6.928638 8.133046 9.791684 9.818603 9.392581 9.758315 10.07484 9.836201 9.685018 10.43057 10.71437 11.0529 11.60097 11.83065 11.98312 -9999 -9999 -9999 -9999 -9999 -9999 -9999 -9999 -9999 -9999 -9999 -9999 -9999 -9999 -9999 -9999 -9999 -9999 -9999 -9999 -9999
6.51319 6.586954 6.87509 6.466344 5.991398 6.191792 6.505161 6.707097 6.657383 6.323513 6.401756 6.197598 6.077061 6.282366 6.161183 5.928925 6.103298 6.440717 6.284695 6.407025 7.018244 7.384086 6.836954 5.863871 5.066165 4.967813 5.742402 5.95577 5.207384 4.287599 4.27466 5.479104 6.577097 6.876129 7.303262 7.495484 7.822509 8.252831 7.089104 8.729893 9.684982 9.709498 9.764444 9.842258 9.753942 10.25383 10.45294 10.99907 11.47656 11.90172 12.22147 -9999 -9999 -9999 -9999 -9999 -9999 -9999 -9999 -9999 -9999 -9999 -9999 -9999 -9999 -9999 -9999 -9999 -9999 -9999 -9999 -9999
6.822222 6.697276 6.861721 6.395412 6.073548 6.053907 6.188459 6.352222 6.539749 6.784158 6.704158 6.394839 6.349498 6.566559 6.602581 6.382294 6.255161 6.558136 6.309641 6.212581 6.651075 7.122365 7.21681 6.637168 6.222079 6.161935 6.56319 5.878746 5.223513 4.557921 4.32362 5.488925 7.011828 7.44233 7.69 7.492222 6.507742 6.431935 7.198961 8.586523 9.331863 8.715448 8.345555 8.553692 9.042473 9.66638 10.80774 11.25154 11.53108 11.67584 12.01308 -9999 -9999 -9999 -9999 -9999 -9999 -9999 -9999 -9999 -9999 -9999 -9999 -9999 -9999 -9999 -9999 -9999 -9999 -9999 -9999 -9999
6.999032 6.753441 6.81785 6.478387 6.270179 6.229032 6.118459 6.267097 6.582975 6.785125 6.727778 6.826595 6.709426 6.653118 6.558889 6.609928 6.819427 6.868459 6.234731 5.817204 6.510072 7.305985 7.66 7.171219 6.488351 6.558889 6.394875 6.241649 5.918602 5.603118 5.72258 6.626954 7.012115 7.455412 7.563979 7.301254 6.777025 6.782581 7.68086 8.272796 7.753154 7.712867 8.746344 9.599283 9.774982 10.05634 10.04498 10.54308 10.89875 11.4305 12.10018 -9999 -9999 -9999 -9999 -9999 -9999 -9999 -9999 -9999 -9999 -9999 -9999 -9999 -9999 -9999 -9999 -9999 -9999 -9999 -9999 -9999
6.793979 6.857527 6.946774 6.786057 6.690609 6.533405 6.172366 6.205125 6.343118 6.375878 6.616774 6.9719 6.677061 6.53552 6.740609 6.991684 6.967097 6.73172 6.768602 5.67276 5.972545 6.429749 6.896451 7.215842 7.077921 7.254803 6.869534 6.229856 5.188029 5.200681 6.21043 7.159355 7.671649 7.43491 7.959929 7.76638 7.128208 7.560609 8.447419 9.326416 8.310824 8.658351 9.479283 10.33075 10.6933 10.13319 9.532258 10.20226 10.8186 11.18262 11.96978 -9999 -9999 -9999 -9999 -9999 -9999 -9999 -9999 -9999 -9999 -9999 -9999 -9999 -9999 -9999 -9999 -9999 -9999 -9999 -9999 -9999
6.402437 6.58534 6.643835 6.741219 6.685555 6.694552 6.482115 6.463835 6.397993 6.22129 6.264659 6.749964 6.678602 6.609032 6.921541 7.012151 6.743477 6.589355 6.98552 6.305125 5.882366 6.024158 6.945054 7.517599 6.896559 6.643405 6.896702 6.708889 5.662903 5.835484 6.607132 6.945341 7.296774 7.728351 8.693513 8.010681 7.058064 8.02853 8.627599 9.302689 9.316774 9.387383 10.01824 10.24065 10.58702 11.20301 10.99824 11.7152 12.25978 12.18774 11.8543 -9999 -9999 -9999 -9999 -9999 -9999 -9999 -9999 -9999 -9999 -9999 -9999 -9999 -9999 -9999 -9999 -9999 -9999 -9999 -9999 -9999
6.156918 6.177849 6.378566 6.591255 6.635484 6.722294 6.639175 6.522186 6.510573 6.470681 6.344982 6.452545 6.631577 6.847706 7.089964 7.052258 6.967885 6.984158 6.965842 6.897635 6.945341 7.317491 7.572652 7.470788 7.009319 6.380788 6.37638 6.290574 5.794731 5.662007 5.86061 6.093369 6.491362 7.66405 8.361899 7.896559 6.97767 8.267742 9.546201 9.227849 9.617814 10.14477 10.439 10.53652 10.41993 10.27183 10.44914 11.52746 11.70237 11.82298 12.19799 -9999 -9999 -9999 -9999 -9999 -9999 -9999 -9999 -9999 -9999 -9999 -9999 -9999 -9999 -9999 -9999 -9999 -9999 -9999 -9999 -9999
6.374444 6.399928 6.429319 6.579032 6.661362 6.662437 6.691864 6.597849 6.588387 6.545376 6.385054 6.386165 6.832688 7.012903 7.286416 7.145555 7.199964 7.339104 7.173082 7.334767 7.425986 7.647563 7.5381 7.353477 7.297061 7.072294 6.458817 6.452617 5.674839 5.549713 5.803011 6.119498 6.500144 7.180287 7.747849 8.59785 7.542115 8.703548 10.08842 10.23731 10.2848 10.69896 10.68774 10.5048 10.21645 10.18179 10.87541 12.03857 12.37097 12.15857 12.07957 -9999 -9999 -9999 -9999 -9999 -9999 -9999 -9999 -9999 -9999 -9999 -9999 -9999 -9999 -9999 -9999 -9999 -9999 -9999 -9999 -9999
6.330932 6.395663 6.422903 6.513011 6.655914 6.6819 6.675484 6.612975 6.667527 6.649534 6.579426 6.652545 6.689821 6.697204 7.366774 7.460322 7.401828 7.44638 7.448817 7.509534 7.511899 7.444695 7.470932 7.595663 7.56405 7.260108 6.884552 6.208961 5.857419 6.156057 6.257097 6.512688 7.140179 7.453298 8.032652 9.239284 9.18104 9.691613 10.11115 10.80122 10.73247 9.465233 9.527097 9.497348 9.280931 9.46233 10.14828 11.00161 12.21136 11.80595 12.27878 12.03513 -9999 -9999 -9999 -9999 -9999 -9999 -9999 -9999 -9999 -9999 -9999 -9999 -9999 -9999 -9999 -9999 -9999 -9999 -9999 -9999
6.520968 6.609642 6.58914 6.507491 6.527097 6.565054 6.716918 6.786488 6.774875 6.863226 6.835699 6.5581 6.468136 6.646093 7.199893 7.504982 7.57552 7.617957 7.631218 7.62595 7.570466 7.342652 6.809606 6.779104 7.178638 7.329749 7.014767 6.994086 6.580143 6.658029 6.943727 7.361147 7.757061 7.780323 7.531469 8.737061 9.795985 9.886201 9.590502 9.023011 9.090215 7.398817 7.70534 8.588745 8.926666 9.504947 10.59853 11.44538 11.77011 10.70054 12.19746 12.3114 -9999 -9999 -9999 -9999 -9999 -9999 -9999 -9999 -9999 -9999 -9999 -9999 -9999 -9999 -9999 -9999 -9999 -9999 -9999 -9999
6.536488 6.634767 6.593584 6.592258 6.653047 6.780072 6.831505 6.902222 7.015305 7.176237 7.1419 6.915269 6.836129 6.344193 6.907849 7.163083 7.453047 7.367634 7.122437 7.643298 7.422832 7.201541 6.801003 6.656631 6.560645 6.416918 6.545806 7.054229 5.987742 5.906667 6.16767 6.166559 6.328745 6.703083 5.678244 6.04448 8.99577 8.811039 8.20448 8.087204 8.539355 8.334266 8.355519 8.186595 8.805017 10.39319 11.55412 11.25079 10.39849 10.45398 12.23667 -9999 -9999 -9999 -9999 -9999 -9999 -9999 -9999 -9999 -9999 -9999 -9999 -9999 -9999 -9999 -9999 -9999 -9999 -9999 -9999 -9999
6.905771 6.639175 6.698853 6.735018 6.761183 6.811398 6.806022 6.821075 7.039678 7.120358 7.123871 7.159713 7.130394 6.699462 6.693835 7.461613 7.655161 7.346953 6.851004 6.862832 7.275448 7.341398 6.635376 6.216953 5.774337 5.485878 5.831326 6.140179 6.081039 5.155126 5.048853 5.128566 5.716667 6.089857 4.603907 4.887849 7.551039 7.245663 7.071971 7.543799 8.58595 9.371076 7.751111 7.851326 9.650036 10.37054 10.06387 9.639928 9.835663 11.16943 12.42376 12.04961 -9999 -9999 -9999 -9999 -9999 -9999 -9999 -9999 -9999 -9999 -9999 -9999 -9999 -9999 -9999 -9999 -9999 -9999 -9999 -9999
6.927276 6.796129 6.786129 6.833907 6.87552 6.721326 6.510143 6.686273 7.194946 7.095735 6.936416 7.012402 7.12405 7.250932 7.403011 7.983047 7.49853 7.050036 6.492724 5.05491 5.74086 6.023334 5.796129 5.526201 5.027133 4.698817 5.169211 6.120358 6.735484 5.349463 5.526882 5.261756 4.775197 4.691971 4.940896 6.762867 7.588029 8.707778 9.069964 8.431792 8.335018 9.950144 9.195807 10.73484 10.23237 8.995412 9.031362 10.11753 10.86971 12.07946 12.42921 -9999 -9999 -9999 -9999 -9999 -9999 -9999 -9999 -9999 -9999 -9999 -9999 -9999 -9999 -9999 -9999 -9999 -9999 -9999 -9999 -9999
6.781684 6.967813 7.019068 6.96595 6.850681 6.775663 6.727814 7.316667 7.13043 7.206488 7.086129 6.647276 6.347025 6.627132 7.196523 7.823477 7.738602 7.456236 7.307384 5.915412 5.263118 5.339211 5.130179 4.821147 4.253799 4.122401 4.737527 5.613835 6.526774 5.838387 4.855806 4.779606 4.108423 4.204659 6.299319 7.073405 8.820287 9.022796 9.567491 10.14892 10.45337 11.08502 10.94125 9.383405 8.335484 8.507491 9.567491 10.84914 11.71534 12.27287 11.99882 -9999 -9999 -9999 -9999 -9999 -9999 -9999 -9999 -9999 -9999 -9999 -9999 -9999 -9999 -9999 -9999 -9999 -9999 -9999 -9999 -9999
7.009104 7.077455 7.109211 6.948531 6.866953 7.101362 7.23767 7.270645 7.118567 7.318244 7.306308 7.131326 7.258208 7.801721 7.402975 7.2881 7.024373 6.455663 6.630538 7.04276 6.817491 6.543477 6.111721 5.015627 4.291649 3.893799 3.960251 4.682007 5.692007 6.025233 4.80448 4.255591 4.016022 4.5981 6.014444 6.401541 8.08871 9.36172 10.16079 10.36082 10.00634 9.460717 9.497706 8.959427 8.285735 8.931505 9.912187 11.07738 11.90118 11.58362 11.20427 -9999 -9999 -9999 -9999 -9999 -9999 -9999 -9999 -9999 -9999 -9999 -9999 -9999 -9999 -9999 -9999 -9999 -9999 -9999 -9999 -9999
7.096953 7.2719 7.23491 7.226273 7.338351 7.429677 7.308387 7.059032 7.155197 7.34957 7.355161 7.442222 7.521685 7.420753 7.596631 7.367348 6.873083 6.201362 6.253656 6.059247 6.568459 6.484623 6.375771 5.897993 5.055018 4.835233 5.168996 5.449498 5.360394 5.628781 5.898387 5.160179 4.955269 5.297097 5.93086 6.802617 8.561362 9.302867 9.47681 9.570323 9.314946 8.402831 7.507168 8.096523 8.200968 9.222903 10.74817 11.3176 10.81846 10.22821 10.35208 10.74986 -9999 -9999 -9999 -9999 -9999 -9999 -9999 -9999 -9999 -9999 -9999 -9999 -9999 -9999 -9999 -9999 -9999 -9999 -9999 -9999
7.225555 7.32853 7.321039 7.413118 7.564157 7.54276 7.315018 7.342079 7.498996 7.564086 7.401326 7.371971 7.288315 7.037634 7.097599 7.439355 7.220753 7.000287 6.903512 6.255018 5.467312 4.539606 5.344659 4.879749 5.007527 5.215054 5.174731 5.170179 5.561541 4.787312 5.909247 6.530932 6.457348 6.17957 6.317813 6.950538 7.620932 7.792616 7.636523 8.302903 8.945233 8.433978 7.022151 7.650968 8.023978 8.872903 10.25892 10.84373 10.24437 9.382438 9.58914 10.15319 -9999 -9999 -9999 -9999 -9999 -9999 -9999 -9999 -9999 -9999 -9999 -9999 -9999 -9999 -9999 -9999 -9999 -9999 -9999 -9999
7.176057 7.332115 7.293118 7.484158 7.41466 7.142581 7.06767 7.157885 7.016022 6.368997 6.735448 7.153656 7.187276 6.949606 6.799247 6.659821 7.21362 7.151649 7.053799 6.130896 5.654659 5.479713 3.232796 4.134373 4.712509 5.452903 5.288459 4.797885 5.241899 4.502294 6.3081 6.976882 6.705269 6.708745 7.255627 7.829641 7.533835 7.094946 7.296308 8.385627 8.623477 7.590502 6.762545 7.789319 8.684014 8.671935 10.36556 11.10007 10.53688 9.890107 10.27746 11.0014 11.12609 -9999 -9999 -9999 -9999 -9999 -9999 -9999 -9999 -9999 -9999 -9999 -9999 -9999 -9999 -9999 -9999 -9999 -9999 -9999
6.909068 6.348351 6.845054 7.368423 7.243871 6.935914 6.986989 7.206165 7.204982 7.190681 7.104624 7.381649 7.309068 6.806308 6.362007 6.096953 6.39043 6.301219 6.351434 6.256452 5.959534 5.317813 3.419713 4.330824 4.666703 4.515699 3.680609 3.718315 4.544445 3.707168 4.515269 5.594911 5.509821 5.413298 5.649498 6.37172 8.230968 8.978925 8.613477 8.699068 7.449928 6.323011 6.543154 7.356524 8.615412 9.48939 10.93946 10.48262 9.710932 9.635125 10.07197 10.49577 11.06509 11.79111 -9999 -9999 -9999 -9999 -9999 -9999 -9999 -9999 -9999 -9999 -9999 -9999 -9999 -9999 -9999 -9999 -9999 -9999
6.244158 7.081004 7.062903 7.397706 6.969319 6.415914 6.382401 6.672437 6.824444 7.276846 7.39724 7.437419 7.18534 6.755305 6.492365 6.543118 6.319319 6.47233 6.657133 5.595341 5.162939 5.182652 4.891756 5.148029 5.786774 5.868136 5.849606 6.086416 6.009104 5.291398 6.174301 6.018638 5.983799 5.598925 5.216631 5.97577 7.664301 8.385125 8.771792 7.442186 6.515018 6.619821 7.324874 7.958817 8.6719 9.563477 10.46344 10.2457 10.03703 10.29935 10.84061 11.31541 11.55986 11.64667 -9999 -9999 -9999 -9999 -9999 -9999 -9999 -9999 -9999 -9999 -9999 -9999 -9999 -9999 -9999 -9999 -9999 -9999
5.128423 6.91 7.350036 7.300215 7.258101 6.957599 6.650394 6.597168 6.331254 6.858925 7.443118 7.270323 7.236523 7.036667 6.775842 6.889893 6.864839 6.958208 6.975555 5.597348 5.08638 5.125842 4.802294 4.735305 5.088387 6.167599 6.663046 6.495233 6.098387 5.975269 6.305735 5.646954 6.631828 5.194552 4.53853 5.080108 7.588065 8.476129 8.058495 7.14853 6.317025 6.571971 7.504194 8.356416 9.020681 8.951541 10.29925 9.851291 9.563369 10.04272 10.88728 11.54581 11.84774 11.91394 12.68305 -9999 -9999 -9999 -9999 -9999 -9999 -9999 -9999 -9999 -9999 -9999 -9999 -9999 -9999 -9999 -9999 -9999
5.542079 5.608889 7.129391 7.547706 7.483835 7.242867 6.880573 6.559785 6.53233 6.716774 7.396667 7.416989 7.228029 7.211756 7.298495 7.310394 7.29638 7.109606 7.030036 6.225627 5.737348 5.012151 4.425341 3.173656 3.647348 5.159821 6.175233 6.774946 7.095197 7.010394 6.41233 6.181828 6.702365 6.492545 5.930896 5.851864 7.927061 8.036738 6.628781 6.653943 6.09853 6.208889 7.079893 8.093298 8.81319 9.223083 10.42659 9.973046 9.983047 10.38315 10.8243 11.03176 11.19351 11.65964 12.57986 -9999 -9999 -9999 -9999 -9999 -9999 -9999 -9999 -9999 -9999 -9999 -9999 -9999 -9999 -9999 -9999 -9999
6.405233 5.255735 6.75448 7.607455 7.08233 6.562437 6.164982 5.868029 6.0781 6.999068 7.169462 7.189247 7.223118 7.359928 7.338065 7.130788 7.153548 7.077312 6.82595 6.376846 6.27767 5.825125 5.317276 4.842903 4.236022 5.247455 6.35 7.115089 7.373728 7.140896 6.725412 7.260215 6.736165 6.514409 6.653692 7.077778 7.608244 7.944337 8.057312 7.14767 7.102115 7.115269 6.900251 7.243047 8.412868 9.051147 9.873011 9.594874 10.21143 10.55702 10.66455 11.03082 11.59588 11.85875 11.79434 -9999 -9999 -9999 -9999 -9999 -9999 -9999 -9999 -9999 -9999 -9999 -9999 -9999 -9999 -9999 -9999 -9999
7.280287 6.76638 6.68043 7.681398 7.265699 7.022652 6.849928 6.364301 6.016416 6.773979 7.110645 7.158423 6.977097 7.024014 6.989749 6.712724 6.52552 6.433548 7.075807 6.068065 6.257061 6.412365 6.451398 6.48509 6.275018 6.251255 6.417061 6.931183 7.073548 7.003942 7.254875 7.610322 6.957025 7.179821 7.353871 7.817993 5.68276 5.168638 6.295269 7.113907 7.253226 6.196559 5.636738 5.967598 7.023512 8.45 8.839175 9.691792 10.32882 10.43527 10.20258 10.33075 11.12523 11.5881 11.58022 11.78656 -9999 -9999 -9999 -9999 -9999 -9999 -9999 -9999 -9999 -9999 -9999 -9999 -9999 -9999 -9999 -9999
7.311183 7.222617 7.393369 7.793405 7.029176 6.375663 6.261398 6.10233 5.795842 6.414229 6.905699 6.704624 6.704516 6.844624 6.612832 6.021864 5.795627 6.321864 6.733835 6.764265 6.929498 6.946882 6.905341 6.834803 6.409462 5.98552 6.469068 6.924445 7.041864 7.031971 7.245054 7.537455 7.025269 7.438423 7.471075 7.544014 4.55 4.926702 5.448709 6.253226 6.126739 5.288889 5.679606 6.132079 6.891075 9.230609 9.80362 8.977347 10.01351 10.27366 10.40728 10.57548 10.87301 11.43928 11.94896 12.24996 -9999 -9999 -9999 -9999 -9999 -9999 -9999 -9999 -9999 -9999 -9999 -9999 -9999 -9999 -9999 -9999
7.128387 7.159606 7.461075 7.588208 7.250681 6.666451 5.811039 5.463871 5.970143 6.802007 6.679857 6.767778 6.678602 6.466129 6.45828 6.480824 6.397169 6.723333 7.617921 7.35043 7.038315 7.054409 7.326272 7.328279 7.017204 6.237491 6.945269 7.138745 7.359498 7.390932 7.409319 7.703979 7.291864 7.424337 7.574373 7.283118 6.039534 6.157204 6.543297 6.588996 6.681398 6.43828 7.149677 8.219499 9.392616 10.39939 10.59194 10.65079 10.66308 10.94559 10.66366 10.50591 10.77097 11.30351 12.47068 13.00781 -9999 -9999 -9999 -9999 -9999 -9999 -9999 -9999 -9999 -9999 -9999 -9999 -9999 -9999 -9999 -9999
