features/re_bio11.asc
ncols         768
nrows         589
xllcorner     124.299398925
yllcorner     32.893460211367
cellsize      0.010567299164062
NODATA_value  -9999
[rows 352 to 383 of 589, columns 360 to 431 of 768]
4.76394 4.538403 4.643548 4.577074 4.517051 4.515131 4.434716 4.306413 3.990899 3.040515 3.381721 3.488633 3.737097 3.766206 4.189708 4.61659 4.646198 4.628303 4.815668 4.886559 4.594777 4.605875 4.750998 4.816283 4.716283 4.622005 4.663057 4.294432 4.17427 4.733218 5.047773 4.982143 4.920315 4.946198 5.001344 5.225922 -9999 5.287135 5.277688 5.263479 5.23149 5.172657 5.094048 5.070776 5.134408 5.41755 -9999 5.222926 5.260253 5.00288 4.216936 3.88606 5.470008 5.793971 5.639555 5.393126 5.248733 5.228571 5.200538 5.249232 5.114631 4.914093 5.650883 5.547773 5.542051 5.596467 5.520929 5.346928 5.242051 5.35722 5.429186 -9999
4.786252 4.674078 4.760484 4.59712 4.569547 4.578264 4.444969 4.298541 4.104877 3.48172 3.084793 3.931605 4.510138 4.529954 4.155223 4.091743 4.334716 4.481144 4.528648 4.570545 4.819009 4.746813 4.835253 4.895161 4.865822 4.897197 4.779762 4.852074 4.617589 4.8053 5.210176 5.220814 5.198733 5.28894 -9999 5.275691 5.266859 5.266014 5.224232 5.328994 5.366935 5.341283 -9999 -9999 -9999 -9999 5.514209 5.419816 5.392473 5.330069 5.266244 5.374846 -9999 -9999 -9999 5.579647 -9999 5.311982 5.385484 5.56924 5.542511 5.666359 5.820661 5.646928 4.850499 5.224194 5.616398 -9999 5.440707 -9999 5.62308 5.775346
4.608679 4.668702 4.581106 4.591628 4.601767 4.633871 4.462135 4.323349 4.29735 3.890054 3.250038 3.379915 4.160023 4.603226 4.270161 4.173617 4.449769 4.655261 4.796083 4.63725 4.524271 4.858756 4.948503 4.822849 4.646582 4.675345 5.044201 4.743855 5.237289 5.357565 5.247542 5.14182 4.880837 4.587289 4.649578 5.107565 5.273656 5.26828 5.183295 5.29808 5.419201 5.439862 5.413249 5.413134 5.524002 5.445737 5.458141 5.445008 5.470046 5.489247 5.517396 5.613787 5.765438 5.675345 5.840131 5.865438 5.744317 5.708141 -9999 5.887135 5.879148 5.732373 5.710062 5.514209 5.466014 5.602419 -9999 5.573195 5.582603 5.558871 5.695622 5.579032
4.693164 4.732911 4.785177 4.683986 4.550921 4.300192 4.146505 3.931836 3.868126 4.108333 3.633256 2.596928 3.822312 4.412289 4.63318 4.666475 4.732949 4.831759 4.807527 4.780568 5.021275 5.027957 4.951843 4.888595 4.718664 4.632258 4.818548 4.712097 4.698503 5.034178 -9999 5.053264 5.033833 5.062097 5.089055 5.205875 5.317089 5.293587 5.337135 5.307988 5.2548 5.329723 5.392972 5.315438 5.43821 5.350153 5.284869 5.304915 5.477573 5.356221 5.453341 5.791359 5.848733 5.877611 5.896467 5.862327 5.781067 5.752189 5.830108 -9999 5.896812 5.720545 5.690131 5.510753 5.591782 5.607296 5.530453 5.518164 5.528917 5.45672 5.60745 5.583103
4.800461 4.722773 4.712135 4.523233 4.605223 4.465246 4.452957 4.292704 4.197005 4.538172 4.409409 3.350269 4.275768 4.455492 4.854416 4.980799 5.023041 5.013863 4.882949 5.022465 5.115899 5.151958 5.071774 4.993126 4.852919 4.745507 4.874616 5.075691 4.927381 5.032988 4.867473 5.077957 5.171044 5.102919 5.019969 5.011828 5.210983 5.20169 5.385561 5.300231 5.23245 5.275768 5.239171 5.065476 5.15192 4.920353 5.311482 5.362289 5.411098 5.386636 5.550691 5.811636 5.774155 5.798502 5.95576 5.895622 5.808141 5.734524 5.783564 5.934754 5.945853 5.658948 5.744048 5.78583 -9999 5.559793 5.420545 5.367089 5.404915 5.36924 5.260906 5.492896
4.946851 4.863556 4.892819 4.773233 4.781951 4.698886 4.5798 4.741628 5.005837 5.017896 4.772542 4.683871 4.581605 4.646774 5.044508 5.023272 5.031029 5.209562 5.305876 5.269355 5.371045 5.126421 5.093971 5.111981 5.137058 5.082027 4.920814 4.886674 4.863172 4.806029 4.971544 4.967473 4.931912 5.038095 5.196582 5.271621 5.252765 5.160637 5.500922 5.28126 5.266705 5.318241 5.33245 5.320276 5.225307 5.062788 5.459524 5.516667 5.717358 5.703763 5.685983 5.547811 5.473234 5.785254 5.893472 5.956836 5.911252 5.791321 5.759447 5.804685 5.887519 5.996813 5.847504 5.812788 5.56947 5.540707 5.575077 5.429724 5.245123 5.141551 5.011367 4.913172
4.933602 4.840054 4.753187 4.798656 4.634217 4.440668 4.533986 4.438518 4.44735 4.823617 5.113479 4.917435 5.110868 5.278648 5.273157 5.129608 5.106337 5.292511 5.473425 5.403379 5.243241 5.145046 5.054608 5.000538 4.961982 5.043472 5.05626 4.829416 4.832988 4.677496 4.693241 4.816743 4.838441 4.912673 5.113633 5.26851 5.157297 5.083065 5.468855 5.257987 5.31563 5.337711 5.298541 5.226959 4.935369 4.559524 5.549846 5.520737 5.654493 5.587059 5.471659 5.521889 5.70338 5.878533 5.886905 5.860522 5.888095 5.752765 5.6851 5.695968 5.826997 5.983333 5.891782 5.989401 5.952189 5.713402 5.573541 5.525806 5.381528 5.160407 5.000499 5.010407
4.918087 4.813671 4.632066 4.756528 4.787558 4.762865 4.821813 4.754877 4.769201 4.855722 4.814785 4.654647 4.435791 4.476613 4.963978 5.300499 5.40576 5.465899 5.526421 5.538479 5.271313 5.175499 5.107834 4.987174 4.907681 4.981413 5.033103 4.878226 4.695046 4.546582 4.498118 4.542012 4.550461 4.759639 4.973733 5.048925 5.058833 5.165514 5.470852 5.278495 5.268472 5.312749 5.32957 5.308679 5.312251 5.405453 5.366321 5.160983 5.693126 5.518663 5.430953 5.528917 5.66947 5.780568 5.882719 5.744662 5.796083 5.789055 5.790976 5.702304 5.78702 6.015899 5.875691 5.944662 6.013518 5.760637 5.788326 5.782604 5.534985 5.23725 5.132488 5.062442
4.900192 4.831106 4.747811 4.77765 4.897581 4.806183 4.976114 4.79831 4.677074 4.627074 4.512404 4.601191 4.354762 4.81586 5.173272 5.209677 5.046505 5.161329 5.426651 5.506375 5.422504 5.350192 5.005799 4.831913 4.86033 4.944931 4.972849 4.841936 4.516859 4.384984 4.399309 4.429608 4.410945 4.616935 4.774808 4.896505 5.15722 5.385407 5.387673 5.26106 5.318587 5.343164 5.327419 5.222158 4.990054 4.812519 4.895084 5.058448 5.720929 5.677611 5.646582 5.726997 5.793817 5.817204 5.845123 5.759217 5.746928 5.757297 5.883794 5.878072 5.892281 6.001114 5.936905 5.885369 5.945276 5.860292 6.005031 5.993932 5.722081 5.36732 5.131528 5.031874
4.908909 4.865937 4.805568 4.86106 4.8798 4.910714 4.970276 4.697965 4.830184 4.920507 4.525038 4.29808 4.51371 3.410561 4.771352 4.816936 4.787827 5.149539 5.489286 5.479647 5.371428 5.442166 5.11033 4.980146 4.864862 4.756721 4.78583 4.766744 4.48679 4.40576 4.35265 4.424962 4.497504 4.665015 4.695776 4.782028 5.064132 5.363671 5.5798 5.324079 5.333141 5.42765 5.452458 5.338479 4.795776 4.112634 4.940399 5.859217 6.045584 5.724846 5.814939 5.929263 5.857066 5.763978 5.802189 5.824846 5.805876 5.658257 5.786636 5.844624 5.897619 5.93533 5.892128 5.925921 5.89278 6.061713 6.055491 6.050384 5.958257 5.747389 5.536636 5.435791
5.034908 5.051383 4.904493 5.01321 5.06083 4.942588 4.959178 4.871813 4.960369 4.968241 4.821352 4.730185 4.148195 2.977688 3.978418 4.916014 4.928648 4.872581 5.148233 5.393126 5.232181 5.423925 5.393011 5.011291 4.860445 4.642742 4.582911 4.660714 4.554685 4.496928 4.506106 4.488326 4.564094 4.617512 4.565207 4.560292 4.876306 5.350922 5.523003 5.434216 5.563787 5.669393 5.587289 5.420699 5.309485 5.120584 4.722849 5.451959 5.762443 5.721505 5.866475 5.698464 5.342512 5.144931 5.328802 5.91874 5.818164 5.581989 5.611329 5.622081 5.79712 5.957258 5.888902 5.858026 5.943126 6.089632 6.130914 6.111214 6.043894 6.001421 5.932565 5.733756
5.099001 5.183487 4.883372 5.044355 4.952112 4.800576 4.8803 4.890323 4.655952 4.620046 4.84881 4.854531 4.390092 4.160407 4.204455 4.596928 4.697888 4.826997 5.201344 5.486905 5.164977 5.266628 5.37212 5.085369 4.947658 4.727227 4.599654 4.689631 4.784869 4.778072 4.712788 4.665054 4.654301 4.585752 4.555069 4.584908 4.687289 4.926651 5.312596 5.577765 5.903763 5.856605 5.565207 5.387289 5.235983 4.995545 4.935983 5.07162 5.098963 5.446313 5.673157 5.637058 5.60914 5.750115 5.959639 6.007258 5.738556 5.769009 5.82043 5.920891 6.006912 5.829301 5.650999 5.946275 6.192012 6.127189 5.864132 6.04662 5.85722 5.917857 6.045814 5.936982
4.827611 4.968433 4.915822 4.981221 4.889593 4.935177 4.796044 4.722312 4.612865 4.447849 4.597965 5.031989 5.15288 4.528533 4.90073 4.85192 5.080453 5.309102 5.304685 5.156721 5.43871 5.383564 5.368894 5.120084 4.896429 5.01851 5.107527 5.077573 5.012788 4.944892 5.020545 4.697389 4.601498 4.598425 4.604954 4.782258 4.985369 5.105185 5.550422 5.77212 6.037135 5.966859 5.646352 5.561597 5.455376 5.341667 5.536406 5.629109 4.93053 5.515131 5.603571 5.842934 6.022388 6.046736 6.019893 5.845814 5.449155 5.658103 5.745238 5.886867 5.709024 5.734217 6.009562 6.08414 6.161559 6.161559 5.983333 5.798234 6.031759 6.196697 5.994431 5.819623
4.916398 4.998502 5.006259 4.912711 4.817857 4.845661 4.720507 4.898195 4.981605 4.461329 4.31851 4.838441 5.0697 5.22043 5.221505 5.217435 5.329378 5.367089 4.897043 4.346697 5.151229 5.315553 5.223886 5.247043 4.994163 4.824117 5.003341 5.153226 5.101805 5.120776 5.174117 4.722312 4.688748 4.629916 4.836367 4.832027 4.838441 4.838172 5.037251 5.950499 5.898233 5.845123 5.743472 5.608141 5.638057 5.752227 5.756413 5.660599 -9999 6.083372 6.144931 6.063671 6.034678 5.952573 5.844355 5.64543 5.768395 5.58917 5.686597 5.765822 5.893395 5.969316 6.057143 6.189862 6.232796 6.188403 6.118894 6.006106 6.257565 6.467127 6.412365 6.192435
4.650883 4.665207 5.034063 5.02308 4.971313 4.873233 4.809524 4.894125 5.009639 4.576114 4.017204 4.293702 5.149654 5.151575 5.190591 5.22258 5.399539 5.377343 4.834985 4.215399 4.89785 5.265054 5.081874 5.167435 5.20073 5.143817 5.213978 5.175077 5.104301 5.23245 5.345584 5.333871 4.978648 5.067512 5.192319 5.14566 4.921121 4.88775 5.682604 6.012327 5.806452 5.663633 5.65119 5.61659 5.683526 5.900806 6.047926 5.968817 -9999 -9999 6.37573 6.27596 6.210445 6.10626 6.029647 5.879531 5.978341 5.861482 5.784985 5.694047 5.854723 6.020277 6.150346 6.278264 6.321813 6.282066 6.149078 6.005607 6.247849 6.349539 6.517243 6.491974
5.077611 4.953034 4.995392 5.158525 5.210445 5.149232 5.180146 5.016782 4.637058 4.752112 4.384716 4.240822 5.06636 5.228648 4.996198 5.028072 5.275077 5.292857 4.750845 4.253648 4.633065 5.138556 5.23606 4.932565 4.937596 5.262788 5.329839 5.253456 5.213594 5.294969 5.434946 5.391897 5.063594 4.900423 4.974155 5.226075 5.078648 5.216206 5.578187 5.788556 4.876575 5.748118 6.038556 6.193088 6.161789 6.223349 6.338018 6.19351 5.957603 6.185753 -9999 -9999 6.411982 6.328571 6.270929 6.120929 6.166743 6.10649 6.179263 5.939132 5.942512 6.084101 6.204647 6.31778 6.388287 6.309985 6.181643 6.511943 6.603149 6.648618 6.743971 6.513441
4.82381 5.042895 5.014017 5.128341 5.25434 5.029416 4.933372 5.233026 5.055453 4.934332 4.548886 4.373003 4.849654 5.31636 5.376152 5.327458 5.266129 5.228533 4.900461 4.57596 4.279186 4.913364 5.406452 4.974808 4.886981 5.164555 5.225039 5.210714 5.249961 5.345661 5.454032 5.403341 5.333756 5.036943 4.764324 4.696275 4.675614 4.931874 5.866398 5.713978 5.341167 4.774347 5.307642 5.79904 6.191014 6.467127 6.538479 6.367703 -9999 6.036789 -9999 6.499424 6.427957 6.377266 6.399693 6.30265 6.348234 6.272811 6.177918 5.896006 6.028149 6.235829 6.33967 6.357373 6.36513 6.315937 6.214247 6.561866 6.639555 6.772504 6.863671 6.671659
4.983948 5.098733 5.185369 5.197658 5.077381 4.996236 4.813326 4.644125 5.172158 5.220968 5.249846 5.238633 5.074693 5.088671 5.343203 5.453111 5.156106 5.112404 4.840668 4.723234 4.544125 4.785791 5.144278 5.043894 4.891859 4.99566 4.864977 4.743472 4.883103 5.113556 5.219048 5.408909 5.483986 5.152342 4.552381 4.235983 4.115476 4.615169 5.393126 5.033986 4.442895 4.280645 4.497235 5.595315 6.320354 -9999 6.706951 -9999 -9999 -9999 6.161713 6.523041 6.423272 6.440937 6.464094 6.396313 6.403955 6.341897 6.327227 5.952458 6.055953 5.994124 6.135061 6.261828 6.226651 6.24278 6.324424 6.523464 6.740515 6.804724 6.864977 6.72692
5.059716 5.181912 5.20672 5.18871 5.13775 5.066052 4.833833 4.442435 3.893779 4.012174 4.532335 5.14854 5.503072 5.304762 4.917665 5.223272 4.932105 4.811674 4.857988 4.84735 4.724923 4.809869 4.793625 4.586905 4.408717 4.715208 4.659216 4.363441 4.305799 4.535446 4.841244 5.117857 5.449616 5.117127 4.946813 4.900384 4.487212 3.887558 4.940745 5.726498 4.8952 3.425461 3.920469 5.339939 6.266168 -9999 -9999 -9999 -9999 -9999 6.189401 6.589862 6.596313 6.547504 6.502995 6.454186 6.434255 6.382104 6.358487 6.049846 5.720584 5.433794 5.505031 5.767819 5.972273 6.136636 6.446928 6.740515 6.860676 6.801152 6.834677 6.887058
4.94063 4.988479 5.215438 5.122235 4.947312 4.864631 4.813671 4.611405 4.0101 3.915131 4.089017 4.433295 4.904762 5.218472 5.014286 4.773502 4.79904 4.935561 4.951421 5.022773 4.901037 4.833487 4.722619 4.75937 4.566859 4.41874 4.268241 4.22884 4.163786 3.832181 3.906682 4.968779 5.550192 4.761482 5.316782 5.210176 4.623618 3.948195 4.884524 5.641897 5.336636 4.013786 4.64447 5.801383 -9999 -9999 -9999 -9999 6.775653 6.604647 6.711367 6.686137 6.508372 6.515054 6.496275 6.487826 6.489862 6.475422 6.500115 6.336597 5.91033 5.765207 5.551344 5.841206 6.234063 6.315707 6.547005 7.038326 7.119009 7.22331 7.082027 7.020315
5.258756 5.04086 5.1399 5.089785 5.071889 4.936098 4.703302 4.791705 4.050077 3.186905 3.333948 4.254493 5.055223 5.388748 5.455568 5.31179 5.000115 5.29831 5.374078 5.530184 5.137327 4.938018 4.913556 4.9798 4.823349 4.591206 4.407143 4.477227 3.840169 3.58268 3.91732 4.329493 4.908257 3.979685 4.622273 5.047888 3.882066 3.564977 4.937519 4.836674 5.159216 5.16467 -9999 -9999 -9999 -9999 -9999 -9999 6.898656 6.781336 6.69159 6.636789 6.604186 6.458333 6.384716 6.418664 6.377304 6.493433 6.567281 6.577304 6.437442 6.079916 6.151498 6.300653 6.486828 6.641744 6.745929 7.015514 6.926267 7.187135 7.118664 7.199923
5.353994 5.29086 5.198503 5.209716 5.297657 5.207105 4.972849 4.835023 4.129416 4.257949 4.354378 4.613211 5.098541 5.307719 5.16106 5.452957 5.463095 5.139094 5.071429 5.042435 5.044355 5.02669 4.973234 4.701383 4.646122 4.581797 4.33679 4.341321 4.114939 3.407834 3.211751 3.9851 4.633333 3.813978 4.04447 5.368165 4.541897 4.114478 4.338902 4.251306 5.096313 5.472773 6.185637 -9999 -9999 -9999 -9999 -9999 6.914171 6.793011 6.688902 6.611559 6.604147 6.459486 6.072082 6.019585 6.226767 6.368433 6.330607 6.390169 6.098272 5.564132 5.822849 5.978341 6.111405 6.468472 6.865515 7.021122 7.053341 7.228302 7.142051 7.051959
5.226075 5.352189 5.243126 5.191474 5.353149 5.381567 5.112711 4.896122 4.343625 4.397696 4.505683 4.327535 4.727765 5.208794 5.063787 5.37596 5.600192 5.231567 5.180722 5.016052 4.986598 5.048656 5.123118 4.978725 4.943049 4.610829 5.055914 3.885253 3.160407 3.512903 3.267435 2.841052 3.77139 3.218894 3.648387 4.924616 5.430223 4.769086 4.358564 4.774078 5.422196 5.685061 6.051383 6.398848 -9999 -9999 -9999 -9999 -9999 6.768049 6.672926 6.526075 6.521467 6.520853 6.477074 6.369777 6.341974 6.290323 6.035676 6.18894 5.881298 4.632834 4.879262 4.910637 5.347773 6.005683 6.286367 6.48172 7.034025 7.113748 7.108756 6.533794
5.673925 5.588594 5.130607 5.255184 5.372005 5.359486 5.370353 5.069739 4.501114 4.267588 4.888364 4.916398 4.836559 4.859601 5.020699 5.335983 5.169508 5.030952 5.066859 4.969393 4.871774 5.074539 5.24639 4.84255 4.325115 4.815476 5.481337 5.101382 4.722849 4.465092 3.781183 3.440476 4.30672 5.252189 5.616359 5.115745 5.369816 5.688787 5.203802 5.64831 5.799846 5.719163 6.165323 6.63487 6.448925 6.51202 -9999 -9999 -9999 -9999 -9999 -9999 -9999 -9999 -9999 -9999 -9999 6.66828 6.631413 6.513633 6.092512 5.776267 6.236098 6.403648 6.461175 6.489708 6.504262 6.643625 6.873349 6.9149 7.161559 7.137942
5.514862 5.379416 5.40553 5.385484 5.261981 5.140514 5.027035 4.978571 4.516974 4.726651 4.882987 4.751344 4.625691 4.602535 4.757565 5.083948 5.183218 4.846198 4.754916 4.492396 3.87212 4.288479 4.943395 4.734908 4.703994 4.518087 5.640284 5.078341 4.372849 3.076805 2.461636 3.334293 4.681183 5.07139 5.146313 5.838556 5.28414 5.804877 5.913825 5.974923 5.760714 5.702458 6.037519 -9999 -9999 -9999 -9999 -9999 -9999 -9999 -9999 -9999 -9999 -9999 -9999 -9999 -9999 -9999 6.661598 6.424846 5.958372 6.220507 6.219509 6.44136 6.628725 6.647235 6.587673 6.565476 6.639324 6.895353 6.616321 6.751651
5.912941 5.67285 5.432527 5.467473 5.153264 5.008986 5.33871 5.311751 5.061021 4.828917 4.765553 4.775806 4.745968 4.68821 4.621736 4.65265 4.864708 4.689631 4.576037 4.314094 3.600154 3.885484 4.00553 3.677727 3.610906 4.864401 5.486098 5.265207 4.494086 3.982143 3.848694 4.104301 4.6851 5.202765 5.614439 5.24904 5.837327 5.941513 5.008679 5.103764 5.411866 6.131183 6.196083 6.417166 -9999 -9999 -9999 -9999 -9999 -9999 -9999 -9999 -9999 -9999 -9999 -9999 -9999 -9999 6.654416 6.41659 6.18295 6.463287 6.418894 6.538134 6.705453 6.786252 6.738402 6.764055 6.842703 6.497811 6.313671 6.536098
5.897081 5.727266 5.668318 5.64109 5.566283 5.532028 5.37308 5.212366 5.384063 4.925691 4.852189 4.83798 4.770776 4.70169 4.727343 4.746428 4.581029 4.382104 3.908948 3.973272 4.182719 3.946313 3.664094 3.521275 3.537634 4.134908 4.747542 5.036098 5.207335 4.812327 5.162788 5.412673 5.40073 5.78437 5.71467 5.631835 5.769662 5.888978 5.656375 -9999 -9999 -9999 -9999 6.352726 -9999 -9999 -9999 -9999 -9999 -9999 -9999 -9999 -9999 -9999 -9999 -9999 -9999 -9999 6.645699 6.545468 6.504071 6.595276 6.583717 6.511291 6.619163 -9999 -9999 6.841743 6.8452 6.720469 6.999578 7.214862
5.867742 5.829186 5.86033 5.881068 5.54374 4.839939 4.626459 5.365438 5.393971 5.599078 4.920545 5.033449 5.11947 5.076152 4.917204 4.505722 4.04616 4.078879 3.219432 3.625538 3.892166 4.144662 4.181183 4.100269 4.084639 3.956836 4.240016 3.681452 5.053149 5.800269 6.097043 6.149654 6.118855 -9999 -9999 -9999 -9999 -9999 -9999 -9999 -9999 -9999 -9999 6.336713 6.260407 -9999 -9999 -9999 -9999 -9999 -9999 -9999 -9999 -9999 -9999 -9999 -9999 -9999 -9999 6.651075 6.609562 6.651114 6.629647 6.589785 -9999 -9999 -9999 6.802342 6.899002 6.951498 7.054224 7.362826
5.905453 5.740054 5.380645 5.367627 5.469278 5.110561 4.794701 5.248618 4.94278 5.641436 5.239055 5.092512 4.80384 4.645238 4.653341 4.756567 4.781145 4.433871 4.021122 4.185561 4.312097 5.27331 5.602304 5.393356 4.583679 3.351574 3.97212 4.85768 5.343357 5.893472 6.137366 6.190937 6.122542 -9999 -9999 -9999 -9999 -9999 -9999 -9999 -9999 -9999 -9999 -9999 -9999 -9999 -9999 -9999 -9999 -9999 -9999 -9999 -9999 -9999 -9999 -9999 -9999 -9999 -9999 -9999 -9999 -9999 -9999 -9999 -9999 -9999 -9999 6.937903 -9999 -9999 -9999 -9999
5.908333 5.739478 5.227074 5.168472 4.960599 4.973848 5.085407 4.97765 5.318664 5.668894 4.689516 4.096428 4.244278 3.877189 3.64639 3.553187 3.680991 4.461214 3.639363 3.673848 4.853648 5.692166 6.056836 5.621621 4.692627 4.079608 5.165783 5.751805 5.006221 5.262558 5.943088 6.027919 5.66371 -9999 -9999 -9999 -9999 -9999 -9999 -9999 -9999 -9999 -9999 -9999 -9999 -9999 -9999 -9999 -9999 -9999 -9999 -9999 -9999 -9999 -9999 -9999 -9999 -9999 -9999 -9999 -9999 -9999 -9999 -9999 -9999 -9999 -9999 -9999 -9999 -9999 -9999 -9999
5.905722 5.694009 5.287442 5.024808 4.789362 4.458103 4.352496 4.549501 4.776575 5.348502 5.051575 4.708717 4.427688 3.607258 2.982181 2.54447 2.379339 3.310177 5.057911 4.328571 4.83967 5.262826 5.684639 5.802419 5.567435 5.272926 5.510292 5.476382 5.015399 5.534601 5.742934 5.622389 -9999 -9999 -9999 -9999 -9999 -9999 -9999 -9999 -9999 -9999 -9999 -9999 -9999 -9999 -9999 -9999 -9999 -9999 -9999 -9999 -9999 -9999 -9999 -9999 -9999 -9999 -9999 -9999 -9999 -9999 -9999 -9999 -9999 -9999 -9999 -9999 -9999 -9999 -9999 -9999
5.911828 5.913479 5.540783 5.078264 4.920622 4.321813 3.910254 4.444509 5.062481 4.695315 5.335484 4.958257 3.719201 3.099731 3.410945 3.355338 2.596889 2.399078 3.72523 4.853034 5.68798 5.757066 5.629378 5.21659 5.442128 6.133065 5.788786 6.192012 6.223848 6.052727 -9999 -9999 -9999 -9999 -9999 -9999 -9999 -9999 -9999 -9999 -9999 -9999 -9999 -9999 -9999 -9999 -9999 -9999 -9999 -9999 -9999 -9999 -9999 -9999 -9999 -9999 -9999 -9999 -9999 -9999 -9999 -9999 -9999 -9999 -9999 -9999 -9999 -9999 -9999 -9999 -9999 -9999
