features/re_bio2.asc
ncols         768
nrows         589
xllcorner     124.299398925
yllcorner     32.893460211367
cellsize      0.010567299164062
NODATA_value  -9999
[rows 128 to 159 of 589, columns 288 to 359 of 768]
13.2111 12.86194 12.27861 11.74983 12.04694 12.04249 12.10352 12.20618 12.04201 11.99292 12.01701 12.08868 12.17243 12.3374 12.54295 12.52031 12.0322 12.05409 12.06397 -9999 12.08398 12.20567 11.90464 12.11441 12.22924 12.09285 11.95518 12.02932 12.21749 12.35755 12.48689 12.30488 12.19451 12.12589 11.99256 11.93072 12.18338 12.21398 12.24642 12.19577 12.16028 12.32733 12.18882 12.12216 12.13282 12.11945 12.1428 12.34397 12.83275 12.77062 12.60219 12.3734 12.32558 12.45713 12.60869 12.63367 12.51526 12.25468 12.28918 12.23597 12.11041 12.20275 12.45988 12.63273 12.80916 12.83403 12.73034 12.65429 12.76015 12.65777 12.64311 12.53423
13.50724 13.11356 12.34704 11.83871 12.418 12.38022 12.19573 12.06751 12.02311 11.87129 12.03008 12.42537 12.64172 12.81825 12.92349 12.59651 12.13633 11.80276 -9999 11.9514 12.1688 12.29882 11.87319 12.23963 12.18447 11.90177 11.81835 11.97259 11.95077 11.8309 12.16902 12.06283 11.90315 11.93871 12.0623 11.9676 12.16955 12.15594 12.13986 12.22404 12.32737 12.56787 12.07044 12.13962 12.13592 12.26864 12.38732 12.35695 12.32043 12.44212 12.34966 12.53528 12.35075 12.26349 12.4902 12.43571 12.42707 12.17101 12.08821 12.08615 12.14545 12.29509 12.30104 12.09009 12.40768 12.58114 12.51506 12.41146 12.42686 12.51527 12.61522 12.53687
12.96953 12.54984 12.13248 12.3387 12.88814 12.67806 12.29173 11.94078 11.70595 11.79646 12.13096 12.66051 12.81371 12.84206 12.785 12.39113 12.13545 -9999 11.85746 12.07281 12.30932 12.35746 11.79441 12.172 12.1399 11.91939 11.86081 12.03299 12.16676 12.20718 12.3218 12.1323 12.02158 12.01427 12.01591 11.98448 12.06241 12.23195 12.2214 12.21189 12.24737 12.26604 12.63579 12.11909 12.04872 12.07065 12.09096 12.1052 12.18006 12.90855 12.65162 12.38225 12.232 12.25736 12.34321 12.25154 12.16675 12.05386 12.07352 12.15937 12.24822 12.37572 12.57806 12.14671 12.29037 12.42848 12.40144 12.34065 12.36752 12.39297 12.43394 12.43286
12.14537 12.47519 12.37008 12.76047 12.17669 11.91426 11.72323 11.5787 11.60229 11.96846 12.82907 12.5764 12.3383 12.4282 12.51631 12.20453 -9999 11.72677 11.85586 12.07896 12.07272 -9999 -9999 11.921 11.93184 12.05398 12.09603 12.1179 12.26988 12.24703 12.1933 12.21589 12.10766 11.98525 11.92883 11.9786 12.21809 12.13865 12.04265 12.11715 12.19988 12.19136 12.1798 11.91347 12.06376 12.13527 12.17791 12.17437 12.16501 12.74543 12.20197 11.98399 12.17633 12.34274 12.32056 12.24224 12.21203 12.03928 12.07871 12.18571 12.37485 12.55124 12.50365 12.46718 12.29817 12.38987 12.46338 12.45557 12.51671 12.48663 12.34346 12.24229
11.92993 12.61916 12.63982 13.02594 12.22519 12.00454 11.62918 11.4636 11.69916 11.78841 12.40579 12.24655 12.14833 12.22604 12.26182 12.08753 12.01362 11.58822 11.6488 11.79469 11.83544 11.9012 11.91636 11.88969 11.85365 12.07933 12.24524 12.23161 12.15837 12.06937 11.98112 12.14626 11.98364 11.89285 11.93032 11.93506 12.15764 12.00397 12.06041 12.02512 12.09552 12.24082 12.31164 12.18945 12.12865 12.02682 12.14839 12.27246 12.11696 12.16705 11.97463 11.99891 12.1419 12.30477 12.40198 12.33992 11.92032 12.06138 12.22083 12.24935 12.23177 12.37076 12.45335 12.88099 12.92357 12.75769 12.39909 12.29605 12.65577 12.52319 12.39636 12.31427
11.50245 11.96286 12.27429 11.98886 11.96014 -9999 11.50397 11.82782 12.32698 12.28716 12.0279 11.91403 12.03168 -9999 -9999 -9999 11.89949 -9999 11.72466 11.93635 12.00862 12.32989 11.92059 12.05001 11.81624 12.00206 12.15043 12.02352 11.80502 11.82961 11.78534 11.86306 11.86592 11.91097 11.95224 11.9756 12.17553 12.02459 11.9867 12.01987 12.03119 12.20216 12.19119 12.1025 11.98945 12.01824 11.98601 11.90653 11.89781 11.89592 11.83602 12.00145 12.12956 12.15602 12.09657 12.01315 11.98128 12.33513 12.43637 12.33936 12.24686 12.39131 12.64416 13.31539 13.41798 13.08654 12.57531 12.41838 12.72323 12.78052 12.45136 12.34519
10.84678 11.37714 11.92605 11.78089 11.51332 11.47091 11.85227 12.51177 12.9822 12.92797 11.97454 11.85062 12.08301 12.12542 11.98909 11.92368 11.96477 -9999 11.87349 11.942 12.05492 12.19817 11.82668 11.94543 11.82095 11.83765 11.9959 12.03141 11.91666 12.06637 12.03669 12.05834 12.06447 12.02517 11.9733 11.97729 12.1039 11.91126 11.83334 11.88808 12.03789 12.19127 12.14105 11.90932 12.01925 11.96867 11.99083 11.9389 11.75064 11.79829 11.84209 11.89607 11.91121 11.86233 11.80421 11.83186 11.9778 12.37031 12.50757 12.57136 12.58529 12.7237 13.10372 13.32042 12.99811 12.89977 12.8195 12.74603 12.73698 12.72885 12.29289 12.27247
10.8709 11.08103 11.30154 11.31548 11.33346 11.39972 11.76656 12.32908 12.64901 12.16039 11.98798 12.3234 12.36515 12.18554 12.03848 12.11388 12.32881 12.02473 11.99403 12.13723 12.29388 12.17262 11.74142 11.7997 11.82732 11.90234 12.09755 12.21986 12.20699 12.29608 12.35863 12.31644 12.25046 12.2326 12.17399 12.07611 12.06796 12.06564 11.9702 11.66003 11.99811 12.12597 12.14752 11.98896 11.99253 11.87147 11.95239 11.99963 11.88519 11.817 11.79099 11.84894 11.79968 11.76048 11.79016 11.8629 11.9379 11.88494 11.95494 12.06009 12.10787 12.13684 12.27474 12.29622 11.95147 12.10835 11.92397 11.72336 11.84775 12.08638 12.16329 12.22143
10.80544 11.15392 11.38925 11.59767 11.38129 11.59334 12.11354 12.36161 12.3948 13.0155 12.79256 12.47005 12.23955 12.02745 11.85761 11.75108 11.73738 11.84905 11.74891 11.95697 12.38747 12.30708 11.82064 11.95132 11.99171 12.17486 12.22461 12.26054 12.36492 12.42691 12.40665 12.38576 12.44343 12.32131 12.20154 12.19769 12.17977 12.22305 12.101 11.73979 11.89658 12.05569 12.08569 12.01425 12.01786 11.92906 11.98402 12.05422 11.97711 11.81624 11.80147 11.69544 11.75042 11.72219 11.79344 11.94539 11.94555 11.91156 11.86959 11.89463 11.91748 11.97909 12.17441 12.16928 12.1535 12.20256 12.11507 12.08568 12.14207 12.14816 12.26828 12.14847
10.85552 11.21697 11.54778 11.34572 11.40829 11.58976 12.15516 12.62556 12.63772 12.34746 11.9706 12.00587 12.15108 12.08951 11.99029 11.95285 11.90401 12.04493 11.97777 12.07385 12.22123 12.06721 11.7641 11.846 12.11827 12.13289 12.17459 12.31924 12.40062 12.27599 12.31672 12.41729 12.49804 12.28385 12.15016 12.25088 12.35136 12.26328 12.12542 12.02668 12.05059 12.07314 12.01898 11.81777 12.0091 12.14653 12.11453 12.01976 11.92192 11.84716 11.86766 11.76023 11.81564 11.68213 11.68052 11.84939 11.88508 11.88919 11.94023 11.89475 11.75237 11.61851 11.66039 12.0773 12.09674 12.11803 12.20047 12.32313 12.34579 12.19076 12.05601 12.53824
10.78859 10.99738 11.20176 11.1304 11.26245 11.68658 12.20526 12.47074 12.3904 12.15258 11.91516 12.08636 12.59628 12.45295 12.13521 12.0461 12.04008 12.01334 11.95401 12.15392 11.96756 11.74007 11.84465 11.91031 12.10687 12.05828 12.05807 12.12729 12.16365 12.09776 12.05764 12.19213 12.26595 12.10925 12.1105 12.29906 12.36655 12.12503 11.91191 11.96343 12.03529 11.94168 11.56333 11.28767 12.02654 12.17946 12.06889 11.94198 11.87259 11.78604 11.60997 11.69696 11.73598 11.84961 11.90909 11.89446 11.90205 11.89565 11.88114 11.6505 11.34109 11.22521 11.35071 11.26682 11.53287 11.6031 11.6525 11.86965 12.12785 12.22311 12.23727 12.23832
10.555 10.9295 11.16314 10.88643 11.20512 11.92528 12.26636 12.10439 11.86173 11.93937 11.88138 12.02044 12.2366 12.22423 12.09638 12.00428 12.0093 12.08035 12.06987 12.29687 11.91252 11.65571 11.90233 11.93268 12.01102 11.85068 11.95799 12.05716 11.97666 11.83364 11.9997 12.28753 11.88811 11.90505 12.08432 12.25649 12.22376 11.60535 11.88419 11.91351 11.90981 11.87762 11.69579 11.40574 11.63418 11.86383 11.95679 11.87473 11.67568 11.46322 11.34593 11.49639 11.60473 11.78438 11.82854 11.81515 11.87208 11.94218 11.86675 11.52195 11.22163 11.15659 11.33248 11.55763 11.70888 12.00022 12.24993 12.26629 12.13187 12.04563 12.06633 11.9459
10.65076 11.02241 11.1525 10.71856 11.0386 11.46019 11.57808 11.50513 11.51845 11.75581 12.02961 12.36457 12.0663 12.07024 12.01599 11.90065 11.94077 12.03698 12.01605 12.02056 11.8246 11.69276 11.86376 11.88733 11.76952 11.83631 11.96031 12.01389 11.97212 11.95504 12.11743 11.97677 11.67845 11.90881 12.0224 12.01366 12.03714 11.7908 11.80852 11.88744 11.83052 11.91144 11.9231 11.39109 11.72421 11.73378 11.3834 11.21864 11.35373 11.57964 11.54808 11.03846 11.49121 11.67872 11.70284 11.70551 11.77609 11.93001 11.75047 11.41538 11.36532 11.57336 11.90311 12.25062 12.22834 12.18528 12.11783 12.08311 12.00439 11.90856 11.96543 12.10114
10.39847 10.43791 10.49478 10.68481 10.95768 11.39707 11.6333 11.72075 11.81779 11.99943 12.19866 12.57642 12.42027 12.15332 11.95413 11.85603 11.87183 11.97584 11.9178 11.85299 11.81335 11.65606 11.59695 11.72622 11.58447 11.77909 11.86858 11.88704 11.8995 11.95264 12.07841 11.87316 11.90705 11.80455 11.54836 11.52386 11.7018 11.51317 11.59516 11.82197 11.90797 11.96311 11.8636 11.52799 11.3537 11.26128 11.35198 11.03841 10.91477 11.27419 11.4988 10.95638 11.64178 11.77244 11.63142 11.5977 11.73972 11.89104 11.55792 11.5489 11.83017 12.08998 12.14481 12.07206 12.0538 11.94694 11.85291 11.83499 11.89649 12.0493 12.21686 12.23637
-9999 10.35178 10.24834 10.68215 11.01049 11.81887 12.09814 12.09462 12.14839 12.25685 12.12875 12.19407 12.49457 12.15315 11.8867 11.81975 11.81533 11.87021 11.83715 11.80331 11.86198 11.67884 11.46362 11.53494 11.45689 11.59924 11.71972 11.75152 11.78605 11.91686 12.04561 12.01053 11.73056 11.91937 11.85876 11.54611 11.3849 11.66311 11.61905 11.69014 11.89631 12.00636 11.94987 -9999 11.17151 10.22068 10.73021 10.41588 10.42887 10.95043 10.90018 11.24244 11.11299 11.53369 11.55427 11.34426 11.28833 11.54884 11.71863 12.06937 12.08639 12.04651 11.96067 11.72943 11.87103 11.87033 11.94985 11.98293 11.97934 12.04132 12.18668 12.22484
-9999 10.12735 10.17726 10.65827 11.07336 11.58889 11.6518 11.76373 11.95595 12.11361 12.2919 12.3629 12.25288 12.13381 11.94353 11.79714 11.75003 11.76483 11.91416 11.87913 11.80116 11.66626 11.57507 11.34524 11.45326 11.6257 11.67639 11.70091 11.66944 11.70378 11.93078 11.94112 11.86396 12.02481 12.06962 11.87895 11.62189 11.59723 11.71433 11.7704 11.96158 11.9944 11.6804 11.27017 11.30508 11.44269 11.12012 10.70452 10.28363 10.27355 10.89857 11.52332 10.70148 11.13406 11.30439 11.14317 10.82842 11.02727 11.60916 12.13362 12.10196 12.0518 12.06699 11.98718 12.079 11.99771 12.03156 12.11702 12.17681 12.19058 12.18885 12.21246
10.20373 10.15611 10.13928 10.24982 10.65391 10.75014 10.96154 11.19772 11.51138 11.99175 12.59932 12.70077 12.22714 12.23925 12.02246 11.84892 11.88322 11.88315 11.90401 11.86546 11.80014 11.69538 11.60026 11.39334 11.46107 11.61871 11.61484 11.48302 11.47178 11.61888 11.74763 11.64604 11.70944 12.03231 12.0888 11.90961 11.7206 11.70795 11.85527 11.97801 11.99497 11.92125 11.78319 11.68585 11.74264 11.47115 11.30671 11.27149 11.1368 10.95513 10.86238 10.80503 11.77956 11.14682 11.24441 11.22939 11.39001 11.82029 11.95718 12.18995 12.20582 12.12414 12.10312 12.14957 12.10684 11.96535 11.83439 12.00711 12.14845 12.1645 12.11166 12.06629
10.12726 10.16836 10.44295 10.74343 10.69489 11.21962 11.77258 11.82694 11.85249 12.07822 12.2131 12.23938 12.43403 12.32763 12.01884 11.91123 11.99266 11.9635 11.95975 11.82694 11.80093 11.68074 11.45575 11.42991 11.48974 11.55322 11.53155 11.39506 11.40979 11.53419 11.56204 11.5704 11.62807 11.87424 12.10453 11.94222 11.71459 11.84939 11.9774 11.81167 11.6702 11.42265 11.23179 11.24439 11.47508 11.76674 11.75315 11.67647 11.59593 11.46656 11.24414 11.04998 11.77159 11.87534 11.90971 12.03692 12.16714 12.19758 12.26598 12.05018 12.06365 12.09305 12.02542 11.92674 11.85911 11.75332 11.9499 12.00314 11.9269 11.88182 11.88505 11.80639
10.6531 10.78923 10.90669 11.17874 11.45122 11.36669 11.49237 11.53024 11.5568 11.77549 12.189 12.24241 12.25644 12.51368 12.90074 12.70452 12.50494 12.81402 12.42117 12.28571 12.14913 11.97127 11.71276 11.61695 11.76292 11.94415 11.49241 11.43035 11.55663 11.67811 11.74454 11.82604 12.03257 12.02702 11.94785 11.83744 11.82733 11.95763 12.03852 11.9096 11.83947 11.61049 11.19559 10.9528 11.32161 11.3609 11.37237 11.39571 11.38559 11.3579 11.25474 11.07188 11.19166 11.34452 11.38432 11.61116 11.86819 11.9968 12.04524 12.01955 12.00413 12.01947 12.01212 12.03305 12.13422 12.11345 12.02397 11.9321 11.94545 12.0191 12.07779 12.08763
10.84609 10.97645 10.99907 11.09423 11.29743 11.48247 12.0191 11.75709 11.50947 11.70642 11.96377 11.63318 11.66845 12.20451 12.83008 12.89211 12.79959 13.01145 13.10702 13.09096 12.96526 12.52076 11.96886 11.70054 11.95105 11.88329 11.57333 11.62202 11.57303 11.6065 11.78449 11.81119 12.00578 12.16417 11.94491 11.91246 11.99747 12.05811 12.02872 11.57341 11.49969 11.53964 11.52059 11.40876 11.39411 11.50265 11.37997 11.23632 11.03824 10.84762 10.6704 10.54453 10.85694 11.01452 11.1815 11.29403 11.5126 11.70278 11.73834 11.87751 11.86558 11.86036 11.89748 12.0071 12.10387 12.00404 11.97085 11.97699 11.90975 11.97019 12.05244 12.02425
11.0993 11.01699 10.84119 10.75424 10.82995 11.56149 11.98191 11.79289 11.31133 11.18295 11.433 11.179 11.27929 12.19344 12.4742 12.26617 12.23257 12.61162 12.93128 13.26791 13.05705 12.62054 11.7111 11.7382 11.97878 11.80724 11.62421 11.74228 11.69636 11.68405 11.80707 11.82992 11.94368 12.0385 12.01736 12.02432 12.04791 12.05043 11.98503 11.5493 11.3286 11.30443 11.45893 11.46652 11.15916 11.21858 11.31328 11.03313 10.52157 10.32417 10.56387 10.91188 11.03836 11.41378 11.951 11.90557 11.89063 11.93296 11.91575 11.89154 11.76772 11.81394 11.74496 11.74456 11.98457 11.98665 12.01203 11.84698 11.86116 11.87431 11.882 11.93585
11.0135 10.98235 10.88922 10.78656 10.77302 10.94121 11.31292 11.18581 11.02506 11.12493 11.29134 11.07645 11.289 11.80763 11.82716 11.79912 12.07 12.55793 12.82945 13.15432 12.36074 12.0979 11.90601 11.80925 11.93898 11.88957 11.72875 11.84434 12.00543 12.01831 11.95004 11.9687 11.91784 11.99377 12.01543 12.03032 12.07742 11.98232 11.69781 11.83008 11.77948 11.70464 11.58484 11.41472 11.22264 11.06978 11.04985 10.93118 10.38076 10.34995 11.15478 12.08745 11.92513 11.84743 12.00697 11.99914 12.05028 12.01676 11.96537 11.90091 12.00963 12.07778 12.09249 12.03456 11.9667 11.95513 11.81733 11.65983 11.6464 11.65396 11.61215 11.59772
10.7415 10.73568 -9999 10.61789 10.72104 10.95604 10.98696 10.78472 10.82941 11.01144 11.0789 11.03067 11.13743 11.37505 11.39013 11.58603 11.84383 12.20566 12.75521 12.47277 11.91608 11.86949 11.97319 11.82485 11.73893 11.88939 11.75957 11.93741 12.1666 12.16206 11.9394 11.78007 11.8851 12.00336 12.03877 12.06458 12.03445 11.80588 11.43481 11.54664 11.46894 11.38745 11.41295 11.40106 11.24337 11.06886 10.98901 10.89819 10.67658 11.01104 11.66147 12.07292 11.98005 11.88964 11.97851 11.95518 11.90437 11.92839 12.02691 11.89077 11.95481 11.92417 11.91164 11.94444 11.92614 11.80915 11.77043 11.56408 11.54632 11.59787 11.57022 11.56052
10.38498 10.26866 10.19305 10.13874 10.64054 10.87854 10.70331 10.5986 10.74742 10.86857 10.9103 11.03464 10.98655 11.12246 11.11111 11.25503 11.56319 12.02833 12.4957 12.26857 11.98614 11.73485 12.03765 11.83387 11.81157 11.79324 11.88592 12.0036 12.03665 11.91707 11.80564 11.85352 11.85242 11.95783 12.1192 11.86561 11.58756 11.56988 11.59537 11.39861 11.38727 11.03376 10.97034 11.02463 10.97663 11.00821 10.89218 10.69663 11.04004 11.38334 11.62498 11.74018 11.76849 11.84257 11.66088 11.46855 11.41406 11.65074 11.84894 11.71457 11.72207 11.61717 11.62611 11.73347 11.87392 11.96593 11.84311 11.68387 11.60337 11.67996 11.7344 11.73176
10.09358 10.30791 10.5223 10.37502 10.46828 10.61666 10.58515 10.54948 10.6678 10.7563 10.80843 10.97586 11.05038 11.16824 10.99753 -9999 -9999 11.55912 11.92445 12.1858 12.10206 11.97323 11.88504 11.92791 11.71298 11.7209 11.75523 11.74004 11.83813 11.82685 11.81844 11.93803 11.95096 11.917 12.13076 12.15467 11.54846 11.13912 11.31294 11.38481 11.42115 11.26469 10.98986 11.01663 11.32828 11.44051 11.24019 10.94838 11.46871 11.26244 11.29975 11.78189 11.74677 11.64075 11.64151 11.42051 11.38735 11.61459 11.79493 11.6785 11.77007 11.6912 11.75 11.82095 11.88807 11.99333 11.98441 11.78479 11.92726 12.03003 12.03809 12.00766
10.08272 10.40552 10.51099 10.25653 10.09262 10.33652 10.4974 10.46481 10.64283 10.79767 10.9339 11.13541 10.97146 10.91637 10.87945 10.90373 10.9727 11.10365 11.36686 11.79488 11.94186 12.22484 11.82628 11.77827 11.70889 11.65042 11.65209 11.6483 11.68683 11.8353 12.08245 12.31572 12.25495 11.76275 11.66849 11.8367 11.83089 11.72799 11.52998 10.69526 10.61829 10.93175 11.13267 11.22427 11.42568 11.74978 11.53096 11.36453 11.75473 11.54202 11.47011 11.67197 11.59944 11.70745 11.78611 11.51661 11.39631 11.44878 11.6653 11.82829 11.9493 11.95974 12.00232 11.9756 11.94343 12.00311 12.0813 11.93803 11.90979 11.98904 12.01563 11.94429
9.9784 10.46725 10.84464 10.68641 10.39089 10.27582 10.29579 10.59451 10.77698 11.07949 11.45196 11.51388 10.86117 10.77223 -9999 10.78964 10.82291 10.89202 11.09179 11.42609 11.4474 12.13617 11.74761 11.55606 11.49101 11.45354 11.76634 11.88228 11.74303 11.71903 11.93136 12.32431 12.5962 11.61677 11.88212 11.77108 11.63807 11.67039 11.78713 11.67308 11.15777 11.27596 11.31764 11.46324 11.60093 11.50311 11.70472 10.96405 11.57021 11.7163 11.73566 11.71331 11.58058 11.80072 11.76231 11.49959 11.47338 11.68076 11.79363 11.83605 11.91942 11.99684 12.06756 12.08646 12.03925 11.97339 11.9557 12.04753 11.96693 11.9702 11.97531 11.89867
10.2446 10.40191 10.49117 10.38833 10.26092 10.3152 10.27136 10.54798 10.73474 11.23438 11.64321 11.48679 11.03362 10.84625 -9999 10.71423 10.78266 10.87115 10.9756 11.19309 11.18669 11.70853 11.5014 11.50467 11.48554 11.52047 11.66015 11.72706 11.69394 11.75644 11.83733 12.07104 12.45332 11.81505 11.81962 11.66608 11.44588 11.38656 11.62799 11.76075 11.3099 11.50663 11.45505 11.43238 11.52115 11.58613 11.69885 11.73332 11.84245 11.84186 11.68776 11.35921 11.16067 11.65991 11.6734 11.75412 11.67401 11.79326 11.90248 11.9598 11.96233 11.95107 11.95251 11.92019 11.85229 11.77031 11.7473 11.81308 11.74642 11.76796 11.76277 11.72938
10.04985 9.922757 9.929695 10.20634 10.09401 10.46356 10.39844 10.60333 10.75349 11.27173 11.64828 11.43995 11.07154 10.99739 -9999 10.85126 10.8075 10.88943 11.00733 11.09428 11.06967 11.34225 11.52521 11.77874 11.91124 11.8737 11.65862 11.79798 11.77365 11.90607 11.99091 12.08605 12.36756 12.31963 12.24999 11.59239 11.22911 11.35138 11.79976 11.80726 11.40475 11.6145 11.28193 10.91235 10.83073 10.99228 11.27471 11.74001 11.50879 11.50479 11.4418 11.36773 11.51203 11.80208 11.58399 11.62154 11.81549 11.87718 11.90306 11.92841 12.00751 11.89709 11.72051 11.41062 11.34683 11.50267 11.53211 11.48638 11.72497 11.62117 11.54024 11.58787
10.06262 10.51079 10.34624 10.39626 10.1718 10.38808 10.43889 10.50716 11.17616 11.59308 11.71131 11.72249 11.59673 11.19141 11.25883 11.01321 10.88199 10.89526 10.97555 11.1197 11.4144 11.37631 12.26692 12.3908 12.17301 12.01611 11.77885 12.07786 11.93239 11.87121 11.83452 11.91182 12.30643 12.98654 12.71443 11.8998 11.47157 11.4849 11.86552 11.79734 11.28118 11.62194 11.40194 11.10122 11.0956 11.32261 11.36108 11.705 11.7832 11.65907 11.53626 11.23984 11.11535 11.77756 11.85699 11.78271 11.85985 11.82984 11.68979 11.84097 11.84199 11.97606 11.67302 11.10383 11.05073 11.4265 11.51454 11.21375 11.5137 11.76751 11.88661 11.90281
9.853784 10.05019 10.22796 10.62692 10.68596 10.48766 10.57558 10.67185 11.31473 12.14705 12.44913 12.07555 11.66255 11.8064 11.49252 -9999 -9999 11.12905 11.22719 11.40698 11.42057 11.81207 12.4781 12.3483 12.03016 12.02221 11.81534 11.87537 11.85895 11.82982 11.76054 11.84337 12.20205 12.57194 12.25099 11.85554 11.6162 11.67314 11.98984 12.16303 11.45472 11.93991 11.55894 11.16186 11.20355 11.30749 11.00082 11.3556 11.66274 11.75988 11.46149 11.43948 11.73751 11.86604 11.75833 11.62264 11.86896 11.80385 11.58832 11.6739 11.80869 11.72663 11.52891 10.74172 10.78215 11.28649 11.35077 11.39679 11.41855 11.32736 11.52762 11.72548
9.893597 10.05758 10.08672 10.25349 10.81588 10.63145 10.36158 11.00303 11.92528 12.46818 12.25336 11.79852 11.80953 11.46595 11.40565 11.46583 11.30109 11.2768 -9999 11.43995 11.48482 11.56164 11.7768 12.01362 12.00346 11.79342 11.71358 11.62451 11.91221 11.95557 11.87767 11.90169 12.09994 12.2457 11.97384 12.05728 11.81912 11.86855 12.13003 12.41294 12.1775 12.15072 11.89268 11.32139 11.08782 11.18968 11.01703 11.00823 11.42334 11.92886 11.33535 11.20526 11.72993 11.86493 11.65826 11.49642 11.80399 11.76667 11.83341 11.92459 11.9943 11.84401 11.68038 11.21162 11.00918 11.1173 11.25403 11.23525 11.12315 11.22769 11.29653 11.32583
