features/re_bio13.asc
ncols         768
nrows         589
xllcorner     124.299398925
yllcorner     32.893460211367
cellsize      0.010567299164062
NODATA_value  -9999
[rows 105 to 139 of 589, columns 231 to 307 of 768]
-9999 -9999 -9999 -9999 -9999 -9999 -9999 -9999 -9999 -9999 -9999 -9999 -9999 -9999 -9999 -9999 -9999 -9999 -9999 -9999 -9999 -9999 -9999 -9999 -9999 -9999 -9999 -9999 -9999 532.2 532.8 529.3 524.7 529.2 533.4 532.6 536 539.8 538.1 538.6 538.8 538.9 540.2 544.6 543.1 543.3 539.9 537.3 544.3 536.2 536.8 543.1 537.6 532.4 531.2 530.6 520.5 565.1 625 684.1 750.1 866.6 924.5 990 1043.6 1081.9 1091.4 1093.5 1085.3 1092.2 1067.3 1020.3 993.3 955.6 899.1 849.8 808
-9999 -9999 -9999 -9999 -9999 -9999 -9999 -9999 -9999 -9999 -9999 -9999 -9999 -9999 -9999 -9999 -9999 -9999 -9999 -9999 -9999 -9999 -9999 -9999 -9999 -9999 -9999 -9999 533.2 528.8 526.7 525.7 524.7 529 531.7 534 538.7 537.3 551.1 554.3 557.5 554.9 548.9 555 558.4 549.4 555.3 550.5 551.5 556.3 557.1 568.9 551 534.9 529 526.3 522 548.7 602.6 663.4 725.6 836.3 890.8 952.9 1010.5 1037.1 1034.3 1024.7 1026.2 1029.6 1015.9 970.2 943.5 926.8 880.9 809.2 761.4
-9999 -9999 -9999 -9999 -9999 -9999 -9999 -9999 -9999 -9999 -9999 -9999 -9999 -9999 -9999 -9999 -9999 -9999 -9999 -9999 -9999 -9999 -9999 -9999 -9999 -9999 -9999 527.5 527.6 532.3 533.9 533 525.2 528.5 534.2 536.1 536.3 553 553.8 573 562.9 549.8 550.9 569.1 568.2 574.2 566 555.3 553.4 560.6 564.8 571.9 559.5 547.2 540.4 527.2 524.2 551.5 599.9 651.5 707.6 817.1 872.2 931.3 965.9 975.9 975.5 971.5 966.6 959.4 941.1 925.5 913.8 891.3 840.1 776.7 724.4
-9999 -9999 -9999 -9999 -9999 -9999 -9999 -9999 -9999 -9999 -9999 -9999 -9999 -9999 -9999 -9999 -9999 -9999 -9999 -9999 -9999 -9999 -9999 -9999 -9999 530 527 525.9 527.3 532.6 549.2 527.5 526.4 531.6 532 534.6 573.8 577.5 578.3 595.4 575.6 582 577 574 569.4 582.1 571.1 557.1 555.4 563.5 557 565.6 560.2 567.9 560.8 529.9 524.4 553.7 598.9 646.2 698.6 799.7 850.8 889.8 912.4 921.9 923.3 914.9 901 904.3 894 872.9 866.6 831.6 773.3 716.5 665.3
-9999 -9999 -9999 -9999 -9999 -9999 -9999 -9999 -9999 -9999 -9999 -9999 -9999 -9999 -9999 -9999 -9999 -9999 -9999 -9999 -9999 -9999 -9999 -9999 -9999 529 548.5 550.8 544.7 545.4 549.1 526.5 540.9 567.4 581.9 578.7 580.4 579.3 573.9 588.8 595.7 587.8 580 579.8 573.8 574.6 570.7 563 558.3 559.9 558.3 559.1 568.2 579.2 575.7 542.5 526.8 549.4 592.4 643.6 692.9 792 821.1 827.9 851 861.6 865.7 854.9 836 836.9 832.8 803.7 792.5 757.9 704.8 655.8 615.3
-9999 -9999 -9999 -9999 -9999 -9999 -9999 -9999 -9999 -9999 -9999 -9999 -9999 -9999 -9999 -9999 -9999 -9999 -9999 -9999 -9999 -9999 -9999 -9999 -9999 560.5 552.8 580.1 598.5 574.1 555.8 530.9 557.2 590.8 614.6 601.2 573.2 566.1 579.6 589.1 592.2 587.9 580.1 570.2 577.3 573.2 567.2 565.6 568.6 577 574.1 594.2 580.4 563.4 540.7 540.3 542.9 547.5 566.2 596 644.2 738.8 752.5 759.1 759.5 767.1 776.2 770.6 756.7 730.7 690.5 665.4 657.9 644.8 609.6 573.8 571.1
-9999 -9999 -9999 -9999 -9999 -9999 -9999 -9999 -9999 -9999 -9999 -9999 -9999 -9999 -9999 -9999 -9999 -9999 -9999 -9999 -9999 -9999 -9999 599.8 579.8 566.5 569.5 598.9 597.4 566.1 543.3 540.1 580.6 619.1 624.5 611.4 592.4 579.4 611.9 607.7 597.8 589.1 585.4 571.5 576.4 574.7 569.6 569.9 579.6 577.6 567 577 562.6 558.6 546.4 550.9 552.8 556.2 577.7 602 621 686.5 707.7 716.6 709.9 727.7 749.4 742.1 719.1 687.4 653.5 602.6 581 600.3 598.9 581.2 578.6
-9999 -9999 -9999 -9999 -9999 -9999 -9999 -9999 -9999 -9999 -9999 -9999 -9999 -9999 -9999 -9999 -9999 -9999 -9999 -9999 -9999 -9999 580 583 570 572.3 574.4 576.1 572.6 560.2 545.3 547.4 580.1 615.6 612.2 619.1 642 633.1 670.1 684.9 683.3 662.3 641 606.7 607.7 588.3 576.1 584.1 587.3 581.9 572.4 573 567.7 572.4 573.5 560.4 566.9 572.8 580 593 615.9 639.3 639.2 639.5 662.5 668.4 664.4 650.4 619.3 595.1 575.6 566.9 577.7 600.4 608.7 600.5 584
-9999 -9999 -9999 -9999 -9999 -9999 -9999 -9999 -9999 -9999 -9999 -9999 -9999 -9999 -9999 -9999 -9999 -9999 -9999 -9999 548.7 558 565.8 565.6 564.3 566.4 568.3 569.8 567.9 559.3 546.6 544.5 562.6 581.7 600.5 634.3 677.1 714.5 742.8 743.4 759.3 721.1 678.2 661.7 651 626.9 611.3 603.2 603.4 598.2 577 582.4 582.4 577.2 576 581.5 572.6 584.5 579.6 583.7 595.6 586.2 587.2 595.2 605.5 610.6 602 602.6 604 598.3 600 583.3 586.2 608.4 622.5 617 603.4
-9999 -9999 -9999 -9999 -9999 -9999 -9999 -9999 -9999 -9999 -9999 -9999 -9999 -9999 -9999 -9999 -9999 -9999 -9999 -9999 552.1 554.9 557.8 563.9 569.5 558.3 552.2 553.3 558.3 557 545.8 557 595.2 597.8 640.8 678.5 704.9 752.1 805.5 801.6 789.8 764.7 744.5 697.6 676.7 650.9 639.3 629.3 626.7 620.6 593.8 581.8 585.6 576.8 576.8 582.9 592.6 601.2 588.1 599.2 585.8 586.2 586.9 611 624.5 603 589.3 586.9 597.6 607.9 590.2 595.1 599.5 623.9 636.3 624.5 608.2
-9999 -9999 -9999 -9999 -9999 -9999 -9999 -9999 -9999 -9999 -9999 -9999 -9999 -9999 -9999 -9999 -9999 -9999 543 540.8 564.8 560.2 555.1 562.1 571.5 561 559.1 554.4 549.7 546.9 557.6 582 618.4 622.4 664.1 714.2 735.8 741.7 809.1 838.6 819.9 803.8 780.2 714.5 695.9 682.6 667 650.7 644.3 637.4 613.4 594.2 586.3 584 584.4 588.8 598.4 600.9 577.8 589.7 581.5 596.1 608.8 618.4 638.9 615 598.1 585.8 587.1 596.2 590.7 598.1 593.2 611.9 618.9 612.5 608.2
-9999 -9999 -9999 -9999 -9999 -9999 -9999 -9999 -9999 -9999 -9999 -9999 -9999 -9999 -9999 -9999 -9999 -9999 548.4 550.8 569.7 562.6 554.3 556.4 563.9 559.9 558.8 557.9 555.9 559 573 594.1 626.3 649 675.1 696 717.8 734.3 769.1 820.3 852.1 822.6 777 727.3 714.7 715.1 689.4 667.1 656.8 648.3 629.4 610.3 594.6 592.5 592.6 598.1 606.9 605.2 587.2 581.3 583.1 604.7 620.4 635.4 637.3 622.4 606.5 604.1 611.9 622.1 631.7 613.1 604.5 613.2 617.9 613.2 611.7
-9999 -9999 -9999 -9999 -9999 -9999 -9999 -9999 -9999 -9999 -9999 -9999 -9999 -9999 -9999 -9999 -9999 572.8 556.4 540.5 555 558.3 559 557.1 557.4 570 558.3 564.5 563.8 563.9 578.4 604 636.4 687.9 697.1 723.5 761.4 783.7 805.6 822 825.2 790.3 757 728.2 725.3 715.9 693.4 676.9 667 657 641.9 615.3 601 606.6 604 612.6 627.8 615.2 598.6 585 588.6 614.1 625.7 637.9 625.6 625.7 624.5 619.4 624 636.8 637.6 636.4 637.8 643.6 635.4 622.3 618.3
-9999 -9999 -9999 -9999 -9999 -9999 -9999 -9999 -9999 -9999 -9999 -9999 -9999 -9999 -9999 525.4 539.8 549 560.7 555.5 570.1 566.3 562.5 561.1 560.5 565.5 545.4 548.9 552 568.8 588 606 664.5 695.3 734.9 738.6 745.7 792.1 838.8 822.4 780.3 748.9 733 717.8 714.6 704.3 689.6 674.6 663.4 652.6 636.3 614.6 607.1 612.6 617.6 627.3 637.2 624.8 603.6 591.2 598 613.6 619.8 629.2 630.8 629.1 631.4 626.4 619.6 621.7 631.4 642.3 628 626 619.8 615.8 623.4
-9999 -9999 -9999 -9999 -9999 -9999 -9999 -9999 -9999 -9999 -9999 -9999 -9999 -9999 -9999 528.9 535.7 547.6 550.6 549.3 558 555.5 553.6 553.8 554.6 553.7 550.6 551.7 552.9 554.4 567 587.8 610.1 640.6 691.2 716.8 736.8 760.1 751.9 725.2 719.9 713.1 703.9 694.9 689.8 681.7 667.4 663.6 663.8 668.1 665.7 633.3 611.4 614.5 623.4 629.8 635.6 628.1 607.2 596 605 613.7 614.9 626.7 647.2 641.5 642 639 626.1 613 613 622 624.3 613.1 607.1 616.1 633.3
-9999 -9999 -9999 -9999 -9999 -9999 -9999 -9999 -9999 -9999 516.2 519.2 525.7 527.6 529 530.2 533 538.6 549 558.5 557.1 559.1 560.4 561.2 560.5 555 559.9 561.2 556.9 556.8 556.5 564.6 585.9 607 627.4 657 677.4 679.9 678.5 681.6 689.9 681.8 679 670.1 664.7 658.2 658 682.2 676.7 682.3 695.6 635.5 622.1 626.3 641.8 646.8 640.4 623.4 613.2 608.4 615.2 615 622.8 632.4 647.9 640.6 631.5 629.1 626.6 619.6 610.3 603.8 617.8 607.6 617.8 -9999 640.2
-9999 -9999 -9999 -9999 -9999 -9999 -9999 -9999 -9999 -9999 533.3 535.7 533.8 528.2 531.4 533.4 536.1 541.2 550.4 562.2 563.7 569.1 566.7 564.5 563 559 563.6 566.3 563.7 565.1 564.4 559.3 564.5 568.7 587.1 608.6 626.1 635.3 631.3 637.3 635.9 634 637.3 636 631.9 628.3 627.5 638.4 675.2 687.6 659.5 635.7 627 631.6 638.1 639.1 636.9 626.6 620.6 615 618.2 617.4 621.8 633.7 648.6 654.8 650.1 633.9 625.7 626.8 625.1 610.9 605.6 611.8 625.3 631.8 627
-9999 -9999 -9999 -9999 -9999 -9999 -9999 -9999 529.5 533.5 538.1 538 534.2 531.4 541.2 544.4 546.4 550.1 554.1 558.6 565.3 570.6 568.7 567.9 565.3 562 577.3 579.3 575.6 574.8 569.8 565.7 563.9 571.4 569.2 572.5 586.4 598.5 584.8 588.8 590.1 595.7 598 591.6 593.1 596.1 613 631.7 646.9 643.1 622.6 612.7 619.6 618 637.6 632.6 623.1 620.6 618 622.2 620.7 632.3 645.5 675.7 690.3 664.1 647.7 650.2 640.7 627.2 622.1 623.1 605.9 610.1 611.5 619.2 631.8
-9999 -9999 -9999 -9999 -9999 -9999 -9999 -9999 523 524.2 526.4 528.9 529.3 531.6 546.6 550.3 550.5 554.4 559.3 556.8 565 565.5 570 571.2 569.3 567.2 580.9 585.7 578.8 575.8 573.4 572 567.3 572.6 571.1 574.2 586.8 594.4 590.5 591.5 590.4 584.7 587.7 594 598.5 601.4 622.1 633.9 643.8 634.5 621.4 642 635 627.3 637.7 636.8 632.6 629.3 624.2 621.1 621.2 630.2 637.3 652.7 670.8 675.1 660.3 639 635 639.1 638.2 631.6 616.9 611.1 608.2 -9999 637.8
-9999 -9999 -9999 -9999 -9999 -9999 -9999 -9999 523 525.4 530.1 532.2 531.3 533.2 546.8 549.3 550.7 556.5 561.1 555.4 565.2 567.1 568.6 574 573.7 572 578.3 584.8 580.3 577.1 574.8 574.2 575.1 574.4 573.5 577 592.2 599.2 594.3 595 599.1 599.6 598.2 604.7 608.4 607.1 620.8 646.2 650.1 635.6 626.3 646.8 657.4 657.7 647.5 652 637.7 632.4 626.7 623.3 630.7 641.9 645.1 647.5 660.4 662 645 638.5 640.7 634.2 627 637.5 622.9 615.5 -9999 624.1 634.4
-9999 -9999 -9999 -9999 -9999 -9999 -9999 -9999 529.6 530.6 535.6 538.9 533.4 532.3 537.3 542.5 549.3 555.2 557.6 558.9 569.5 569.1 569.5 571.3 571.3 573.7 582.6 592.1 584.6 579.1 576 576 580.1 576.3 576.9 580.1 595.1 601.5 598.1 605.4 610.4 606.7 607.3 620 615.7 606.5 623.4 636.8 628.8 631.1 652.2 674.4 665.3 667.5 659.7 654.1 642.5 637.7 629 630.1 628.5 640.3 642.8 651.5 669.3 683.8 665.1 671.8 682.3 665.7 633.4 623.2 631.8 645.5 632.4 629.6 636.6
-9999 -9999 -9999 -9999 -9999 -9999 -9999 -9999 527.3 529 531.7 534.1 530.8 534.6 540.4 551.1 558.2 561.4 564 569.1 573.8 571.1 568 570.8 569.5 569.9 581.5 588.6 594.2 586 580.4 581.6 585.7 579.2 581.8 590.3 598.4 601.8 598.6 607.4 613.5 611.3 615.4 626 615.4 604.9 620.6 626.1 627.1 642.8 670.2 694.1 666.2 651.5 643.3 638.2 647.2 641.5 640.1 638.1 639.2 647.5 650.7 660 676.8 672 647.5 675.2 669 651 638.1 634.3 647.6 644.7 636.3 637.9 651.5
-9999 -9999 -9999 -9999 -9999 -9999 529.9 533.5 540 535.2 534.7 537 540.9 548.3 544.4 557.5 562.5 563.1 569.1 569.4 571.7 574.5 576.1 576.7 572.7 571.3 585 586.6 593.3 587.4 582.5 582 585.8 587.1 590.1 596.6 601.6 602.3 599.7 602.3 609.6 607.6 616.6 623.8 618.2 616.9 618.8 636.1 644.9 670.6 700.7 702.1 665.3 656.3 656.9 654.6 674.5 671.8 663.5 654 647.5 668.9 666.7 665.1 680.1 671.8 648.6 667.2 652.7 647.8 657.9 663.8 676.9 662.6 662.1 644.6 -9999
-9999 -9999 -9999 -9999 -9999 -9999 538.5 541.1 535.4 537 543.6 543.9 554.4 566.8 571.2 569.5 557.7 562.1 572.3 583.8 582.3 591.1 590.1 591.9 595.1 603.3 616.6 606.7 598.1 591.2 592.8 602.4 603.7 597.7 593.6 598.2 601.1 605 614.6 615.7 618.9 618.6 621.9 618.5 619.3 624.6 621.7 637.6 652.9 685 695.5 669 656.4 671.8 691.5 708.5 719.6 733.5 711.7 684.2 659.4 662.3 661.3 667.9 679 670.5 676.6 669.3 667.9 669 680.6 693.8 696.1 660.1 671.2 673.1 -9999
-9999 -9999 -9999 -9999 -9999 -9999 543.5 540.2 537.6 539.9 542.7 545.3 558.4 566 568.2 568.2 559.6 562.1 581 595 591.9 589.7 590.7 596.4 607.6 618.7 617.3 622.3 624.8 612.4 602.8 601.1 596.1 592.8 601.2 597.1 599.8 608.7 619 624.8 633.3 619.6 621 618.2 616.4 620.5 627.9 636.7 653.1 690.9 696.6 664.3 657.9 658.1 673.4 693 723.4 735.3 735 700.9 675.3 702.4 696.1 683.6 675.7 666.9 664 676.5 696.5 706.8 713.4 725.1 707.1 668 654.7 -9999 662.8
-9999 -9999 -9999 -9999 533.7 535.5 535.9 539.2 542 543.6 543.1 548 565.8 575.1 570.2 571.2 571.9 571.5 580.9 592 589.6 584.5 593.9 595.5 601.6 614.1 637.2 639.7 643 634.3 618.5 608.2 609.8 603.2 598.2 601.8 607 615.7 626.4 631.5 637.6 629.9 629.1 623.9 616.5 626.1 634.1 649.8 661.9 675 679 666.9 648.1 647.1 662.9 678.2 711.8 722.2 720 702.7 715 744.6 728.2 704.4 680.3 664.8 671.7 690.6 722.1 734.3 738.7 734.6 705.4 674.7 -9999 661 671.5
-9999 -9999 -9999 -9999 526 528.5 527 540.1 541.4 542.4 543.7 546.9 567.2 576.8 575.3 571.8 561.6 564 576.7 584.7 586.6 583.8 598.9 601.3 598.3 605.9 634.6 649.1 648.6 641.6 627 610.7 605.5 602.3 609.2 607.6 613.9 622.5 628.1 631.2 638.2 637.6 636.2 626.2 621.8 633.8 638.8 644.8 674 693.4 695.3 686.5 671.5 652.7 661.5 671.1 674.2 688.8 707.3 734.9 759.9 712.4 696.9 682.6 671.2 673 692 739.1 738.9 721.2 722.9 727.3 695.8 -9999 669.4 677.7 689.1
-9999 526.4 527.3 525.3 525.9 529.1 531.5 540.1 544 544.4 544.6 546.3 556.9 569.2 570 563.5 557.8 562.4 570.7 571.5 579.1 581.5 593.5 596.6 594.8 598.9 643.9 652.3 648.8 640 625.8 632.8 634.1 631.4 632.7 625.8 616.3 624.1 626.8 631.4 637.8 641.4 629.7 627.3 638.5 643.4 656.1 658.7 680.9 669.1 657.9 656.2 662.3 676 656.8 661.6 669.7 700.9 730.1 732.9 779.6 728.6 713.1 693.2 685.7 692.6 696 726.9 717.6 706.7 712.9 718.9 703.1 687.3 673.7 678.8 683.1
-9999 529.6 528.1 527.4 529.4 539.9 545.5 545.3 545 547.2 548.6 549.4 551.7 559.9 562.5 561 555.4 558.3 562.8 565.6 573.4 576.9 587.7 592.2 595.6 603.1 640.9 647.3 639.5 633.2 622.3 633.4 641.3 647.4 644.2 635.5 636.8 623.3 630.2 640.2 632.6 636.1 628.2 629.6 638.2 649.1 653.7 666.9 675.3 668.6 676.5 697.9 703.3 673 683.3 680.3 677.8 682.8 705 725.2 711.4 726 -9999 698.9 722.6 748.5 731.1 696 695.5 702 -9999 -9999 -9999 692.1 -9999 683.9 688.6
-9999 530.2 533.7 536.6 538.3 540.8 547.5 549.7 544 550.1 553.9 553.8 554.6 559.6 560.4 562.5 557.3 561.7 563.7 560.8 569.6 580.9 586.7 589.3 595.5 607.1 643.5 648.5 630.5 622.6 613.9 630 644.5 658.7 655.1 646.2 643.6 642.5 630.7 643 639.8 623.6 624.8 640.6 648.4 659.6 663.3 666.4 667.2 669.7 678.8 696.8 711 690.9 687.6 679.5 670.8 671.4 691.5 718.5 712.7 696.8 718.2 742.7 779.1 798.4 784.7 718.6 704.7 710.6 704.9 694.3 692.4 692.6 -9999 689.7 691.9
-9999 533.5 538.1 542.8 547.6 553.4 560.6 554.2 551.7 555.4 557.5 557 556.8 559.3 564.2 564.8 562.9 561.1 563.1 562.2 572.3 590.9 588.4 593 599.1 608.7 638.8 634.4 623.2 618.2 612.1 613.9 648 662.3 656.1 645.5 652.4 651.4 632.5 640.2 640.8 624.3 634.3 654.9 656.3 660.8 665.1 663.8 669.6 678.1 688.9 699.6 708.4 709.5 688.8 699.2 691 686.7 694.6 702.6 705.8 705.2 710.7 728.9 781 792.5 747.2 721.7 734 731.8 713.6 701.5 709.7 726.7 723.1 704.6 708.2
-9999 531 534.3 538.1 547 555.3 557.8 558 552.5 557.7 560 558 556.9 558.7 563.9 565.2 566.1 560.9 562.6 569.1 580.5 592.8 588.9 594.8 606.9 616.9 632.6 627 624.2 621.6 615.9 616.8 644.3 652.3 655.1 646.6 649.9 651.3 651.8 652.9 632.9 629.2 643.6 661.8 662.7 668.7 686 678.6 683.6 686.9 700.6 705.7 700.4 710.3 682.8 691.4 688.1 694.5 714.4 734 742.2 722.2 736.1 765.5 771.9 785.1 818.6 794.5 770.7 733.1 718.4 708.8 694.5 697.5 702.2 691.8 697
529.8 536.2 542.5 542.3 542.3 548.7 559 557.9 557.1 560.6 561.6 560.3 560.7 565.4 567.9 564.1 564.8 563.3 567.5 572.3 573.4 584 586.9 594.4 607 620.2 630.2 634.5 635 631.5 623.3 621.7 642.3 643.1 653.5 655.4 648.8 649.2 653.4 654.4 652.9 654.4 667.8 665.5 667.7 675.4 689 692.2 683 685.3 699 703.3 695.6 698.9 693.9 736.7 713.9 709.1 730 745.4 729.4 726.8 737.7 769.9 790.8 786.5 799.8 756.9 754.6 734.7 714.6 702.7 699 700.9 703.7 695.6 701.4
533.1 535.3 537.5 543.1 548.5 551.3 551.1 557.9 558.1 560.7 561.6 562 565.3 570 570.3 567.7 570.1 571.9 573 571.2 559.8 561.5 588.7 606.9 619.1 628.5 626.7 636.2 638.4 640.8 632.9 625 641 645.6 665.6 660.5 650.8 650.8 654.7 657.7 655.7 666.9 675.7 685.9 689.8 692.2 684.7 685 675.8 680.3 689.9 693.1 687.7 684.2 689.2 725.8 716.1 707.5 710.6 716.2 713.6 718.4 740.6 769.7 781 769.1 755.3 752.9 739.1 773.3 752.3 716.7 706.9 705.2 699.6 698.4 715.4
-9999 -9999 537.3 539.5 546.3 549.9 551.2 550.1 559.7 558.6 559.5 563.4 568.4 568.9 569.7 567.8 566.2 567.4 572 567.6 557 563.2 590.8 615.6 632 633.4 630.8 638.7 643.5 642.1 636.4 628.6 624.5 647.3 666.5 654.7 650.7 651.5 655 657.6 659.6 677.1 680.2 684.3 686.9 689.6 690.9 687.6 689.8 698.7 688.7 688.7 683.3 682 688.2 697 704.9 709.2 722.8 725.7 700.7 719.4 754.5 766.3 751.5 725.8 717.1 715.1 711.5 761.4 746.1 720.4 709.2 707.6 717.3 712.7 753.3
