features/re_bio4.asc
ncols         768
nrows         589
xllcorner     124.299398925
yllcorner     32.893460211367
cellsize      0.010567299164062
NODATA_value  -9999
[rows 96 to 127 of 589, columns 288 to 359 of 768]
1094.496 1083.387 1087.749 1093.101 1082.778 1084.262 1074.463 1064.108 1057.508 1057.113 1059.608 1058.271 1064.536 1073.984 1076.55 1075.831 1078.371 1081.106 1079.798 1081.501 1077.847 1073.51 1077.038 1079.597 1077.656 1083.318 1087.184 1089.305 1091.016 1094.477 1097.085 1096.622 1099.7 1104.261 -9999 1105.679 1108.378 1098.584 1097.031 1095.132 1097.37 -9999 -9999 -9999 1087.088 1090.89 1089.503 1079.058 1068.584 1072.039 1077.674 1072.899 1069.826 1064.642 1055.053 1049.192 1057.967 1058.391 1051.145 1050.475 1058.276 1065.165 1066.059 1057.917 1053.875 1055.034 1056.758 1054.729 1046.774 1034.999 1036.536 1029.365
1095.798 1082.146 1084.443 1092.637 1095.505 1090.204 1076.138 1064.437 1063.556 1067.057 1065.057 1064.391 1065.187 1076.547 1079.987 1076.456 1074.918 -9999 1083.515 1080.986 1075.54 1070.928 1078.351 1080.097 1081.364 1085.911 1086.319 1087.344 1089.617 1092.189 1095.907 1094.295 -9999 -9999 1102.548 1106.198 1107.299 1108.651 1105.727 1101.653 1101.406 1099.376 1095.043 1090.939 1079.956 1079.174 1074.98 1070.396 1069.636 -9999 1078.646 1070.855 1062.305 1054.779 1047.344 1043.05 1049.704 1054.492 1048.455 1047.863 1055.407 1062.5 1065.474 1058.505 1057.694 1057.131 1053.013 1049.747 1049.229 1039.45 1035.457 1028.359
1098.61 1088.112 1086.719 1092.45 1098.811 1093.141 1078.286 1075.808 1077.258 1074.767 1066.993 1065.034 1071.3 1075.219 1079.246 1080.061 1078.035 1078.02 1084.001 1078.885 1081.428 1077.866 1074.952 1077.715 1079.036 1081.678 1084.783 1089.344 1092.314 1092.822 1094.922 1094.507 -9999 -9999 1103.487 1106.026 1106.889 1104.816 1106.363 1103.286 1093.024 1082.975 1081.059 1087.961 1070.853 1067.566 1060.366 1061.781 1069.041 1066.668 1074.903 1070.149 1062.093 1050.44 1039.746 1034.183 1035.847 1042.06 1043.098 1047.089 1053.2 1059.137 1064.254 1060.639 1060.267 1057.781 1052.339 1047.025 1044.738 1033.988 1034.84 1031.215
1101.848 1098.171 1091.183 1088.304 1100.409 1097.31 1091.244 1088.412 1079.219 1067.464 1061.098 1063.913 1072.784 1075.572 1079.777 1081.888 1080.727 1079.695 1084.523 1080.052 1084.983 1084.409 1078.303 1082.887 1085.695 1082.699 1083.036 1085.126 1088.676 1093.888 1097.273 1096.571 -9999 -9999 1099.148 1100.542 1100.964 1097.039 1094.105 1088.65 1078.451 1075.36 -9999 -9999 1077.859 1074.064 1073.317 1070.553 1066.286 1063.935 1066.102 1067.331 1060.933 1052.335 1045.346 1042.529 1044.789 1046.966 1050.51 1048.193 1048.054 1054.757 1057.142 1056.811 1057.446 1054.997 1049.517 1043.267 1037.682 1029.753 1034.328 1032.25
1108.413 1094.862 1088.675 1089.136 1102.461 1098.019 1091.135 1083.563 1075.928 1068.406 1063.861 1063.678 1067.957 1073.807 1079.929 1082.984 1082.395 1080.396 1084.7 1083.056 1086.163 1087.392 1082.185 1086.37 1089.908 1086.398 1090.264 1091.439 1091.516 1093.155 1096.959 1098.574 1097.707 1099.636 1099.694 1097.832 1095.584 1093.324 1087.472 1076.659 1077.322 1082.202 1083.686 1084.94 1082.538 1081.05 1076.866 1067.511 1059.778 1060.096 1056.539 1064.154 1063.718 1060.671 1055.731 1052.436 1051.293 1053.782 1053.196 1050.922 1049.811 1052.182 1057.427 1053.699 1050.855 1047.911 1041.987 1037.394 1034.876 1026.953 1033.336 1033.471
1111.464 1100.69 1094.796 1096.593 1104.658 1096.149 1096.569 1091.464 1081.234 1070.393 1065.312 1066.397 1066.832 1073.831 1079.981 1078.39 1076.955 1080.9 1081.917 1087.127 1090.487 1090.708 1093.842 1094.602 1091.746 1093.526 1097.821 1099.171 1098.21 1098.11 1099.758 -9999 1099.455 1100.439 1098.823 1097.219 1096.385 1092.938 1091.342 1078.512 1077.734 1078.637 1080.537 1079.241 1078.969 1076.565 1075.417 1072.393 1064.776 1055.282 1053.938 1057.14 1055.155 1057.498 1057.324 1056.149 1056.544 1058.858 1060.141 1052.702 1048.633 1050.282 1050.371 1045.187 1041.008 1038.928 1034.769 1037.693 1040.689 1026.045 1033.348 1040.052
1105.012 1094.044 1092.701 1100.188 1104.577 1098.829 1088.363 1082.918 1078.438 1072.393 1066.657 1066.85 1073.198 1076.154 1075.04 1077.839 1080.52 1081.379 1085.843 1089.341 1089.543 1087.293 1089.142 1086.829 1087.441 1095.372 1099.529 1102.191 1100.271 1097.308 -9999 1098.24 1101.174 1099.347 1096.175 1096.681 1097.361 1091.623 1084.339 1076.915 1073.7 1072.454 1072.277 1074.531 1072.925 1071.306 1071.839 1070.32 1066.688 1063.93 1063.891 1064.917 1059.654 1056.16 1057.035 1060.192 1060.454 1055.13 1059.37 1055.024 1051.629 1050.903 1044.179 1034.18 1022.127 1028.678 1033.494 1041.315 1045.771 1035.203 1033.596 1033.218
1104.198 1086.116 1090.461 1102.852 1102.519 1096.269 1086.117 1077.246 1070.737 1071.591 1074.014 1068.712 1070.2 1073.217 1079.238 1081.801 1081.364 1080.47 1083.057 1081.139 1079.62 1076.973 1081.613 1088.097 1094.559 1095.247 1094.042 1091.584 1094.463 1098.612 1099.608 1099.097 1097.493 1098.979 1098.769 1097.65 1096.03 1091.769 1086.093 1078.563 1070.451 1065.802 1066.139 1068.622 1065.073 1071.793 1071.624 1068.249 1064.827 1061.478 1059.205 1061.718 1062.536 1059.82 1057.486 1056.674 1057.469 1062.114 1059.413 1057.295 1054.109 1047.711 1042.1 1037.438 1036.501 1036.05 1044.016 1052.2 1048.753 1037.38 1047.035 1038.382
1108.958 1104.382 1104.98 1107.563 1103.202 1099.048 1088.806 1076.617 1065.495 1066.315 1072.948 1071.469 1068.687 1074.622 1079.433 1074.812 1073.205 1078.171 1079.308 1071.506 1071.567 1072.266 1076.012 1080.69 1085.851 1086.264 1088.312 1091.796 1096.253 1101.58 1104.924 1104.189 1100.334 1099.179 1098.05 1096.116 1092.85 1091.077 1091.55 1089.995 1083.254 1072.296 1064.843 1068.268 1068.138 1068.583 1067.241 1065.178 1061.246 1053.199 1043.918 1053.562 1059.406 1059.292 1056.215 1053.525 1053.193 1061.429 1053.094 1045.111 1048.449 1055.667 1054.849 1044.121 1048.435 1047.883 1044.923 1048.631 1050.572 1044.495 1049.436 1047.039
1118.563 1115.333 1112.861 1110.321 1105.227 1096.739 1080.267 1067.789 1062.913 1066.158 1070.211 1067.856 1066.245 1069.49 1074.737 1072.54 1071.707 1074.172 1075.698 1076.221 1072.715 1072.742 1077.472 1079.591 1084.608 1090.466 1095.2 1098.685 1103.045 1104.94 1101.154 1092.139 1099.943 1096.324 1097.242 1095.824 1094.125 1094.277 1096.957 1091.094 1084.78 1083.513 1081.293 1073.714 1068.466 1064.63 1058.497 1051.095 1049.874 1053.107 1054.323 1055.858 1054.997 1055.186 1055.209 1056.453 1058.843 1059.711 1046.598 1041.688 1043.801 1051.046 1055.212 1047.698 1050.11 1034.837 1039.149 1049.005 1046.014 1032.04 1037.933 1038.097
1121.518 1118.364 1114.326 1110.67 1103.827 1095.661 1076.961 1058.613 1062.398 1071.015 1074.176 1070.727 1067.052 1066.882 1070.574 1071.6 1069.109 1068.966 1074.632 1076.386 1076.402 1078.898 1086.135 1089.304 1088.326 1093.745 1094.564 1096.877 1101.192 1102.79 1100.578 1099.465 1099.452 1098.764 1099.457 1098.112 1095.953 1095.544 1100.178 1089.962 1089.09 1089.537 1086.5 1076.157 1057.836 1056.581 1049.115 1053.423 1057.175 1059.884 1063.001 1058.035 1055.668 1046.357 1044.695 1050.155 1056.208 1056.431 1051.036 1052.95 1050.193 1044.497 1041.323 1038.887 1031.105 1023.383 1028.732 1039.061 1043.213 1039.93 1036.734 1031.03
1122.366 1119.539 1115.342 1111.56 1101.415 1092.22 1071.936 1062.804 1068.357 1075.256 1077.832 1077.051 1074.301 1072.51 1069.929 1069.189 1066.135 1066.442 1073.095 1075.252 1077.212 1079.272 1084.531 1088.235 1090.847 1091.33 1096.131 1098.356 1098.701 1099.849 1100.924 1099.723 1099.33 1099.727 1099.562 1098.341 1098.936 1100.384 1097.165 1090.28 1091.643 1089.503 1081.715 1075.127 1077.867 1074.25 1069.535 1066.987 1064.326 1061.071 1058.429 1056.446 1056.018 1050.076 1043.334 1044.985 1050.754 1052.624 1048.337 1044.82 1046.984 1041.634 1032.659 1032.721 1032.228 1043.194 1038.495 1041.065 1044.771 1039.736 1026.687 1031.82
1122.167 1119.723 1116.175 1112.307 1099.748 1085.118 1069.827 1069.379 1076.877 1081.287 1082.769 1082.309 1077.458 1075.251 1072.481 1068.387 1067.686 1070.48 1074.905 1078.866 1079.741 1081.201 1086.47 1089.992 1093.456 1095.658 1097.635 1097.151 1098.6 1101.181 1101.665 1099.501 1098.849 1100.3 1101.24 1101.382 1101.533 1100.446 1097.266 1088.7 1085.947 1085.604 1084.766 1081.843 1079.773 1076.504 1070.635 1066.752 1064.494 1059.706 1053.667 1053.202 1052.297 1053.591 1053.043 1053.367 1056.136 1057.031 1053.476 1053.436 1057.172 1050.437 1041.46 1042.901 1042.387 1048.995 1045.2 1044.787 1042.054 1033.639 1025.268 1040.803
1122.964 1119.452 1116.263 1112.579 1098.322 1083.33 1080.361 1081.214 1081.547 1080.913 1082.631 1085.901 1082.83 1079.231 1078.953 1075.173 1075.489 1078.007 1079.567 1082.084 1081.41 1082.929 1089.392 1092.641 1096.135 1099.279 1096.294 1098.422 1100.781 1103.002 1102.603 1099.035 1099.719 1100.961 1099.497 1098.409 1099.021 1100.98 1102.974 1096.579 1093.029 1088.436 1084.553 1080.075 1073.194 1075.773 1067.872 1057.499 1056.547 1058.796 1056.608 1050.14 1051.311 1053.708 1055.151 1056.574 1057.871 1052.565 1047.196 1046.294 1047.308 1034.737 1030.499 1045.893 1045.767 1047.09 1044.139 1039.062 1038.776 1039.204 1036.689 1039.52
1124.579 1121.653 1116.275 1111.422 1100.545 1099.808 1094.668 1097.825 1100.504 1096.416 1091.765 1090.308 1087.629 1091.04 1089.17 1084.594 1081.163 1083.722 1089.172 1090.724 1087.07 1086.327 1090.605 1092.197 1093.653 1095.774 1094.057 1097.14 1096.127 1096.107 1098.192 1100.085 1099.675 1099.809 1098.227 1101.048 1101.376 1098.942 1096.553 1090.654 1087.692 1085.355 1083.086 1081.593 1078.551 1072.271 1071.005 1068.433 1067.959 1066.264 1063.322 1060.824 1059.62 1059.854 1061.151 1054.006 1054.871 1055.362 1046.713 1058.929 1071.344 1057.81 1040.16 1037.144 1040.15 1030.436 1032.464 1027.885 1033.337 1041.43 1043.283 1044.669
1122.339 1120.149 1117.918 1112.598 1103.647 1096.68 1091.708 1100.578 1104.616 1099.933 1090.93 1085.157 1085.708 1087.115 1091.411 1089.937 1086.483 1086.621 1089.986 1090.673 1089.111 1087.676 1092.265 1092.314 1091.449 1093.027 1091.526 1093.279 1093.395 1096.027 1099.728 1100.161 1098.151 1097.074 1100.754 1100.988 1099.067 1097.214 1096.274 1089.022 1087.516 1084.947 1083.056 1080.879 1078.822 1076.589 1072.439 1070.621 1069.182 1066.847 1064.31 1062.798 1063.384 1063.195 1064.292 1055.703 1049.094 1063.611 1069.698 1073.957 1074.253 1059.54 1038.013 1026.603 1032.365 1034.465 1042.646 1039.937 1041.748 1045.131 1046.332 1048.424
1121.866 1118.849 1117.116 1115.346 1100.067 1093.945 1093.102 1097.219 1094.613 1083.1 1078.876 1082.094 1086 1091.048 1090.849 1091.352 1088.589 1088.249 1090.308 1093.395 1096.916 1095.648 1092.336 1091.623 1091.855 1091.657 1091.643 1094.355 1097.693 1100.941 1101.43 1100.295 1098.1 1099.257 1100.146 1097.823 1096.245 1096.55 1096.278 1086.591 1087.944 1086.724 1085.154 1082.517 1079.148 1074.736 1070.05 1068.342 1064.406 1062.565 1063.281 1063.14 1062.489 1063.791 1064.808 1064.2 1063.676 1059.776 1067.144 1072.632 1053.532 1045.261 1056.573 1068.024 1061.655 1056.784 1061.452 1056.289 1052.14 1051.505 1051.23 1050.783
1119.881 1117.632 1112.286 1105.497 1093.599 1096.078 1098.488 1095.769 1087.722 1082.059 1079.589 1083.815 1091.942 1091.069 1090.922 1094.708 1089.746 1087.361 1090.593 1092.865 1092.361 1092.637 1091.268 1090.704 1091.225 1092.297 1097.273 1095.53 1097.411 1098.181 1097.86 1098.283 1099.409 1097.536 1096.773 1095.556 1093.853 1093.292 1092.648 1088.416 1089.238 1088.87 1087.476 1084.145 1080.118 1076.707 1072 1066.879 1065.178 1065.944 1067.633 1067.108 1060.891 1061.433 1059.532 1065.528 1068.125 1080.111 1075.804 1073.668 1064.465 1050.339 1054.039 1068.491 1075.307 1076.636 1073.983 1063.844 1058.68 1054.526 1050.511 1051.298
1112.659 1109.287 1104.612 1100.172 1100.149 1101.987 1101.67 1101.711 1088.364 1086.773 1088.783 1088.069 1086.075 1086.492 1090.564 1094.03 1087.732 1083.757 1086.087 1089.788 1089.841 1092.755 1092.621 1092.888 1092.859 1092.767 1093.695 1093.213 1095.759 1097.566 1099.315 1099.97 1099.764 1096.928 1096.306 1096.221 1093.483 1091.755 1090.282 1088.773 1088.836 1086.547 1086.065 1084.844 1081.397 1078.72 1073.721 1067.042 1066.858 1066.768 1067.982 1069.475 1066.483 1058.212 1060.64 1064.013 1066.252 1067.765 1068.334 1075.203 1087.887 1093.143 1087.897 1083.07 1081.189 1071.793 1080.247 1076.823 1069.515 1055.668 1037.507 1026.63
1111.483 1105.097 1100.638 1097.863 1105.535 1106.776 1101.815 1112.074 1097.78 1094.469 1094.647 1092.378 1089.799 1091.633 1091.303 1092.118 1090.314 1089.205 1089.876 1091.141 1088.639 1090.192 1089.9 1091.099 1092.743 1093.855 1093.214 1094.011 1094.799 1100.358 1101.894 1099.851 1098.696 1098.681 1095.683 1095.637 1093.647 1091.522 1089.484 1087.131 1088.407 1087.007 1086.657 1085.491 1083.091 1080.017 1074.778 1068.739 1069.666 1069.147 1068.98 1069.884 1069.223 1068.307 1062.583 1064.521 1069.905 1078.179 1077.759 1085.203 1088.182 1085.525 1085.862 1088.267 1088.344 1087.982 1096.979 1086.872 1074.781 1064.33 1040.873 1012.386
1110.415 1102.51 1101.866 1101.006 1103.165 1103.643 1099.181 1101.124 1092.173 1093.186 1095.306 1096.02 1095.518 1092.804 1091.986 1095.128 1095.982 1093.956 1091.758 1090.192 1087.179 1086.939 1090.974 1092.469 1094.146 1094.693 1091.235 1094.588 1099.15 1102.112 1102.486 1101.834 1102.163 1101.329 1096.149 1099.65 1097.864 1093.6 1090.704 1088.442 1089.286 1089.141 1087.373 1084.905 1082.714 1080.152 1077.086 1083.696 1083.276 1077.045 1071.377 1068.806 1068.539 1070.021 1069.279 1067.868 1068.794 1075.909 1082.756 1089.721 1091.206 1096.193 1087.635 1086.31 1095.427 1098.872 1102.497 1085.606 1077.239 1068.258 1068.599 1080.181
1102.172 1098.905 1102.577 1102.625 1099.092 1096.419 1091.984 1083.441 1083.37 1086.698 1089.118 1091.238 1092.553 1089.867 1087.985 1088.392 1088.004 1089.236 1090.41 1088.755 1086.13 1086.441 1088.291 1089.678 1091.532 1093.154 1096.148 1099.141 1099.82 1100.887 1100.074 1099.051 1099.366 1100.093 1096.601 1100.319 1099.028 1096.333 1094.765 1092.615 1091.9 1090.77 1090.348 1088.12 1084.865 1084.391 1089.685 1083.553 1087.332 1078.073 1070.813 1067.506 1064.955 1068.183 1074.503 1075.076 1079.634 1085.509 1091.74 1098.42 1113.069 1112.353 1093.496 1090.648 1103.404 1106.815 1103.331 1090.75 1082.99 1061.524 1045.678 1056.516
1093.677 1097.416 1099.272 1099.394 1093.184 1091.368 1087.635 1084.402 1089.165 1088.798 1088.06 1088.318 1087.307 1085.464 1083.057 1085.792 1087.507 1089.625 1089.773 1087.802 1086.591 1086.923 1090.246 1091.291 1092.8 1094.678 1096.319 1097.855 1102.772 1101.029 1100.734 1100.318 1098.712 1099.454 1101.934 1105.558 1100.096 1096.92 1096.725 1096.729 1097.668 1094.317 1092.421 1089.323 1085.359 1087.94 1098.803 1082.676 1082.904 1078.115 1074.673 1069.43 1062.966 1068.046 1074.49 1079.799 1086.117 1096.137 1101.816 1103.605 1127.228 1131.283 1122.743 1112.602 1109.717 1114.245 1110.14 1095.305 1083.62 1070.034 1058.782 1068.206
1090.205 1096.517 1099.041 1097.993 1089.724 1090.402 1089.652 1085.478 1085.63 1085.15 1084.676 1088.562 1091.926 1090.835 1089.812 1086.537 1091.053 1092.616 1090.799 1088.87 1088.981 1087.965 1091.6 1092.009 1092.048 1093.011 1094.874 1096.972 1099.416 1097.817 1100.972 1101.318 1098.707 1100.746 1107.39 1106.827 1102.184 1102.068 1101.799 1097.624 1097.618 1096.117 1094.2 1090.783 1086.789 1082.659 1078.723 1083.587 1075.209 1080.798 1080.561 1077.2 1074.255 1069.516 1068.734 1083.437 1089.287 1105.597 1116.289 1128.895 1124.799 1120.45 1122.378 1117.661 1114.051 1116.855 1113.323 1101.212 1093.543 1092.74 1096.299 1098.953
1091.151 1093.298 1094.293 1093.185 1088.474 1087.652 1088.449 1084.636 1085.351 1086.258 1084.008 1084.691 1089.178 1094.317 1097.297 1089.797 1092.078 1091.807 -9999 1090.145 1090.833 1089.588 1091.272 1092.647 1093.87 1094.672 1094.837 1096.797 1094.948 1095.538 1096.788 1097.892 1099.63 1102.128 1108.383 1109.935 1103.837 1100.968 1103.214 1101.841 1098.407 1097.26 1096.654 1092.833 1087.156 1082.166 1077.256 1076.87 1075.309 1078.239 1080.375 1088.007 1098.416 1098.114 1084.452 1075.699 1084.71 1110.321 1119.273 1134.929 1122.714 1110.488 1112.32 1113.169 1113.284 1112.898 1105.333 1102.579 1098.192 1086.897 1088.635 1092.603
1092.702 1092.479 1092.149 1087.91 1089.053 1090.246 1087.63 1083.205 1079.719 1083.27 1085.86 1087.81 1090.34 1093.837 1097.747 1095.54 1092.293 1090.645 1090.45 1091.183 1092.37 1092.537 1095.95 -9999 -9999 -9999 1098.726 1096.96 1096.824 1095.052 1090.274 1092.662 1099.259 1102.394 1105.035 1105.312 1101.71 1100.373 1102.186 1104.732 1097.755 1099.695 1098.119 1092.884 1087.463 1084.61 1086.817 1098.446 1081.173 1075.901 1077.089 1091.116 1105.123 1099.842 1094.491 1117.162 1118.739 1117.606 1112.234 1124.296 1129.118 1119.62 1118.645 1112.652 1107.561 1105.617 1100.466 1093.165 1085.012 1090.362 1097.88 1100.415
1093.141 1091.321 1088.81 1088.983 1086.804 1084.491 1076.968 1074.863 1073.65 1078.31 1078.468 1085.384 1093.731 1096.262 1096.086 1095.426 1094.309 1092.941 1092.436 1094.258 1095.807 1096.156 1099.346 1098.887 1099.336 1100.886 1099.453 -9999 1095.757 -9999 1085.974 1092.7 1097.346 1099.933 1102.106 1102.72 1101.951 1102.347 1103.683 1105.36 1101.957 1103.299 1101.961 1091.579 1086.672 1097.465 1116.678 1110.924 1105.614 1081.931 1078.388 1088.905 1099.272 1100.59 1107.758 1117.182 1122.623 1116.962 1123.82 1121.368 1125.147 1122.529 1118.556 1117.486 1108.287 1096.822 1090.649 1080.438 1088.722 1100.633 1102.804 1100.495
1094.249 1090.879 1088.957 1090.514 1087.19 1083.574 1076.924 1074.358 1070.52 1075.665 1082.196 1083.976 1083.684 1087.449 1095.338 1095.226 1093.099 1092.138 -9999 1093.135 1093.964 1098.461 1098.775 1099.451 1102.53 1103.237 1101.708 1102.538 1097.308 1092.319 1091.754 1091.845 1094.702 1100.326 1104.876 1105.178 1105.845 1107.64 1105.915 1105.241 1106.245 1102.893 1099.397 1091.938 1096.022 1108.551 1116.561 1110.971 1104.144 1109.564 1114.671 1106.336 1101.188 1109.231 1104.449 1109.261 1108.252 1106.852 1111.959 1109.83 1112.077 1117.55 1117.669 1113.015 1104.984 1095.834 1090.73 1095.947 1096.466 1098.433 1096.735 1094.546
1093.305 1090.6 1089.224 1088.177 1087.149 1086.977 1085.481 1077.718 1076.207 1088.242 1097.836 1099.513 1097.243 1093.172 1088.073 1095.419 1095.419 -9999 1094.372 1093.649 1094.496 1099.867 1098.759 1100.404 1103.124 1102.398 1096.415 1088.577 1102.093 1104.783 1093.797 1087.196 1091.658 1101.969 1107.144 1107.912 1108.992 1106.456 1100.458 1094.88 1100.861 1098.348 1096.927 1099.095 1099.806 1097.973 1094.969 1095.908 1098.744 1100.994 1105.862 1099.852 1095.636 1102.922 1105.484 1104.498 1109.481 1100.576 1110.786 1111.681 1108.314 1111.774 1114.676 1112.504 1106.242 1100.346 1096.528 1096.181 1099.88 1096.159 1092.037 1090.417
1093.436 1090.045 1090.654 1090.667 1089.019 1089.812 1092.103 1089.879 1079.599 1094.962 1100.09 1096.551 1093.432 1093.121 1092.113 1091.122 1099.078 1097.191 1097.732 1096.456 1091.414 1088.758 1097.565 1101.502 1104.247 1097.009 1088.942 1095.183 1094.056 1103.306 1096.9 1091.603 1091.15 1096.102 1105.652 1103.134 1109.781 1107.233 1101.904 1094.676 1104.186 1101.915 1100.144 1101.93 1099.409 1094.247 1093.423 1100.101 1105.208 1103.543 1104.714 1110.502 1111.838 1109.045 1113.987 1104.004 1108.544 1119.658 1110.506 1098.753 1102.116 1103.336 1096.756 1094.729 1093.708 1096.451 1102.371 1102.189 1087.052 1082.687 1079.556 1077.904
1093.578 1094.169 1092.398 1094.025 1098.598 1099.774 1097.287 1091.239 1079.827 1088.451 1092.156 1087.353 1085.7 1090.415 1096.7 1100.641 1100.483 1095.282 1095.994 1095.595 1093.62 1094.029 1099.437 1103.709 1098.58 1091.449 1088.979 1093.061 1096.494 1107.109 1102.027 1095.191 1088.818 1089.697 1100.415 1092.176 1101.374 1099.733 1102.72 1104.667 1108.026 1104.534 1095.67 1091.479 1097.654 1102.959 1107.997 1114.651 1108.313 1103.907 1104.108 1108.269 1112.198 1112.812 1109.408 1104.548 1110.263 1111.797 1107.445 1103.749 1107.23 1112.673 1092.072 1093.649 1095.62 1095.742 1094.524 1087.32 1067.338 1077.462 1080.041 1078.671
1103.667 1101.778 1097.053 1093.385 1097.21 1098.282 1099.031 1097.459 1095.03 1091.828 1088.268 1087.52 1088.271 1092.074 1099.947 1106.555 1102.481 1099.315 1095.269 -9999 1093.655 1093.411 1096.987 1092.9 1081.493 1073.373 1075.463 1085.342 1095.711 1105.64 1104.237 1100.72 1093.449 1090.384 1096.688 1093.265 1095.389 1095.458 1099.351 1102.898 1102.608 1101.166 1099.371 1100.035 1106.125 1107.616 1104.052 1105.798 1115.917 1108.029 1104.646 1106.868 1111.14 1109.205 1098.69 1100.634 1108.747 1106.498 1105.376 1105.198 1101.963 1105.452 1095.842 1096.345 1100.762 1101.566 1099.105 1095.846 1074.607 1083.045 1090.152 1085.321
