features/re_bio10.asc
ncols         768
nrows         589
xllcorner     124.299398925
yllcorner     32.893460211367
cellsize      0.010567299164062
NODATA_value  -9999
[rows 288 to 319 of 589, columns 216 to 287 of 768]
-9999 -9999 -9999 -9999 -9999 -9999 -9999 27.03796 27.0248 26.9985 26.9952 26.98631 26.98936 27.0133 27.02326 27.0309 27.0309 27.03849 27.04176 27.01964 27.02104 27.04767 27.06581 27.08939 27.12753 27.15692 27.16882 27.17724 27.16803 27.1647 27.14803 27.16179 27.17803 27.20305 27.22699 27.25075 27.31799 27.37767 27.41434 27.40111 27.3924 27.45104 27.50627 27.58746 27.64702 27.67294 27.80875 27.73806 27.62925 27.58878 27.55742 27.4071 26.71724 26.3405 25.9314 26.15455 26.00978 25.80839 26.54193 25.85072 25.84 25.97803 26.01168 26.18584 26.12487 25.91384 26.10961 25.64491 26.00717 26.77301 26.89713 26.0734
-9999 -9999 -9999 -9999 -9999 -9999 -9999 27.05287 26.94849 26.91452 26.9805 26.98688 26.99111 26.9867 26.99437 27.03376 27.06444 27.07319 27.06771 27.06975 27.07685 27.0862 27.10376 27.13878 27.15384 27.16996 27.17731 27.19129 27.18982 27.19509 27.07158 27.12674 27.21158 27.23982 27.25172 27.27674 27.31036 27.32211 27.38068 27.41308 27.46394 27.53448 27.55287 27.60473 27.67165 27.69326 27.75405 27.71817 27.63975 27.58097 27.49717 27.14788 26.00642 26.05674 25.94577 26.11534 26.21215 26.25222 26.68441 26.30989 26.05957 26.73111 26.35774 25.87986 26.25771 26.62875 25.92878 26.00391 25.61767 26.61441 26.12251 26.31928
-9999 -9999 -9999 -9999 -9999 -9999 -9999 -9999 -9999 27.01176 26.98986 26.97237 26.95613 26.97774 27.00609 27.01803 27.06527 27.10796 27.12423 27.11434 27.10004 27.07348 27.10907 27.1352 27.13803 27.17064 27.21082 27.23867 27.25706 27.25319 27.19645 27.22125 27.23971 27.2647 27.29928 27.30803 27.31229 27.3448 27.38054 27.40115 27.5052 27.59824 27.60796 27.64036 27.69857 27.7114 27.71785 27.7091 27.66563 27.6047 27.50129 27.12366 26.18692 25.27444 25.69427 25.89763 26.27731 26.59057 26.91168 26.69724 25.96043 26.72111 26.60043 26.3762 26.51427 26.79068 26.69939 26.17477 26.21172 25.35108 24.45151 24.86351
-9999 -9999 -9999 -9999 -9999 -9999 -9999 -9999 -9999 27.07778 27.0538 27.02749 27.0134 27.00695 27.03738 27.05498 27.07699 27.09681 27.0967 27.11079 27.17731 27.26606 27.17448 27.20323 27.2414 27.25441 27.28147 27.3114 27.31846 27.2148 27.24742 27.26574 27.28502 27.29362 27.31208 27.31426 27.32713 27.36724 27.39118 27.38688 27.46061 27.59384 27.60344 27.6714 27.70914 27.72097 27.71638 27.71315 27.70136 27.66993 27.52738 26.9843 25.67624 25.31215 26.11082 26.06616 26.26846 26.50237 27.04871 26.76244 26.65803 27.02903 27.12169 27.0238 26.95409 27.00405 26.94953 26.36409 25.55445 25.15627 24.60233 25.34355
-9999 -9999 -9999 -9999 -9999 -9999 -9999 -9999 -9999 27.11036 27.09731 27.08305 27.0495 27.04516 27.05176 27.08559 27.11731 27.14907 27.1481 27.1348 27.15738 27.20957 27.16305 27.23839 27.27093 27.26717 27.27219 27.30799 27.19452 27.26158 27.27341 27.28617 27.29584 27.31642 27.32391 27.33244 27.33007 27.35398 27.35935 27.37244 27.4029 27.50491 27.57939 27.61907 27.67369 27.71957 27.68993 27.68118 27.69118 27.51631 27.02882 26.45875 26.18667 25.83749 25.72108 25.87896 26.29455 26.3195 27.01369 27.14767 26.76351 26.93864 27.16943 27.15742 27.23254 27.23043 26.83738 26.37283 26.70136 25.95953 24.87269 24.75251
-9999 -9999 -9999 -9999 -9999 -9999 -9999 -9999 -9999 -9999 -9999 -9999 -9999 -9999 -9999 -9999 -9999 -9999 27.21004 27.18384 27.15649 27.16136 27.21427 27.33989 27.3043 27.2481 27.2314 27.26867 27.25509 27.28971 27.30914 27.31011 27.3315 27.34233 27.34767 27.34731 27.34946 27.37125 27.38319 27.39194 27.41161 27.46914 27.50706 27.57262 27.56681 27.58767 27.57606 27.61939 27.65975 27.53918 27.25208 26.93971 26.52624 26.12796 26.37398 26.27814 26.53154 26.79817 27.05828 27.07355 26.96577 26.77964 26.98097 27.2486 27.27581 26.91903 26.05523 24.96147 25.33466 25.4252 25.53685 24.74559
-9999 -9999 -9999 -9999 -9999 -9999 -9999 -9999 -9999 -9999 -9999 -9999 -9999 -9999 -9999 -9999 -9999 27.20903 27.21659 27.18491 27.1033 27.18828 27.23161 27.35513 27.3819 27.31233 27.21789 27.26588 27.31591 27.32441 27.32423 27.33168 27.34358 27.35534 27.36602 27.37025 27.3767 27.40057 27.40595 27.4638 27.49867 27.52154 27.52781 27.599 27.55136 27.61509 27.55591 27.56272 27.6329 27.6381 27.44466 27.12462 27.03104 27.10735 26.44677 26.59896 26.08215 26.23778 27.31624 27.28681 27.0147 27.02778 27.20846 27.04305 26.90287 26.26996 25.47491 25.57828 25.34226 25.49366 25.74082 24.48502
-9999 -9999 -9999 -9999 -9999 -9999 -9999 -9999 -9999 -9999 -9999 -9999 -9999 -9999 -9999 -9999 -9999 27.24355 27.26298 27.23996 27.17115 27.2938 27.25036 27.37477 27.42638 27.38455 27.33426 27.35251 27.37294 27.36473 27.40047 27.41774 27.40029 27.38477 27.38785 27.40946 27.41387 27.48125 27.50423 27.53233 27.55186 27.5724 27.57355 27.60161 27.63692 27.62495 27.56176 27.58667 27.55717 27.54398 27.55147 27.43176 27.13882 26.83634 27.13341 26.36728 26.13971 26.68491 27.39867 27.39011 27.55007 27.57294 27.58498 27.11613 26.55169 26.33097 26.15699 25.74921 25.89477 25.0091 25.26212 25.28584
-9999 -9999 -9999 -9999 -9999 -9999 -9999 -9999 -9999 -9999 -9999 -9999 -9999 -9999 -9999 -9999 -9999 27.26068 27.26925 27.28111 27.30351 27.33846 27.24677 27.39505 27.39896 27.36595 27.3724 27.38627 27.39806 27.41315 27.53487 27.46029 27.40874 27.39341 27.43358 27.49889 27.4847 27.50961 27.52047 27.50968 27.53125 27.57369 27.58018 27.5919 27.59147 27.60979 27.56416 27.6053 27.5747 27.54315 27.56136 27.55473 27.46538 27.10487 27.35534 26.97437 26.82534 26.51516 27.36279 27.42702 27.29312 27.68921 27.6752 27.55878 27.41846 26.75724 25.40419 24.15638 24.37441 25.23606 26.32835 26.52842
-9999 -9999 -9999 -9999 -9999 -9999 -9999 -9999 -9999 -9999 -9999 -9999 -9999 -9999 -9999 -9999 27.29756 27.26688 27.25355 27.27509 27.33039 27.38584 27.23215 27.3729 27.44341 27.47376 27.42459 27.36767 27.40892 27.43183 27.49233 27.46706 27.44617 27.46534 27.51298 27.54796 27.49466 27.49348 27.51645 27.4957 27.53158 27.59115 27.57803 27.55943 27.51057 27.55369 27.57498 27.60308 27.56928 27.56387 27.6138 27.61455 27.51319 27.07882 26.79258 27.3095 27.21265 27.13645 27.59011 27.64025 27.56742 27.78602 27.67179 26.97907 26.91491 27.18681 26.76914 25.91631 26.58602 26.94606 26.01136 24.7781
-9999 -9999 -9999 -9999 -9999 -9999 -9999 27.3914 27.40233 27.39258 27.33384 27.26423 27.27391 27.24552 27.2891 27.33183 27.33161 27.31943 27.31272 27.33753 27.35932 27.40839 27.34047 27.38237 27.4857 27.54308 27.49036 27.41814 27.45968 27.47075 27.4662 27.5314 27.51839 27.53771 27.57857 27.56552 27.52738 27.58946 27.59584 27.56867 27.55355 27.51513 27.50986 27.51072 27.48244 27.52677 27.59154 27.63362 27.61498 27.61495 27.66376 27.66996 27.4728 26.91989 27.0886 26.81975 27.32466 27.59351 27.82512 27.81301 27.86097 27.63799 27.4781 26.43316 26.34832 26.73204 26.99419 26.59591 24.93319 25.83011 25.31746 24.82552
27.29545 -9999 -9999 -9999 -9999 27.34376 27.34606 27.43387 27.46864 27.46082 27.40871 27.31932 27.29183 27.31788 27.33864 27.35928 27.36462 27.3743 27.39613 27.40695 27.40674 27.44154 27.44455 27.38523 27.5147 27.53301 27.47935 27.49437 27.55 27.51939 27.5228 27.65746 27.59652 27.54885 27.5843 27.61323 27.58946 27.60799 27.56663 27.5428 27.52534 27.47864 27.50022 27.5152 27.50756 27.52806 27.6338 27.65086 27.66165 27.71251 27.74832 27.70563 27.64702 27.60817 27.55032 27.53391 27.47387 27.64677 27.57158 27.33459 27.64118 26.39502 26.98007 25.38595 24.97602 25.44996 26.08609 26.46323 25.95079 26.25315 25.87778 26.24215
-9999 -9999 -9999 -9999 -9999 27.38169 27.42516 27.40136 27.46262 27.49656 27.429 27.33936 27.34574 27.3543 27.35326 27.37835 27.38376 27.39799 27.40466 27.39247 27.41384 27.47369 27.49197 27.4633 27.54158 27.55118 27.51936 27.55323 27.60961 27.57459 27.57459 27.66706 27.65194 27.59412 27.59183 27.62315 27.60355 27.54932 27.51233 27.5048 27.49179 27.48728 27.49803 27.50982 27.53796 27.6072 27.7357 27.76061 27.76799 27.79595 27.80462 27.75355 27.70018 27.63728 27.69262 27.70151 27.73627 27.75115 27.7314 27.56061 27.20065 25.45419 26.12405 25.34652 25.10609 26.00975 26.82989 26.84301 26.68068 25.22054 26.13021 26.05283
-9999 -9999 -9999 -9999 -9999 27.3991 27.49147 27.41806 27.39943 27.43323 27.46018 27.44703 27.42839 27.36935 27.40986 27.38703 27.389 27.39882 27.39778 27.40301 27.45606 27.55835 27.54495 27.56104 27.62849 27.60979 27.55953 27.56828 27.57817 27.57473 27.67681 27.74534 27.75616 27.66788 27.62979 27.62982 27.56667 27.53193 27.51126 27.50491 27.5104 27.51344 27.5176 27.52946 27.57921 27.65595 27.81706 27.85384 27.79717 27.70889 27.73616 27.79172 27.72523 27.69903 27.84272 27.77971 27.78613 27.81527 27.4919 27.32971 27.06871 26.23108 25.08982 24.70563 25.40763 26.38072 26.52057 26.15946 26.46319 26.05287 25.18158 25.27201
-9999 -9999 -9999 -9999 -9999 27.38229 27.54599 27.55785 27.44767 27.40742 27.43029 27.46853 27.49036 27.45151 27.50624 27.41606 27.38423 27.38627 27.41226 27.43505 27.46337 27.52867 27.54115 27.65219 27.60745 27.58229 27.66064 27.71075 27.58674 27.58656 27.61258 27.77778 27.74943 27.66878 27.64821 27.63935 27.56444 27.55362 27.54068 27.53416 27.52975 27.5372 27.57183 27.63348 27.67674 27.68093 27.74136 27.75738 27.68875 27.68979 27.76348 27.81254 27.77014 27.77444 27.84821 27.85254 27.82724 27.80434 27.16441 27.33634 26.85219 25.62735 24.31233 24.19917 24.93466 25.71953 25.83857 25.37817 25.45283 26.65538 24.9148 25.04366
-9999 -9999 -9999 -9999 -9999 27.43774 27.5133 27.52405 27.52882 27.47222 27.4172 27.41889 27.44617 27.50061 27.50265 27.49369 27.40874 27.41746 27.4728 27.50416 -9999 -9999 -9999 -9999 -9999 -9999 27.68319 27.75498 27.78867 27.62244 27.63208 27.66007 27.67308 27.70133 27.6981 27.63824 27.58294 27.57097 27.56986 27.59488 27.62312 27.60237 27.67502 27.71183 27.65412 27.65613 27.74254 27.68914 27.70864 27.72921 27.77903 27.87222 27.93326 27.83527 27.8581 27.96118 28.00566 27.93168 26.93272 26.66961 25.9005 24.5638 25.24495 24.37312 24.64086 25.49788 26.21086 26.06387 25.35165 26.33122 25.33018 24.16523
-9999 -9999 -9999 -9999 -9999 27.46982 -9999 -9999 27.60717 -9999 -9999 -9999 27.50563 27.49147 27.47373 27.45735 27.46258 27.48871 -9999 -9999 -9999 -9999 -9999 -9999 -9999 -9999 27.63842 27.67527 27.75785 27.67079 27.68817 27.79466 27.82079 27.79452 27.79663 27.77362 27.74426 27.72143 27.69641 27.65097 27.69011 27.85538 27.76832 27.66075 27.72154 27.93226 27.92344 27.87323 27.87957 27.96631 28.02703 28.04326 28.08118 28.16362 28.14391 28.07434 28.04487 27.94917 27.38882 26.66975 25.9215 25.27771 25.16147 25.93574 25.2762 25.21634 24.88434 24.74104 25.35168 25.07552 25.97996 24.42548
-9999 -9999 -9999 -9999 -9999 -9999 -9999 -9999 -9999 -9999 -9999 -9999 -9999 -9999 -9999 -9999 -9999 -9999 -9999 -9999 -9999 -9999 -9999 -9999 -9999 27.73272 27.67731 27.66201 27.69254 27.67943 27.69469 27.71423 27.71201 27.7119 27.81394 27.88215 27.81667 27.73538 27.69645 27.70742 27.7552 27.79401 27.73322 27.73229 27.80394 27.92882 28.01093 28.03599 28.2109 28.25197 28.22799 28.22695 28.22255 28.19588 28.19269 28.16251 28.16039 28.08968 27.72516 27.41523 27.15842 26.86158 26.57111 26.98781 26.61118 26.54692 25.61667 24.57025 24.55222 24.74423 26.14663 25.18488
-9999 -9999 -9999 -9999 -9999 -9999 -9999 -9999 -9999 -9999 -9999 -9999 -9999 -9999 -9999 -9999 -9999 -9999 -9999 -9999 -9999 -9999 27.79129 27.78566 27.81068 27.81176 27.77147 27.7434 27.7857 27.81194 27.78244 27.74882 27.71717 27.71387 27.80513 27.87219 27.82638 27.74939 27.74749 27.84624 27.87237 27.95477 27.94158 27.91867 27.91864 27.94699 28.16495 28.19975 28.18362 28.23351 28.25989 28.23824 28.1933 28.16806 28.16133 28.25961 28.03111 27.90896 27.80366 27.73509 27.56426 27.2585 27.30104 27.41108 27.44358 27.35523 26.72115 25.52237 24.64606 25.07853 26.21814 25.42186
-9999 -9999 -9999 -9999 -9999 -9999 -9999 -9999 -9999 -9999 -9999 -9999 -9999 -9999 -9999 -9999 -9999 -9999 -9999 -9999 -9999 -9999 27.72606 27.80419 27.83989 27.80835 27.81573 27.90165 27.96907 27.97566 27.91477 27.77362 27.741 27.73878 27.81129 27.87186 27.86226 27.82211 27.8157 27.90251 27.88631 27.90656 27.91957 27.92814 27.8705 27.84674 28.17158 28.15839 28.19441 28.24885 28.29369 28.32082 28.33495 28.33176 28.23244 28.34599 28.17183 27.69305 27.57115 27.39688 27.45466 27.19459 27.29369 27.20971 27.23462 26.80577 26.79613 26.29921 25.33337 25.48792 25.57871 23.45448
-9999 -9999 -9999 -9999 -9999 -9999 -9999 -9999 -9999 -9999 -9999 -9999 -9999 -9999 -9999 -9999 27.52265 -9999 -9999 -9999 -9999 27.69215 27.70312 27.75953 27.79649 27.79315 27.86376 27.9429 27.94086 27.97667 28.02319 27.80814 27.79828 27.78631 27.79817 27.9024 27.97839 27.88498 27.95341 27.96419 27.85455 27.81642 27.85004 27.91602 27.89312 27.87151 28.07821 28.21835 28.22703 28.21738 28.27624 28.36545 28.37545 28.28946 28.12964 28.19688 28.29383 28.15574 27.9457 27.92513 27.8838 27.85957 27.60939 27.77133 27.59075 27.09875 26.13394 25.94591 26.65208 26.52466 24.98556 24.12129
-9999 -9999 -9999 -9999 -9999 -9999 -9999 -9999 -9999 -9999 -9999 -9999 -9999 27.6205 27.5781 27.58326 27.57355 27.60616 27.66057 27.65627 27.67903 27.80383 27.77889 27.74753 27.83649 27.80921 27.87667 27.93412 27.8624 27.97419 28.09466 27.92197 27.84584 27.84477 27.86434 27.96111 28.04896 27.99462 28.01627 27.97373 27.8196 27.79692 27.83161 27.91502 27.97667 27.97129 28.08247 28.25323 28.21832 28.20219 28.29466 28.36878 28.33315 28.27652 28.26362 28.13315 28.25595 28.22337 28.20469 28.05122 27.91183 27.87796 27.7095 27.24459 27.45029 27.34702 27.06319 27.05362 26.94588 26.22108 25.78932 24.5357
-9999 -9999 -9999 -9999 -9999 -9999 -9999 -9999 -9999 -9999 -9999 -9999 -9999 -9999 27.67577 27.65806 27.62667 27.67667 27.71792 27.70172 27.70928 27.84713 27.94151 27.85258 27.97846 27.95233 27.9567 27.97409 27.94362 28.00986 28.20434 28.06753 27.92405 27.89796 27.98491 28.03806 28.03595 28.03477 28.04323 28.0214 27.91495 27.89455 27.94986 28.00315 28.06925 28.07778 28.14437 28.21398 27.90477 28.04545 28.24462 28.29807 28.27337 28.3215 28.32161 28.25538 28.17054 28.08448 27.84832 27.41824 27.21255 27.3343 26.77509 26.78577 26.31054 26.63047 27.06315 27.18165 26.88369 26.0372 24.57982 24.71416
-9999 -9999 -9999 -9999 -9999 -9999 -9999 -9999 -9999 -9999 -9999 -9999 -9999 -9999 -9999 27.81552 27.73842 27.80907 27.80681 27.80688 27.89595 27.95348 27.90014 27.9262 28.0576 28.04459 28.03692 28.05111 28.04025 28.05548 28.27498 28.15627 27.95731 27.92932 28.02606 28.02168 27.9457 27.97602 28.08444 28.03319 28.00179 27.92803 28.01928 28.08434 28.13323 28.18756 28.22043 28.13889 27.74384 27.95846 28.18488 28.29932 28.37792 28.42387 28.45021 28.36115 28.20125 28.0728 27.4252 26.85717 26.75588 27.02455 26.12914 25.82129 26.08269 26.88627 26.52469 25.90907 25.81677 25.62419 24.34652 23.4752
-9999 -9999 -9999 -9999 -9999 -9999 -9999 -9999 -9999 -9999 -9999 -9999 -9999 -9999 -9999 -9999 -9999 27.86419 27.83821 27.89147 28.01857 28.00222 27.81975 28.05348 28.22383 28.23125 28.23348 28.189 28.17064 28.35423 28.38448 28.06262 27.99874 27.96287 27.96724 27.94989 27.91839 27.93907 28.03889 28.09197 28.03312 27.94538 28.02563 28.08194 28.14283 28.15154 28.17351 28.07129 27.94409 28.10638 28.30563 28.40821 28.40538 28.37498 28.43835 28.3743 27.84785 27.61495 27.42201 26.8867 26.60258 26.65265 25.76932 25.45939 26.40358 26.65 26.09323 26.05609 25.99305 25.12749 24.40642 24.13065
-9999 -9999 -9999 -9999 -9999 -9999 -9999 -9999 -9999 -9999 -9999 -9999 -9999 -9999 -9999 -9999 -9999 -9999 -9999 -9999 -9999 27.98029 27.91638 28.23233 28.23244 28.14566 28.27928 28.43993 28.4714 28.4876 28.4519 28.27803 28.13025 28.04774 28.00419 27.97713 27.99771 28.02495 27.96194 28.11484 27.98548 27.93545 28.08534 28.10254 28.03713 27.9752 27.79559 28.01455 27.80914 28.0595 28.30875 28.36344 28.30846 28.1857 28.01405 28.34491 28.04459 27.2472 27.23394 26.55817 25.95115 25.95122 25.66272 26.08129 26.45867 25.98645 25.88781 26.24014 25.66796 24.33047 24.371 24.94946
-9999 -9999 -9999 -9999 -9999 -9999 -9999 -9999 -9999 -9999 -9999 -9999 -9999 -9999 -9999 -9999 -9999 -9999 -9999 -9999 -9999 28.0238 27.91419 28.18251 28.19767 28.19867 28.34412 28.50283 28.52989 28.52993 28.46158 28.38885 28.21495 28.14011 28.06505 28.14978 28.23663 28.16491 28.08125 28.17799 28.12014 28.03441 28.05903 28.00029 27.94362 27.88713 27.67624 27.98075 28.0114 28.13885 28.22498 28.26764 28.25713 28.15072 27.91269 27.72889 27.10692 27.62552 27.67541 26.71706 25.78369 26.17086 26.28168 26.81455 25.94405 25.40993 25.60154 25.44502 24.98828 24.72953 24.82333 25.04957
-9999 -9999 -9999 -9999 -9999 -9999 -9999 -9999 -9999 -9999 -9999 -9999 -9999 27.77358 -9999 -9999 -9999 -9999 -9999 -9999 -9999 28.17907 28.17369 28.26057 28.19534 28.20631 28.41054 28.59305 28.63308 28.62115 28.56036 28.47907 28.39986 28.33677 28.25423 28.24656 28.24441 28.1943 28.17685 28.12459 28.10602 28.06477 28.04928 28.04577 27.97946 27.82598 27.79014 27.81971 28.04491 27.71882 28.04208 28.30344 28.24176 28.02652 27.67738 27.09989 26.22778 26.83688 27.64491 27.15867 26.45677 26.81244 26.98978 26.64025 26.31613 25.06735 24.12606 24.22104 24.46437 24.29115 24.05129 24.10179
-9999 -9999 -9999 -9999 -9999 -9999 -9999 -9999 -9999 -9999 27.7604 27.75262 27.79401 27.80964 27.77319 27.77849 -9999 -9999 -9999 -9999 -9999 28.23226 28.27362 28.18233 28.26057 28.29753 28.44179 28.57663 28.63957 28.65495 28.60609 28.46169 28.50079 28.37903 28.14864 28.10305 28.1628 28.16584 28.16039 28.07792 28.09072 27.92867 27.71624 27.47545 27.26756 27.28749 27.66975 27.61505 27.60118 27.88659 28.13792 28.24896 28.1752 27.85989 27.1452 25.95659 26.41677 25.97032 26.51796 27.06713 26.931 27.34215 27.09735 25.91817 25.72419 24.55971 24.22401 24.55595 24.47427 23.99462 24.00158 24.28774
-9999 -9999 -9999 -9999 -9999 -9999 -9999 -9999 -9999 -9999 27.80165 27.74996 27.77534 27.87513 27.84502 27.7662 27.79244 -9999 -9999 -9999 -9999 28.20839 28.28125 28.20638 28.30724 28.38767 28.44953 28.51588 28.60387 28.64308 28.58548 28.50828 28.38452 28.2986 28.13993 28.05631 28.03032 28.00208 28.03792 28.17889 28.12341 27.9124 27.52484 27.42871 27.29272 27.02516 27.45724 27.19287 27.85032 28.03097 28.09534 28.20427 28.14021 27.82925 27.45946 27.03986 27.32362 25.75086 26.31251 27.16932 27.38344 26.73057 25.86917 25.66247 24.98444 24.97692 24.41351 24.91068 25.45315 25.22699 24.92477 25.35774
-9999 -9999 -9999 -9999 -9999 -9999 -9999 -9999 -9999 -9999 27.80552 27.8305 27.77728 27.78831 27.81957 27.77706 27.81753 -9999 -9999 -9999 -9999 28.06627 28.24423 28.14878 28.20849 28.33882 28.40832 28.45193 28.51488 28.57581 28.58885 28.47151 28.28681 28.2086 28.1467 28.09789 28.1 28.14878 28.17258 28.15502 28.11821 27.61513 27.26233 27.18914 26.79427 26.35366 27.02717 26.69545 27.12996 27.60004 27.67416 27.92989 27.96276 27.23516 26.5205 27.4857 27.57477 26.9905 26.63591 26.52412 26.80161 26.93968 26.01405 25.35606 24.21093 24.52423 24.37989 24.80735 25.45986 25.62416 25.36839 25.41971
-9999 -9999 -9999 -9999 -9999 -9999 27.70928 -9999 -9999 -9999 27.73778 27.7705 27.74968 27.71807 27.75416 27.79659 27.79677 27.77613 27.85444 -9999 -9999 27.97283 28.17692 28.11961 28.08039 28.20849 28.35627 28.42677 28.44652 28.49 28.58878 28.43889 28.29233 28.3 28.23258 28.15878 28.19351 28.27692 28.25412 28.15208 28.10498 26.93265 26.64746 26.71054 26.56821 26.20713 25.90961 25.49401 26.66541 26.77961 27.04014 27.59391 27.86154 27.56584 27.22767 27.53204 27.24369 27.02366 25.58147 25.58764 26.5028 27.05083 26.45122 25.83577 25.32355 25.15179 25.58574 24.43437 24.53362 25.68427 25.90029 25.45341
