features/re_bio16.asc
ncols         768
nrows         589
xllcorner     124.299398925
yllcorner     32.893460211367
cellsize      0.010567299164062
NODATA_value  -9999
[rows 204 to 237 of 589, columns 308 to 384 of 768]
1040.5 1042.1 1069 1075.8 1083.5 1096.4 1127.3 1121.6 1068.5 1066 1086 1075.5 1044 1017 1044.5 1088.4 1099.7 1059.8 985.5 917.1 880.4 859.6 851.1 854.6 875.1 870.9 842.4 832.5 834.3 825.1 819.1 822.2 811.6 797.8 789.3 789.1 795 813.8 853.8 910.8 958.5 928.1 877.9 890.9 907.2 -9999 851.8 869 -9999 851.2 843.1 855 890.3 941 952.9 900.1 881.9 860.7 882.1 885.8 908.6 906.2 900.5 -9999 935.5 978.6 1049.3 1102.3 1158.3 1151.7 1087.4 1051.8 1114.8 1090.1 1058.2 1076.5 1159.5
1018.8 1021 1054.5 1098.3 1093 1061.5 1119.8 1112.2 1103.7 1045.8 1043.2 1057.5 1032.2 964.2 967.5 964 976.5 990.5 955.4 891 899.6 896.9 858.2 879.9 897.6 876.8 862.1 892.1 877.6 865.2 874.4 847 815.9 -9999 -9999 -9999 809.3 835.5 900.8 973 1023 1031.2 982.1 947.9 951.9 905.1 870 856.5 847.4 831 843.4 826.3 840.6 837.5 934.9 914.9 919.7 877.3 909.6 919.7 917.5 935.4 961 974.5 -9999 992.7 1061.2 1103.5 1155.3 1165.2 1135.1 1106 1183.7 1169.4 1117.4 1154.7 1283.2
979.5 986.8 1012.3 1064.5 1074.8 1067.3 1083.2 1034.2 1100 1021.3 980.2 982 984.7 935.6 929.4 962 938.4 929.9 913.4 892.6 928 887.2 887.3 946.2 933.6 925.2 929.2 922.3 890.4 860.7 858 848.4 820.3 789.4 779 788.9 807.1 886.6 856.9 870.4 906.3 913.1 889 876.4 921.3 882.5 854.9 839.8 837 850.1 889.6 930 949.5 947.6 909.4 926.5 913.7 944.1 921 949.6 956.8 988.2 1037 1046.3 1021.2 1008.7 1087.7 1064.5 1143.1 1214.5 1232.1 1216.7 1182.2 1194.3 1181 1240.7 1299.6
953.3 955.5 975.6 992.5 1012.8 1025 1023.1 976 1021.5 989.8 977.3 949.6 927.6 927.2 903.8 926 924.9 908.1 -9999 882 891.3 873.8 872.5 885.9 881.5 884.3 906.2 936.9 953.2 895.8 853.7 883.3 837.7 812 821.7 824.5 807.2 887.2 864.7 884.3 914.4 906.3 875.9 867.9 866.4 862.4 841.1 839.6 848 859.9 909.4 997.8 992.6 947.1 972.7 972.4 975.5 1033.9 1017 986.7 972.6 977.3 993 1009.4 1032.3 1046.3 1095.3 1076.5 1116.4 1176 1193.1 1184.2 1217.5 1213.4 1224.2 1274.4 1331
923.8 908.8 975 979 963.9 958.8 956.8 935.1 934.2 955.6 968.8 958.4 925.5 903.8 892.2 882.7 878.1 882.1 888.5 859.7 866.2 878.9 912.2 871.2 867.6 876.8 876.3 877 886.9 874 874.2 880.5 843 858.7 881.6 846.1 815.4 835.5 859 906 934.4 915.7 883.1 884.7 852.7 844.7 840.3 857.1 869.1 870.6 893.9 903.6 912.9 950.3 1000.6 995.6 974.4 994.7 1014.8 1015.2 998.8 1028.3 1064.1 1081.7 1097.1 1088.6 1135.4 1161.6 1230.8 1278.7 1256.7 1208.8 1239.1 1383.5 1341.1 1339.9 1352.2
897.4 901.4 928 933.3 922 901.8 901.8 930 949.6 935.1 942.1 963.4 942.2 886.2 888.4 925.2 945 938 933.1 877.4 857.2 851.2 -9999 863.4 847.8 861.9 889.5 936.7 969.2 922.9 861 816.4 843.9 -9999 884.8 848.7 844.7 864.9 830.3 855.5 869.1 858.8 850.4 861.4 838.1 839 880.8 915.5 923.2 913.5 902.8 886.1 911.7 951.8 990.5 1040.8 1009.7 998.9 1009.5 1026.4 1050.4 1058.4 1066 1082.1 1114.1 1189.3 1231.4 1220.8 1304 1344.9 1360.3 1364.2 1269.8 1482.4 1442.8 1387.9 1341.5
878.7 883.1 896.9 906.9 907.7 891.8 899.5 948.1 991.1 964.7 983.1 957.5 905.8 867.7 872.3 918 1001.7 935 900 871.8 850.1 833 814 812 822.8 821.9 846.2 871.8 848.5 846.3 850.9 841.5 839 821.7 806.6 797 797.2 886.8 845.4 818.9 815.7 826.5 831.4 832.4 831.5 857.9 947.3 973.2 939 931.6 943.2 899.9 989.5 1041.4 1006.9 1005.2 1036.8 1048.5 1064.9 1041.4 1048.2 1080.3 1143.4 1181 1164.8 1162.3 1188.9 1219.1 1305.7 1403.6 1491.8 1470.3 1346.5 1438.6 1484 1409.2 1360.3
853.3 861.3 854 866.7 864.8 847.9 857.1 877.6 881 931.6 948.5 906.1 869.1 863.8 874.5 912.9 972.9 935 902.9 883.7 846.4 845.9 832.2 834.2 819.9 800.6 804.1 811.7 821.9 -9999 875 -9999 828.3 779.7 795.4 814.2 785.3 785.3 798.9 806.4 817.1 829.9 829.2 836.5 907.9 985 994.2 952.5 947.6 970.8 963.7 922 1052.1 1166.4 1032.7 993.2 1005.2 1055.3 1081.1 1100.1 1072 1100.1 1140.4 1187.3 1191 1176.5 1212.9 1280.5 1379.6 1377.2 1339.8 1317.8 1313.8 1494 1422.3 1364.5 1402.1
845.7 850 820.7 854.5 874.1 853.7 831.5 837.1 832.2 865.8 854.5 840.6 843.9 861.7 897.7 911.9 888.3 906.7 899.8 884.6 877.1 888.3 878.4 881.3 837.9 841.5 815.6 781.9 773.5 767.6 769.3 -9999 781.3 789.8 814.9 861.1 888 760.3 766.7 775.7 785.3 802.7 833 878.5 914.5 1057.7 958.1 939 994.2 1006.1 949.2 926.8 1036 1204.7 1056.9 1025.4 1007.6 1050.5 1146.4 1195.5 1138.5 1142.3 1176.6 1182.5 1173.9 1219.2 1256.3 1388.2 1484.7 1469.2 1403.4 1339.2 1334 1355.4 1365.7 1373.6 1352.5
818.4 827.2 821.8 861.9 852.6 825.6 815.4 835 849.3 826.5 808.2 810.3 835.5 863.5 904.8 882.2 870.4 868.1 875.4 890.9 886 899.4 887.5 875.8 835.4 852.6 837.6 810.3 785.8 762.4 763.7 765.9 758.3 816.8 817.3 797.6 805.5 859.8 858.2 831.4 829 864.9 920.9 954.5 920.2 953.1 938.6 1040.3 1085.1 1039.5 987.5 994.8 1013.9 1147 1089.3 1050.8 1039.6 1066.5 1126.6 1220.1 1225 1250.9 1275.3 1234.9 1203.8 1247.1 1286.2 1284.4 1358.6 1354.9 1347.9 1331.1 1451.3 1353.6 1334.8 1360.1 1335.8
802.1 777.7 807.2 812.1 804 812.6 842.9 838.1 813.1 825.1 827.1 860.1 851.1 852.9 892.4 885.2 885.7 870.7 854.4 849.7 863.3 889.8 883.2 867.8 828 806.3 792.7 785.8 781.6 779.3 771.5 753.1 748.1 758.4 768.1 787.5 793.3 810.5 795.2 864.8 844.1 892.2 980.1 997.3 986.6 949.9 1011 1105.1 1069.5 1032.4 1051.9 1035.3 997.2 1073.2 1138.4 1116.4 1090.5 1066.6 1070 1168.7 1210.6 1283.5 1313.1 1265.4 1221.9 1238.8 1253.1 1239.7 1253.6 -9999 1253.6 1284.5 1427.4 1380.8 1358.7 1303.9 1308.9
769.6 777.7 830.2 804.9 806.4 816.7 807.4 776.2 779.7 804.5 787.1 810.2 849.2 869.6 869.6 874.9 876.2 905.9 891.6 811.6 828.5 850.2 828.8 810.1 812.1 791.3 772.6 767.7 762.5 767.1 778.5 750.3 757.2 789.5 811.7 816.1 818.5 830 793.6 840.4 840.7 853.3 880.7 915.1 958.2 997.3 1082.7 1088.5 1061.8 1073.2 1092.5 1055.5 1011.4 1106 1182.8 1137.3 1111.8 1093.5 1079.7 1071.9 1135.2 1179.8 1273.9 1350.3 1327.6 1256.8 1260.8 1231.7 1222.6 1204.3 1171.2 1215.8 1340 1343.3 1374.8 1277.9 1284.2
778.6 828.1 896.3 868.3 780 736 729.6 733 741.7 740.6 753.4 747.5 779.4 833.4 861.2 867.8 848.3 854.9 826.3 796.9 787.6 804.8 839.1 807.1 812.3 797.5 781.6 748.2 739.1 747.3 750.6 742.8 746.3 784.4 863.5 939.2 1001.4 905.1 840.6 860.5 942.9 944.9 949.2 961 953.4 991.8 1032.9 1055.4 1055.8 1079.7 1120.7 1130.1 1064.7 1069.5 1178.6 1237.8 1232.9 1156.7 1102.3 1137.2 1183.1 1137.3 1167.8 1242.6 1204.6 1136.8 1143.7 1175.9 1137.3 1153.4 1148.6 1119.8 1122 1150.9 1258.6 1215.1 1176
825.7 818.9 871 798.7 750.4 729.9 724 722.3 725.3 720.9 724.6 754 812.6 863.9 884.7 869.9 893.8 911 840.8 824.4 782.8 -9999 786.6 789.9 789.9 774.7 760.5 733.4 740.9 785.5 830.6 820.7 753.6 792.6 858.5 938.7 1008.7 876.4 838.2 902.4 968.5 985.2 971.3 954.8 967.8 1040.2 1124.3 1172.9 1193.5 1169.2 1128.1 1085.7 1061.7 1126 1210.5 1168.6 1151.4 1190.3 1232 1283 1308.8 1192.7 1176.4 1233.1 1175.7 1103.7 1109.7 1169.6 1162.5 1205.3 1171.7 1106.1 1054 1060.5 1134.5 1156.9 1177.9
836.7 825.3 754.9 722.6 745.3 745 723 710.5 706.6 702.9 707.3 720.7 770.5 825.8 848.8 837.6 820.8 850.2 803.3 806.9 788.3 766.9 753.9 749.2 755.1 738 731.7 726.5 749.2 809 854.7 797.8 797.8 823.7 852.3 911.5 969.2 888.7 862.5 964.6 1016.4 991.7 969.5 965.8 1003.5 1008.5 1031.1 1113.2 1212.1 1185.6 -9999 1151.1 1150.7 1132.9 1091.9 1073.7 1062.3 1064.9 1085.6 1116.3 1167.5 1184.8 1136.5 1193.2 1183.6 1118.7 1080.2 1043.5 1063.1 1155.9 1162 1116.6 1029.8 1006.1 1058.6 1122 1121.8
776.7 734.6 700.5 696.2 710.2 714.3 694.5 688.3 707.8 710.2 707.7 734.2 786.5 790.8 784.2 786.8 798.2 798.2 772.7 769 772.3 766.5 746.1 741.3 790.6 856.9 757.6 738.9 800.5 838.7 798.4 813.5 789.4 848.7 905.2 894.7 880.5 882 930.2 1008.1 1034.7 981.9 988.5 1024.3 1049.9 1048.2 1068.5 1136.5 1213.4 1162.4 1178.1 1235 1228.9 1182.8 1096.7 1079.2 1057.5 1027.8 1015.4 1027.6 1023.8 1035.2 1010.2 1010.6 1067.2 1129.6 1104.4 996.7 980.7 1082 1074.2 1062.9 1024.4 979.3 1001 1039.2 1026.6
713 701.9 678.6 670.3 664.1 666.7 671.1 675.6 679.7 694.4 711.2 716 766 808.9 823 802.8 784.4 798.4 827.3 766.4 761.2 757.5 762.6 801.2 768.5 895.9 799.6 741.2 -9999 738.5 754.9 749.3 753.3 801.1 827.1 831.9 829.8 879 977.1 997.9 1000.4 963.2 1000.2 1031.7 1006.2 1005.8 1103.4 1192.6 1180 1113 1143.8 1225.5 1237.4 1207.2 1076.2 1040 1031.9 1012.5 991.3 1002.5 982.8 1015.1 1049.5 1053.6 1039.7 1025.5 997.8 933.2 877.9 894.4 901.6 900.8 899.6 857.7 848.3 861.4 892
673.7 666.3 653.1 655 657.8 660.2 668.7 679.4 681.8 684.6 694.7 714.7 756.6 839.1 884 872.5 840.5 850 865.9 821.3 785.1 770.5 776 777.9 865.1 824.4 784.8 743.3 717.2 703.6 716.7 725.8 755.9 772.2 791.3 823.7 843.2 906.5 927.5 955.6 943.1 971.4 994.3 1007.6 1025.2 1045.2 1147 1226.8 1155.6 1068.7 1082.4 1143.2 1201.9 1268 1086 1044.9 998.2 978.4 970.6 956.7 963.7 974.6 1015.6 1052.8 1027.2 977.1 956.8 958.2 939.3 881.9 815.3 815.4 822.3 822 841.6 856 864.1
673.8 654.9 651.4 665.8 667.7 662.3 668.8 682.1 688 681.6 702.6 727 762.8 819 862.6 856.2 845.2 921 861.7 798 809.1 826.8 829.2 816.2 788.1 812.4 890 784.2 736.9 742.4 765 781.4 804.9 885.1 850.4 864.5 909.4 942.1 958.6 984 951.5 976.9 997.7 1006.2 1026 1089.4 1167.8 1292.2 1154.1 1065 1036.7 1080.6 1187 1258.7 1076.8 1008.8 1026 1000.3 945.7 922.2 962.9 970.9 1039 1031.7 987.2 900.4 831.1 826.6 894.9 904.3 827.6 824.6 820.1 833.8 861.5 849.6 872.4
673.7 659.7 653 670.3 676.5 667 673.2 684.2 687.4 684.3 694.2 726.1 775.3 811.7 827.4 821.4 836.7 868.2 842.9 827.8 836.8 823.1 822.2 830.3 782.9 763.3 836.5 768.9 750.5 773.6 829.1 925.2 976.9 849.5 981.3 940.6 973.5 1083.7 1019.4 986.5 1029.3 1012.9 995.8 1040.9 1092.6 1121.8 1133.6 1189.5 1201.8 1108 1016.3 1019.8 1102.9 1152.4 1004.2 965 1042.6 966.2 909.4 971.2 1055.4 1031.1 1067.3 1034 945.5 852.8 786.2 795.6 826.9 933.6 870.8 852.7 828.4 837.8 857.4 842.4 870.1
665.8 651.6 659 703.7 704 687.7 678.3 677 683.6 698.3 701.2 775.2 794.3 801 809.1 824.7 834.2 825.2 847.1 836.7 860.9 825.3 821.1 852.4 796.1 750.7 806.7 773.4 774.3 845.6 966.9 1077.2 1058 965.3 931.1 1017.4 1027.9 1128.4 1132.8 1081.5 1082.8 1084.1 1059 1045.5 1064.9 1116.1 1116.2 1077.2 1115.2 1096.4 1041.9 990.7 1010.5 1056.2 936.6 941.8 943.7 902.4 891 935 989.5 1006.8 1115.9 986.8 904.5 847.6 792.2 794.5 822.5 852.8 879.9 856.8 838.6 834.2 847 864.1 868.5
655.6 648.5 657.6 671.9 680.6 691 678.9 681 697.2 722.2 747.8 773.5 799.7 808 790.3 787.9 820.6 820.2 822.3 813.2 806.6 798.7 820.7 837.3 -9999 745.8 830.7 787.7 789.1 878.1 1000.2 1046.2 1046.9 990.5 921.1 1021 1098.5 1199.2 1210.4 1192.4 1198.7 1172.8 1113.6 1103.5 1103.4 1084 1079.3 1178.6 1119.9 1081.3 1006.5 949.7 951.2 971.7 883.5 888.5 862.4 845.3 850.2 881.2 937.4 962.8 1036 956.1 846.2 813.7 800.6 796.4 812.1 838.1 846 837.9 833.6 838.3 864.4 881.9 886
657.1 645.4 661.8 662.7 660.9 670.1 680.3 691.2 731.3 791.3 808.1 838.1 853.1 808.5 810.2 807.4 807.3 802.8 789.7 804.8 784.6 783.2 771.5 753.8 752.5 750.8 816.4 793.8 801.6 837.7 882.1 930.2 993.7 1091.7 999.8 1066.4 1118.8 1176.9 1229.9 1299.5 1236 -9999 -9999 1240.8 1284.3 1231.9 1149.9 1096.5 1210.3 1129 1089 1025.8 936.7 877.3 831.1 819.5 817.9 822.3 850.9 913.4 931.3 862.2 868.8 845.3 785.8 791.2 791.8 795.9 815.8 826.2 821.1 819.1 832.3 837.8 857.3 865.7 858.9
653.2 648.6 640 644.5 649.1 658 702 727.6 731 737.7 768.5 869.4 852.7 836.1 809.4 786.4 779.9 778.2 820.7 805.2 841 847 796 742 736.3 745.3 763.3 815.8 875.9 921.9 946.3 986.5 1086.1 1145.1 1064.3 1103.3 1138.9 1239.6 1305.6 1312.5 1266.1 1272.8 1262.6 1334.8 1339.6 1279.3 1224.7 1146.5 1082.3 1148 1166.9 1094.1 958.4 843.8 799.1 839.7 916 861.7 881.6 950.3 949.9 856.3 788.1 774.7 771.4 780.3 787.4 796.6 811.7 812.6 810.5 810 820.9 826.4 839.6 845 831
657.3 655.9 635.6 642.2 648.5 662.5 719 735.5 739.4 745.8 747.7 878.7 857.2 793.5 799.2 813.9 820.9 812.1 790.7 805.4 892.8 876 846.3 823.2 780.7 753 804.2 861.8 897.3 928.4 964.3 1033.9 1122.7 1150.8 1126.4 1147.5 1199.5 1311.8 1378.6 1350.2 1319 1329.3 1309.9 1361 1319.8 1256.9 1275.9 1263.6 1183.8 1158.3 1229.8 1131.6 996.6 900.5 768.4 803.6 803.1 805.8 866.3 960.9 984.6 921.3 907.9 791.8 783.8 783.7 780.7 789.5 803.4 797.8 797.3 823.1 807.9 812.7 821.8 824.7 818.8
662.1 664.6 648.9 662.8 701 705.2 789 810.4 792.1 791.3 812.4 834.8 778.4 802.9 793.2 829.4 859.2 827.3 795.6 834.6 833.3 820.2 814.9 811.1 787.7 782.2 875.8 895.7 875.3 900.2 968.6 1039.5 1065.6 1094.9 1140.3 1155.2 1207.1 1323.9 1390.2 1403.7 1365.5 1309 1293.1 1259.9 1209.3 1185.1 1202.6 1258.3 1210.2 1152.5 1150 1100.8 986.8 861.7 737 727 733.3 792.4 809.4 801.4 800.3 812.7 790.1 786.5 795.7 784.4 771.6 774.9 789.6 799.9 819.9 823.9 802.4 813.9 828.9 822.6 811.8
673.8 676 678.4 719.3 753.6 766.7 770.5 774.5 780.3 793 814.4 781.7 778.5 751.4 772.6 801.5 812.4 782.2 763.3 787.1 816.9 824.4 804.4 792.1 793.4 814.8 840.1 926.1 941.6 952.4 984.2 1018.8 1032.6 1045.9 1084.3 1148.1 1186.3 1274.8 1338 1352.1 1326.5 1301.5 1311.6 1247.9 1175.8 1160.7 1223.2 1276.4 1156.4 1044 990.8 1014 960.3 848.4 703.7 693.8 706.7 721 734.5 782.1 793.5 777.7 776.5 770.4 780.3 785.5 784.4 777.1 783.4 801.5 790 785.6 792.4 806.7 829.8 839 829.7
713.3 713.1 747.7 807.7 778.7 788.9 812.5 790.3 782.2 775.9 776.2 799.4 761.2 779.2 800.9 785 789.7 798.7 827.6 792.1 776.1 763.9 763.9 762.6 765.5 790.8 819.9 856.9 910.2 935.6 938.1 972 1019.6 1059.7 1122.5 1205.7 1237.5 1283.6 1311.1 1306.1 1334 1292.1 1262.7 1248.8 1172.3 1164.9 1228.5 1239.9 1124.8 981.9 912.2 921.7 851.9 772.1 693.6 696.4 712.5 739 810.4 806.6 772.9 767.3 773.9 771.4 761.8 775.7 769 769.8 783 789.3 776.8 805.3 811 821.1 824.7 814.8 805.7
798.5 784.3 803.8 808 788.3 804.2 795 784.6 780.7 770.1 757.6 799.3 782.6 826.6 804.1 782.8 783.6 792 826.1 784.5 768.1 794.6 796.5 794.7 798.6 820.3 898.3 966.1 887.7 881.4 901.7 945 995.8 1045.5 1095.1 1201.8 1295.6 1324.7 1306.2 1273.4 1277.6 1232.6 1214.8 1238.7 1176.3 1162.8 1178.5 1128.6 1059.1 989.3 897.9 886.1 827.3 778.6 682.9 675.3 702.2 775.8 889.3 826.7 732.6 746.5 768.8 763.9 766.8 764.4 768.8 784.7 786.5 772.5 777.9 785.9 797.3 812.8 813 795.1 782.5
814 808.6 772.5 770.4 775.5 761.9 758.7 768.5 759.1 746.3 756.2 788.6 770.6 766.2 771.3 783.8 763.8 743.9 765 799.9 766.9 775.8 776 829.8 885 853 842.1 821.7 884.3 908.3 914.8 933.9 959.9 1005 1067.3 1142.1 1229.4 1309.9 1288.6 1277.4 1280.9 1272 1275.8 1192.4 1185.6 1142.5 1077.3 1040.7 993 959.3 885.4 845.1 782.2 745.6 676.2 674.5 697.7 766.3 796 760.4 721.2 739.5 744 750.9 753.9 739.5 759.6 769.5 768.4 766.2 776.9 776 772.7 778.1 792.5 791.8 778.3
795.3 798.7 778.3 755.1 759.4 737.2 754.3 759.1 764.9 751.5 722.7 716.6 727 754.6 768.9 765.1 786.2 792.4 796.4 753.1 758.8 782.2 797 858.7 907.6 915.6 938.9 991.8 972.5 952.3 976.6 995.8 1006.2 1016.7 1044.2 1083.9 1148.7 1294.6 1338.5 1375.6 1360.3 1260 1190.9 1161.8 1190.3 1142.6 1049.5 977.4 938.8 855.1 806.3 793.4 734 739.5 817.7 761.4 732.7 721.1 692.8 694.6 722.7 722.6 723.7 731.9 725.2 750.8 761.5 746.5 743.9 748.6 748.3 748.6 752.3 757.3 759.6 758.9 758.9
764.3 819.9 792 751.1 732.1 746.3 733.3 741.9 747.6 732 716.3 705 731.8 773.6 762.8 759 760.3 773.6 801 752.5 760.6 769.8 797.9 814.2 826.4 856.3 890 935.1 968.2 987.8 964 956.6 962.4 985.1 1030.8 1086.3 1193.8 1312.4 1235.6 1197.8 1220.7 1195.9 1209.7 1190.6 1146.4 1106.5 1019 926 872.6 832.9 832.9 820.8 737.5 779 756.7 729.8 724 725.2 721.6 697.3 704.6 721.1 715.1 718.7 731.7 759.9 745 733.7 737.5 742.2 739.1 738.6 745.7 745.4 746.9 742.7 740.1
717.8 752.4 781.3 778.7 744.6 748.9 729.3 723.8 720.4 710.3 698.5 704.8 740.1 759.9 752.7 743 751.4 755.2 773.6 788.4 778.2 807.1 880.4 865.3 821.7 825.5 876.9 878.4 963.7 989.6 1000.6 1008.7 997.1 979.2 1014 1061.3 1131.2 1180.8 1154.2 1171.7 1193.2 1180.9 1138.5 1102.5 1087.9 1035.3 961.7 899.1 866.2 858.9 850 828.7 753 741.3 801.4 738 726.6 726.7 724.2 702.7 703.4 717.4 710.8 707.6 725.5 740.8 729.2 723.3 726.6 728.7 726.7 726.3 725.4 726.1 733.2 738.1 740.7
723 731.9 746.3 778.3 783.9 747.6 759.6 724.6 739 760.4 758.3 742.5 730.5 723.2 746.6 731.6 730.7 751.6 764.5 770.2 777.4 861.3 899.7 929.4 900.1 858.4 857.8 876.9 950.6 981.7 1026.9 1033.6 1020.7 998.7 1010.2 1110.2 1213.7 1138.8 1093.2 1074.2 1084.4 1072.6 1055.2 1075.2 1042.5 968.8 907.3 886.5 891.1 889.7 879.1 956.6 857.9 807.4 727.9 728.3 751.4 708.1 696.5 695.6 709.2 715.4 716.7 707.4 712.7 724 720.7 717.5 717.8 717.2 715.2 716.1 723.5 724.5 726.6 730.9 737.9
