features/re_bio3.asc
ncols         768
nrows         589
xllcorner     124.299398925
yllcorner     32.893460211367
cellsize      0.010567299164062
NODATA_value  -9999
[rows 128 to 159 of 589, columns 216 to 287 of 768]
-9999 -9999 -9999 -9999 -9999 -9999 -9999 -9999 -9999 -9999 -9999 -9999 -9999 -9999 -9999 -9999 -9999 -9999 -9999 -9999 -9999 26.51731 26.25951 25.90157 25.62256 25.38629 25.20211 25.25756 25.30979 25.42894 25.23467 25.35385 25.18046 24.2373 23.15044 23.74803 23.25452 23.53705 23.67241 23.86774 24.20553 25.75494 25.71246 25.67779 25.79836 25.84849 25.79111 25.628 25.52985 25.67996 26.10248 26.36812 26.79461 27.48425 28.26424 30.00034 30.26448 30.22476 29.12118 28.22352 27.76283 27.87997 27.74182 28.19491 29.42707 29.93381 29.05522 28.14693 29.16719 29.91733 30.52708 30.74391
-9999 -9999 -9999 -9999 -9999 -9999 -9999 -9999 -9999 -9999 -9999 -9999 -9999 -9999 -9999 -9999 -9999 -9999 -9999 -9999 -9999 26.42087 25.79315 25.64841 25.40805 25.08397 24.78047 24.85802 25.20462 25.07871 25.11812 25.23131 25.18946 24.47507 23.23902 24.46007 24.03565 24.05708 24.016 23.96458 24.24514 25.87941 25.98409 25.99876 25.8137 25.59937 25.45611 25.33469 25.29193 25.85108 25.7623 26.04498 26.74974 27.57959 28.65308 30.93655 30.63187 30.5169 29.51416 28.21416 27.42716 27.12169 27.31082 27.22361 29.04451 29.92533 28.7467 27.79405 28.4829 29.01803 29.81623 30.73206
-9999 -9999 -9999 -9999 -9999 -9999 -9999 -9999 -9999 -9999 -9999 -9999 -9999 -9999 -9999 -9999 -9999 -9999 -9999 26.53868 26.56751 26.42285 26.1299 25.26194 25.0096 25.01557 25.21252 25.37888 25.38538 25.29444 25.20129 24.99912 24.68492 24.08947 23.27626 24.4341 24.5631 24.13049 24.28288 24.25951 24.25723 25.65327 26.1105 26.19661 25.98616 25.81746 25.72231 25.50941 25.45102 25.73777 25.85634 26.11121 26.71319 27.45075 28.2409 30.32736 30.48055 30.5416 29.73637 28.36888 26.93027 26.92224 27.5473 26.49956 29.74413 30.90258 28.50324 27.35074 27.53343 28.25616 28.91399 30.03842
-9999 -9999 -9999 -9999 -9999 -9999 -9999 -9999 -9999 -9999 -9999 -9999 -9999 -9999 -9999 -9999 -9999 -9999 -9999 26.03795 26.28634 26.1933 25.7525 24.89749 24.98264 25.12474 25.08508 25.17902 25.21048 25.25696 24.98662 24.83515 24.64418 24.24007 23.82401 24.52847 24.71402 24.20526 24.48879 24.77786 24.93993 25.24311 25.91332 26.16801 26.09982 25.84065 25.55353 25.44193 25.48983 25.86141 25.92341 26.14232 26.58419 27.1074 27.34982 26.87438 29.61187 29.4337 28.15648 27.53812 27.0789 26.87729 26.71117 25.51486 27.97872 29.65693 29.02737 28.28445 27.14753 27.8344 28.21182 28.44494
-9999 -9999 -9999 -9999 -9999 -9999 -9999 -9999 -9999 -9999 -9999 -9999 -9999 -9999 -9999 -9999 25.65503 25.42999 25.66664 25.97351 26.01023 25.81322 25.54982 24.87933 24.79388 24.8949 24.9777 25.01424 25.03303 24.8831 24.58662 24.64107 24.49645 24.27736 24.45318 24.54259 24.6949 24.533 24.66903 24.97742 24.99408 23.39932 25.18718 25.99362 25.99522 25.78564 25.55349 25.30778 25.21831 25.27787 25.54753 25.93194 26.24159 26.47305 26.67941 27.08073 27.89788 27.40705 27.00534 26.94831 26.65952 26.50282 26.49951 24.63506 24.91115 26.34351 27.22209 27.20164 27.76119 26.92892 27.23316 27.5753
-9999 -9999 -9999 -9999 -9999 -9999 -9999 -9999 -9999 -9999 -9999 -9999 -9999 -9999 -9999 -9999 25.57536 25.70806 25.74204 25.68637 25.4383 25.00644 24.97705 25.11815 24.7939 24.91759 25.18523 25.06972 25.00893 24.81152 24.66284 24.62619 24.65499 24.65321 24.61838 24.75232 24.84906 24.6484 24.77525 24.93684 24.71286 22.9502 24.70723 25.67274 25.70581 25.53977 25.39111 25.01859 24.25117 25.13581 25.25911 25.46406 25.75993 26.02904 26.2273 26.38906 26.65121 26.25491 26.38157 26.49383 26.52689 26.42768 25.81972 24.18444 25.62473 26.70292 27.32846 28.39433 26.97475 27.47034 27.33915 27.5539
-9999 -9999 -9999 -9999 -9999 -9999 -9999 -9999 -9999 -9999 -9999 -9999 -9999 -9999 -9999 -9999 25.3926 25.4921 25.42947 25.289 25.17238 25.00379 24.65489 25.07237 24.80729 24.8165 25.07491 25.1201 25.0663 25.01193 24.75132 24.66662 24.77115 24.86488 24.80787 24.77071 24.62742 24.68753 24.79433 24.75854 24.19723 22.62615 23.74125 25.15282 25.49735 25.42047 25.30355 24.7861 23.04797 25.2783 25.34895 25.33301 25.53297 25.69171 25.85197 26.75641 25.77329 25.77693 26.47897 26.19555 26.06566 25.86739 24.7236 24.5862 25.00436 25.1347 26.08851 27.89034 27.54146 27.18349 26.95855 26.78884
-9999 -9999 -9999 -9999 -9999 -9999 -9999 -9999 -9999 -9999 -9999 -9999 -9999 -9999 -9999 -9999 25.40104 25.34547 25.31197 25.04881 24.73457 24.62378 24.54808 24.69125 24.66101 24.78381 24.99042 25.11589 25.0393 24.79053 24.77071 24.79346 24.70525 24.73167 24.87117 24.46963 24.03701 24.37095 24.2407 24.23995 23.88776 22.98108 24.16629 25.05888 25.31386 25.29053 25.11899 24.45696 23.06213 25.1048 25.16608 25.19175 25.44015 25.53649 25.5226 26.2115 25.70287 26.23294 26.36791 26.30718 26.07477 25.56616 25.36759 25.19747 25.268 24.69382 24.3778 25.65247 27.98447 26.9499 27.51721 27.18903
-9999 -9999 -9999 -9999 -9999 -9999 -9999 -9999 -9999 -9999 -9999 -9999 -9999 -9999 -9999 -9999 25.45182 25.52146 25.44319 25.08579 24.66196 24.4622 24.59194 24.61279 24.6493 24.90017 25.1173 25.07695 25.16425 25.07125 25.01884 24.976 24.87206 24.75101 24.47457 23.71618 24.09955 24.18606 23.93043 23.47389 23.33881 23.79443 24.81268 25.25659 25.39363 25.31549 25.12995 24.8117 24.46953 24.78501 24.96061 25.00159 25.11105 25.24526 25.32979 25.49842 25.55198 26.63619 25.97398 25.93475 26.02553 24.43888 24.3243 24.3304 24.32996 23.61786 23.45394 25.15186 27.53367 25.836 26.44371 26.55194
-9999 -9999 -9999 -9999 -9999 -9999 -9999 -9999 -9999 -9999 -9999 -9999 -9999 -9999 25.31186 25.45798 25.42274 25.47592 25.54305 25.95089 25.732 24.60275 24.52052 24.73097 24.97598 25.31299 25.36266 25.10401 25.18975 25.49685 25.25089 25.0921 24.90155 24.58893 24.0921 23.48209 24.51834 24.21483 23.81662 23.41638 23.56168 24.5781 25.04007 25.59978 25.74637 25.5369 25.23679 25.0925 25.08428 24.43059 25.03374 25.0242 25.16268 25.27671 25.3361 25.88644 26.54698 27.39895 26.77517 26.34833 25.98417 24.6429 23.36454 24.15417 24.28248 23.71409 23.44621 24.50103 26.54704 26.12824 27.10888 27.01195
-9999 -9999 -9999 -9999 -9999 -9999 -9999 -9999 -9999 -9999 -9999 -9999 -9999 -9999 25.85885 25.74429 25.42526 25.918 25.96155 25.44127 25.23389 25.42945 24.67651 24.79266 24.9262 25.10048 25.23427 25.57607 26.3059 26.34201 25.6208 25.13692 24.88691 24.72171 24.46298 24.24574 24.38643 23.67887 22.6397 22.40382 23.16133 25.2241 25.80747 25.95538 25.9272 25.66396 25.34162 25.21864 25.02588 23.77876 24.92376 24.96541 25.21993 25.36433 25.39194 26.3048 28.04801 28.43194 27.56858 26.82146 26.197 24.88049 24.29589 24.75614 24.99095 24.86779 24.68759 24.87113 25.56498 26.17142 26.87463 26.87615
23.74183 23.76627 23.7727 23.81289 23.88695 24.28652 24.57622 24.92399 24.85574 24.97773 25.0243 25.08044 25.0513 25.34799 26.18544 -9999 -9999 26.8291 26.64319 26.11603 25.62746 25.58289 25.71727 24.93075 24.92091 25.12243 25.67296 26.41909 27.0845 27.11 26.19108 25.59666 25.18059 24.88198 24.60849 24.31596 24.19761 23.60129 22.32192 22.41583 23.20149 24.64084 25.43279 25.58446 25.56837 25.49761 25.36869 25.25325 25.16027 24.57284 24.92286 24.93022 25.29658 25.54454 25.6187 26.32429 28.64819 29.64154 28.41116 27.23617 26.12599 25.13706 24.99555 25.44725 25.07003 24.47219 24.67645 25.28836 25.37952 26.00972 26.29626 26.30795
23.85909 23.89062 23.84219 23.85347 24.11345 24.34575 24.43903 24.47622 24.43017 24.49614 24.56674 24.83842 25.04973 25.1703 25.5343 26.33219 27.32398 -9999 -9999 26.87042 26.2411 25.68078 25.0969 24.93525 25.05351 25.53871 26.20307 26.84791 27.37081 26.88741 26.13817 25.50386 25.04896 24.6622 24.35928 24.06681 23.22178 22.59083 22.57189 22.65092 23.01773 23.99603 24.84956 25.05824 24.89398 24.88677 25.04516 25.20857 25.22204 25.08241 25.03848 24.98689 25.38946 25.53496 25.54719 26.51849 28.5707 29.1807 28.20572 27.4078 26.38284 25.7056 25.58429 25.14876 23.82229 23.36736 24.25168 25.26617 25.32644 25.91767 26.12601 26.32838
23.89064 23.8068 23.7916 23.78397 24.03715 24.26984 24.36823 24.40745 24.33295 24.77091 25.12842 25.00353 25.57619 26.06116 25.98493 26.48043 27.21753 27.63106 -9999 27.0082 26.34229 25.90095 25.3308 24.82663 24.83399 25.58075 26.26446 26.61766 27.08363 26.55383 25.64341 25.00014 24.70144 24.3646 23.88956 23.57665 23.15349 22.63673 22.26299 22.36653 22.79755 23.55801 23.97064 24.427 24.49452 24.6067 24.95649 25.46312 25.8708 26.05917 25.51835 25.55253 25.20487 24.9354 25.5064 26.78564 27.25998 26.59621 27.15933 27.02644 26.48084 25.30124 23.80607 23.46794 23.72857 23.6686 24.31425 25.08401 25.09259 25.33819 25.88317 26.15014
23.77437 23.82157 23.85426 23.94743 24.07331 24.0413 24.19507 24.22204 24.18476 24.27194 25.3329 25.46648 25.89742 26.24262 26.25295 26.47939 26.74709 27.14885 27.36869 -9999 -9999 26.28137 25.70304 24.84571 24.85326 25.16278 25.44152 25.56929 25.61748 25.59339 24.89593 24.55502 24.56633 24.07218 23.20884 22.85511 22.56771 22.76753 22.60107 22.68314 22.76503 23.30791 23.77237 24.23517 24.66827 24.69274 25.03455 25.78218 26.46545 26.64194 25.58496 25.21798 24.80093 24.55964 25.03088 25.9345 25.68437 25.33193 26.67314 26.61848 26.00699 25.03252 24.64573 24.24998 24.40614 24.67655 24.89945 24.86465 24.66271 25.01555 24.95145 26.35362
-9999 23.79239 24.00619 24.22091 24.2201 24.02225 24.15499 24.02622 24.20985 24.65557 24.99185 24.95798 25.04253 25.3054 25.69144 26.04242 26.24404 26.26417 26.52641 26.3695 26.09662 -9999 -9999 24.82247 24.64751 24.6929 24.85398 24.94767 24.87428 24.82339 24.55012 24.34569 24.12329 23.59527 23.06047 22.95873 23.24699 23.14607 23.14505 22.89894 22.88741 23.19948 23.74136 24.17884 24.19512 24.41026 24.81717 25.36902 25.90553 25.88722 25.53677 24.74707 24.3448 24.22587 24.5449 25.29911 25.44472 24.83319 25.33789 25.41413 25.3072 25.11181 24.89466 25.07239 24.84962 24.83929 24.90686 24.47109 23.76352 24.0979 24.03873 26.75899
-9999 23.98712 -9999 -9999 24.18087 -9999 24.31205 24.35273 24.64889 25.0908 25.12254 24.74711 24.59287 24.73947 24.99227 25.26887 25.47792 25.40563 25.27028 25.27678 25.09083 24.82834 24.89434 -9999 -9999 -9999 24.6636 24.76665 24.45518 24.31434 24.51793 24.11399 23.92298 23.58482 23.19328 23.1808 23.41808 23.52913 23.35351 23.01332 22.994 23.37897 23.64924 23.89435 23.90671 24.0419 24.17254 24.37218 24.68523 24.9185 24.43101 24.24985 24.13098 24.04528 24.22667 24.65093 24.6862 24.45828 -9999 25.1896 25.04998 24.85513 24.7281 25.04395 25.33624 24.74062 24.21562 23.73533 23.8779 25.85522 26.34969 26.06146
-9999 -9999 -9999 -9999 -9999 -9999 -9999 -9999 24.47499 24.65759 24.89435 24.72585 24.67839 24.73049 24.88303 25.25833 25.35985 25.09817 24.84697 24.91209 24.86913 24.69481 24.65205 24.56722 24.42253 24.47129 -9999 24.52536 24.32987 24.23643 24.15341 23.96672 23.80466 23.58885 23.49374 23.62913 23.58623 23.36966 23.17735 23.14107 23.19627 23.39442 23.54556 23.69581 23.85657 23.79332 23.73047 23.64777 23.44998 23.15928 23.41007 23.80481 24.00472 24.02495 24.02499 -9999 24.62507 24.48517 25.31842 25.17218 24.75318 24.63064 24.85353 24.76904 23.86679 22.68562 23.53163 24.78511 25.10932 25.43242 26.30364 -9999
-9999 -9999 -9999 -9999 -9999 -9999 -9999 24.73385 25.30167 25.5104 25.56131 25.75132 25.39214 25.20059 25.23811 24.99767 24.91642 24.62559 24.27252 24.36694 24.36721 24.19674 24.09398 23.94543 23.72054 23.52158 -9999 23.80462 23.78413 23.71437 23.47977 23.65026 23.93761 24.26911 24.58597 24.60614 23.75708 22.84811 22.79068 23.18138 23.5289 23.39212 23.43957 23.41144 23.40533 23.41439 23.35723 23.08531 22.78109 22.86773 23.38923 -9999 23.90926 24.0736 24.28063 24.40859 24.38992 24.206 24.34499 24.13051 24.30418 24.62525 24.56053 24.35139 23.26874 23.31346 23.54358 23.39368 23.28623 24.13488 26.04325 26.04738
-9999 -9999 -9999 -9999 -9999 24.41224 24.62106 25.34243 26.20852 26.1227 26.15947 26.25092 25.85598 25.4141 25.08337 24.79856 24.59615 24.66606 24.59664 24.49438 24.32431 24.14234 23.99383 23.82853 23.51653 23.2986 23.33996 23.51398 -9999 23.28499 23.23402 23.34269 23.46723 23.63378 24.09311 24.49683 23.79137 22.80779 23.00856 23.28561 23.48562 23.39778 23.15316 23.11581 23.14819 23.17825 23.0857 23.02851 23.08636 23.14422 23.44698 23.68934 23.88006 24.24425 24.55206 24.58811 24.4826 24.36481 24.21827 24.03526 24.24116 24.55626 24.55466 24.29247 23.01464 22.77374 23.83361 24.91127 25.48327 25.91242 -9999 26.66674
-9999 -9999 -9999 -9999 -9999 24.88786 25.05549 25.40577 26.13189 26.6923 26.68861 26.49401 25.57615 24.57241 24.26374 24.52259 24.44324 24.409 24.44964 24.39342 24.16693 24.03708 24.02115 23.94865 23.40797 23.12317 23.17651 23.25327 23.17085 23.09983 -9999 22.99037 22.9131 22.91921 22.83791 22.90031 23.5934 22.90072 23.23084 22.97194 22.91713 23.03844 22.89701 22.56227 22.52417 22.62818 22.68712 22.684 22.79304 23.05029 -9999 23.54492 24.02818 24.33944 24.48366 24.45558 24.36902 24.34623 24.25411 24.02562 24.05944 24.35039 -9999 24.58974 23.98871 22.70565 22.95726 24.26135 25.34466 25.80065 26.32874 27.34087
-9999 -9999 -9999 -9999 -9999 24.74875 -9999 -9999 26.36468 26.56133 26.34964 26.19672 25.59716 24.9524 24.56751 24.38764 24.39367 24.26389 24.21058 24.10694 23.98411 23.95984 23.95609 23.41644 23.2081 23.09987 23.01449 22.97997 22.97768 22.92488 22.84072 22.5918 22.23438 21.96754 21.85045 22.06495 22.66014 22.66194 23.11683 23.10767 22.93688 -9999 22.6359 -9999 -9999 22.56033 22.61603 22.47538 22.4161 22.69161 23.19862 23.40431 23.65694 23.9673 24.20431 24.29318 24.24239 24.11973 24.15963 24.02184 24.03783 24.26471 24.57944 24.63837 24.93431 24.11565 23.79889 24.46013 25.29733 -9999 26.25208 27.28368
-9999 -9999 -9999 -9999 -9999 -9999 -9999 -9999 25.51706 25.62446 25.09463 25.00168 24.92839 24.68822 24.39209 24.20262 24.13675 24.20529 24.26771 24.26475 24.12078 23.92528 23.78105 23.80089 23.43879 23.22917 22.88152 22.5796 22.4968 22.58234 22.13038 21.99796 22.01036 22.07414 22.15414 22.30879 22.48776 22.47345 22.76684 22.87647 -9999 22.82082 22.70652 22.79729 22.6766 22.76115 22.71688 22.59365 22.53696 22.71318 23.10269 23.25811 23.4691 23.63484 23.88326 24.09277 24.09033 24.21684 24.01649 24.18234 24.25796 24.3111 24.35823 23.72433 23.36475 -9999 -9999 24.71593 25.1495 25.5222 26.15199 26.8514
-9999 -9999 -9999 -9999 -9999 -9999 -9999 25.42672 25.14362 24.9961 24.83476 24.78602 24.64829 24.45511 24.24144 24.06129 24.00352 24.25178 24.49235 24.45902 24.17104 23.88512 23.73282 23.87453 23.50189 23.39877 23.19161 22.83951 22.50537 22.40192 22.33868 21.97668 22.13118 22.13179 21.98443 -9999 22.28695 22.40442 22.45759 -9999 22.63337 23.02114 23.08043 22.88374 22.68559 22.41139 22.54211 22.70142 22.78072 22.87424 22.91871 22.94256 23.29759 23.42662 23.58659 23.80432 23.9039 24.07968 23.853 24.15072 24.17491 24.06335 23.82607 22.57933 22.13367 23.77123 24.31067 -9999 25.03508 -9999 26.10961 26.09497
-9999 -9999 -9999 -9999 -9999 -9999 24.53151 24.77846 24.81536 24.50618 24.30952 24.27959 24.31355 24.34502 24.22083 24.04257 24.16812 24.56538 24.39217 24.10542 23.93351 23.86011 23.79291 23.84002 23.59999 23.40243 23.15549 22.95305 22.74133 22.45132 22.43141 22.41936 22.44677 22.39347 22.3482 22.3725 22.48846 22.52526 22.5033 22.53814 22.71315 23.05767 23.06163 22.78627 22.23434 22.22756 22.27467 22.55971 22.82024 22.72571 22.76323 22.79375 23.12442 23.27481 23.40731 23.65854 23.94714 23.95038 23.7856 24.01912 23.8603 23.76242 23.6759 22.62345 22.84785 24.48619 24.95265 24.79615 24.98093 25.58009 25.80381 25.50351
-9999 -9999 -9999 -9999 -9999 -9999 -9999 -9999 23.9592 23.99285 23.89928 24.00575 24.13064 24.18077 24.13507 24.06406 24.25471 24.21017 24.14129 23.97437 23.90401 23.89617 23.85628 23.88667 23.7172 23.53378 23.29346 23.11006 22.99003 22.77792 22.56318 22.67569 22.75793 22.81355 22.82558 22.88183 22.99902 22.98034 22.6814 22.90006 23.08996 23.17628 23.03554 22.89724 22.51052 22.34138 22.48665 22.73555 22.90749 22.91612 22.8403 22.79385 23.12594 23.47023 23.5912 23.66597 23.74351 23.70782 23.97993 23.86551 23.80257 23.88734 23.82306 23.07164 21.63264 24.06666 25.14741 25.00788 25.04993 25.34171 25.00728 25.3308
-9999 -9999 -9999 -9999 -9999 -9999 -9999 -9999 23.78065 23.68021 23.7103 23.76411 23.94828 23.99143 23.95165 23.93883 23.8975 23.86834 24.16739 24.14401 24.05935 24.01008 24.01593 23.91079 23.84422 23.79377 23.51247 23.20701 23.02104 22.97463 22.78766 22.71594 22.70007 22.7788 22.8859 23.07285 23.30309 23.26 23.0154 23.02194 23.18935 23.07595 22.93664 22.99726 22.75851 22.70777 22.85792 22.9641 22.89951 22.81452 22.94714 23.07041 23.07019 23.16862 23.31079 23.48543 23.49595 23.22626 23.58749 22.95794 23.29748 23.83045 23.73558 23.38829 22.82102 21.77342 23.6093 24.4972 24.70871 24.99949 25.33315 25.79589
-9999 -9999 -9999 -9999 -9999 -9999 23.37999 23.65027 23.76414 23.78737 23.65023 23.57505 23.62267 23.80645 23.84261 23.71938 23.76962 23.81197 24.15008 24.25301 24.1927 24.14093 24.14085 23.88559 23.85961 23.81295 23.58593 23.27442 23.06297 22.95897 22.79041 22.69677 22.60115 22.62004 22.92972 23.25995 23.39191 23.59947 23.28556 23.43189 23.43307 23.13555 23.08173 22.96873 22.84345 22.74702 22.96515 23.04723 23.02495 23.01942 23.05167 23.05174 23.28343 23.3533 23.32029 23.37057 23.34214 22.82604 22.51273 22.02822 22.44032 23.10101 23.39215 23.47584 22.52057 22.66401 23.52408 24.33698 24.82301 25.16087 25.6226 25.97168
-9999 -9999 -9999 -9999 -9999 -9999 23.10761 23.35047 23.6919 23.83088 23.82339 23.57341 23.4622 23.4937 23.49893 23.46726 23.60051 23.5486 23.6672 23.98815 24.14125 24.15911 24.14742 23.92789 23.85888 23.60568 23.54918 23.40077 23.155 22.93493 22.55878 22.44881 22.43839 22.59706 23.29469 24.01139 24.21918 24.34187 23.8001 23.68919 23.67373 23.42662 23.27201 23.21883 23.16856 23.15429 23.2442 23.21088 23.26861 23.41953 23.3519 23.32878 23.35618 23.38004 23.29939 23.219 23.08455 22.67243 22.49628 22.47685 22.77609 23.01833 23.11864 23.42027 23.71657 22.81862 23.9518 24.43297 24.66689 24.98742 25.30318 25.69226
-9999 -9999 -9999 -9999 -9999 -9999 -9999 23.33306 23.63008 23.81711 23.6502 23.41014 23.40826 23.42496 23.44174 23.4635 23.52657 23.54029 23.59612 23.78585 23.87335 23.88623 23.88575 23.87353 23.77401 23.51549 23.45814 23.37087 23.17249 22.91909 22.51789 22.13934 22.29176 22.67162 23.80957 24.90298 25.28104 25.38551 24.58621 24.03349 23.87251 23.74559 23.45162 23.26052 23.22257 23.32163 23.42707 23.36823 23.32145 23.32506 23.22723 23.25343 23.39195 23.38755 23.29255 23.14569 23.02044 22.80118 22.51862 22.95966 22.812 22.69332 22.81316 23.06001 23.8609 23.07389 24.24569 24.6911 24.91183 25.1514 25.25834 25.27678
-9999 -9999 -9999 -9999 -9999 -9999 -9999 23.34221 23.47861 23.72276 23.72831 23.6603 23.47729 23.47914 23.50452 23.48965 23.51176 23.56413 23.47644 23.62785 23.6757 23.64293 23.67695 23.7618 23.69471 23.46819 23.38411 23.41157 23.30296 22.92587 22.55952 22.03482 22.25063 23.83423 25.06207 25.61052 25.93908 26.44068 25.56168 24.54366 24.04443 23.81433 23.61431 23.4824 23.35566 23.42814 23.4587 23.43986 23.29782 23.21129 23.29323 23.3035 23.31882 23.20914 23.12608 23.13882 23.17382 22.94355 22.11456 22.55219 22.78595 23.06084 23.10508 22.94547 23.78462 23.94486 24.60425 24.50421 24.76919 25.2931 25.44693 25.35615
-9999 -9999 -9999 -9999 -9999 -9999 -9999 23.77952 23.74466 23.72308 23.5927 23.73628 23.66838 23.48198 23.40666 23.45338 23.51266 23.57031 23.5869 23.58807 23.5827 23.56507 23.5098 23.74195 23.67222 23.42781 23.32349 23.50183 23.49081 23.00493 22.66114 22.1954 23.00526 24.24983 25.58307 26.20373 26.32032 26.84161 25.61301 25.03206 24.45218 23.96943 23.84158 23.71448 23.36701 23.41737 23.44146 23.43431 23.43495 23.43325 23.44986 23.39159 23.2505 23.14952 23.11303 23.10421 23.13982 23.12611 22.12968 22.55963 22.56271 22.83046 23.21634 23.21038 23.03311 24.38286 24.80877 24.96489 25.1279 25.36883 25.51958 25.5216
