features/re_bio11.asc
ncols         768
nrows         589
xllcorner     124.299398925
yllcorner     32.893460211367
cellsize      0.010567299164062
NODATA_value  -9999
[rows 128 to 159 of 589, columns 288 to 359 of 768]
-3.495238 -2.521966 -0.6738863 0.9165899 0.9572965 1.059217 0.700384 0.01658986 0.4216206 0.6200845 0.9451613 1.064631 0.9178572 0.414977 -0.2786866 -0.5502688 0.8266129 0.5721966 0.440361 -9999 1.183833 0.5772657 0.7688172 1.04735 0.8769585 0.3102534 -0.1489247 -0.02780338 0.5832949 0.6774577 0.4032258 0.2511905 0.2519201 0.3504992 0.3784562 0.07561444 -0.1450461 -0.1585253 -0.1241551 0.1504224 0.125 -0.07142857 0.2842934 0.5009984 0.234063 -0.2196237 -0.5433564 -0.8520737 -1.499078 -0.9355991 -0.5294163 0.01102151 0.1642473 -0.1453917 -0.527957 -0.5940861 -0.2279954 0.4115975 0.4441628 0.6200461 0.9350615 0.7946237 0.1615975 -0.2065284 -0.5046083 -0.5140553 -0.3099078 -0.1776882 -0.4013057 -0.8835254 -0.8617128 -1.277343
-4.298579 -3.0697 -0.8465438 0.8247312 -0.1103687 -0.005952381 0.3369048 0.6269969 1.109601 1.610676 1.204839 0.1887097 -0.3789555 -0.9721582 -1.507834 -0.8174731 0.7844854 1.472696 -9999 1.270699 1.153418 0.6048387 1.025 1.084217 0.6842166 0.1832565 0.2454301 0.659639 0.399616 0.2997312 0.7545315 0.5779186 0.4370968 0.6325653 0.8451229 0.4425115 0.4091014 0.7136329 0.8571813 0.3001536 -0.1903994 -0.7352535 0.53702 0.7466974 0.1951613 -0.3538786 -0.5139017 -0.4269201 -0.4771505 -0.1593702 0.03644393 -0.2213134 0.2209293 0.3329877 -0.1909754 -0.005683564 0.04001536 0.6276882 0.9412826 1.028264 0.872427 0.4378264 0.3807988 0.7017665 0.177573 -0.08794163 0.02277266 0.1884025 0.2265745 -0.1433564 -0.4372504 -0.6042243
-3.16586 -1.694739 -0.2144393 -0.2427035 -1.960292 -1.516244 -0.3979647 0.7070661 1.669739 1.697581 0.8451613 -0.4842166 -1.178149 -1.618126 -1.61106 -0.3663979 0.8284946 -9999 1.533449 1.109831 0.5224655 0.1111367 1.733948 0.9414747 0.6105607 0.3751152 0.6146314 1.068702 0.9432796 0.9108295 0.8707373 0.4773042 0.6408986 0.940553 0.9645545 0.929109 1.169931 0.837596 0.5317588 -0.3533026 -0.1141705 -0.000921659 -0.7575653 0.5405914 0.4446621 0.2756912 0.2832181 0.1452765 -0.4396697 -1.16371 -0.5490783 0.163172 0.5086405 0.300768 -0.05065284 0.1918203 0.4258065 0.919086 0.9335253 0.7397466 0.4138633 -0.02872504 -0.4167819 0.3946237 0.3035714 0.1231567 0.1134793 0.190553 0.1619048 -0.04443165 -0.222235 -0.230722
-0.4085638 -1.046889 -0.5274578 -1.321889 -0.4324501 0.291321 0.9667435 1.593356 1.715323 1.193971 -0.8004608 -1.008103 -0.4584485 -0.7226574 -0.9995008 0.3011521 -9999 1.492243 1.257066 0.7996544 0.7538403 -9999 -9999 1.302919 1.110561 0.9106759 0.8839478 0.9481567 0.6933948 0.09696621 0.2167819 0.2403994 0.2849078 0.6478111 1.119777 1.192934 1.027074 0.7146698 0.4153994 0.1540707 0.1340246 0.2728111 0.3072965 0.9023809 0.9529954 0.7324885 0.1809524 -0.2304915 -0.1339478 -0.8832949 0.3542243 0.8657834 0.414977 0.01044547 0.07822581 0.2884793 0.3981183 0.9908218 0.934255 0.6205453 0.06900921 -0.3561444 -0.268702 -0.2343318 0.2019201 0.02853303 -0.1170507 -0.04880952 -0.1664747 -0.5678955 -0.7973886 -0.2006528
0.2601767 -1.103456 -1.58414 -2.986213 -0.2589094 0.3314132 1.266052 1.848272 1.552688 1.466167 -0.2835253 -0.08924731 0.2814132 0.02008449 -0.2369432 0.3711981 0.9577189 1.626728 1.563134 1.434025 1.448233 1.272465 1.340131 1.427611 1.703994 0.9344086 0.07081413 -0.2252688 -0.1374424 -0.3275346 -0.140553 0.1591014 0.1396697 0.4315668 1.018817 1.272389 0.9087942 0.9117895 0.9420891 0.1304147 0.01670507 0.2773426 0.18798 0.5883257 0.5715054 0.08417819 -0.3871736 -0.312596 0.3310676 0.4153226 0.8167435 0.8211598 0.3817972 0.03229647 -0.06605223 0.08214286 1.024232 0.9429724 0.2225806 0.191321 0.4259216 0.005645161 -0.2722734 -1.380607 -1.389785 -0.9920507 -0.233871 0.1306452 -0.4495008 -0.7607143 -0.8365207 -0.5988479
0.9142473 0.1301075 -0.5787634 -0.06298003 0.1724654 -9999 1.562942 1.004455 -0.05656682 0.002995392 1.075461 1.17331 0.793126 -9999 -9999 -9999 0.9442396 -9999 1.615515 1.303111 1.185445 0.4921275 0.8074117 0.8174347 1.600269 0.8880953 0.1306836 -0.2989247 -0.4837942 0.2387865 0.02384793 0.312788 0.6125576 0.7253456 0.9456221 1.298502 1.032412 0.856874 0.8060292 0.296275 -0.2554916 -0.5459293 0.1174347 0.3889017 0.6340246 0.5614823 0.740361 0.9916667 0.9724655 0.9833333 1.0702 0.6252304 0.2838326 0.313172 0.5922811 0.8625576 1.075192 0.09969278 -0.2586406 -0.302573 -0.2213134 -0.4458909 -1.021889 -2.363479 -2.605031 -2.073925 -0.9201229 -0.2219278 -0.5642857 -0.8413594 -0.5687404 -1.06755
2.075576 1.260791 0.2213902 0.5359447 1.20745 1.552919 0.912212 -0.4203149 -1.42573 -1.711022 0.6045699 1.412596 1.054608 1.039324 1.380146 1.521313 1.455338 -9999 1.493548 1.262519 1.021237 0.2662058 0.7228879 0.6621736 1.238786 1.378187 1.029724 0.4912826 0.2227727 0.7162442 0.6076421 0.8089862 1.151344 1.044432 1.019854 1.342281 1.031797 0.8328725 0.6660522 -0.1216206 -0.3695852 0.01835638 0.2766129 1.060138 0.971851 0.6373656 0.503149 0.8123272 1.265899 1.209332 1.133564 0.7841782 0.7100614 0.8946621 1.109332 1.133909 0.8824885 -0.08252688 -0.3426651 -0.4875192 -0.5129416 -0.8435868 -1.858948 -2.251075 -1.491935 -1.282412 -1.061521 -0.8044931 -0.6969662 -0.6147466 -0.2817588 -1.155722
1.936559 1.816398 1.43871 1.534524 1.709025 1.668088 1.0548 -0.2291475 -1.20937 0.04727343 0.6921659 0.4041091 0.1899002 0.6999232 1.218203 0.9813364 0.2619816 0.3796467 1.007488 0.7664363 0.3864823 0.08087558 1.161905 0.7806451 1.290092 1.522081 1.11659 0.8754224 1.105146 1.110522 1.295853 1.222581 1.234524 1.050269 0.9945468 1.228917 1.296467 0.9975423 0.9461213 -0.04777266 -0.03260368 0.3583333 0.2720814 0.9322197 0.7605222 0.3079109 0.2663979 0.60553 1.042166 1.281183 1.171275 0.8341782 0.9686636 1.152419 1.180223 1.045968 0.8433564 0.9797235 0.8826037 0.6650538 0.4896313 0.1143625 -0.9147081 -1.27043 -1.097427 -0.5488863 -0.4086789 -0.4352919 -0.5783794 -1.09735 -1.328149 -2.025615
1.907681 1.610177 1.166475 0.7915131 1.634332 1.286559 0.3074885 -0.1140169 -0.1981183 -1.667358 -1.496582 -0.9010752 0.2574117 0.6691244 1.034639 1.668664 1.488364 1.094931 1.47788 1.16321 0.08168203 -0.3594854 0.7609447 1.032681 1.33126 1.096774 1.074462 0.9170507 0.7147849 1.025077 1.211828 1.132834 0.8916667 0.693702 0.8248464 1.126882 1.10672 0.7884793 1.226651 0.7384793 0.7225038 0.6385177 0.5891321 0.5164747 0.5830645 -0.05556836 0.06543779 0.3044547 0.4777266 1.117704 0.9909754 1.262558 1.098848 0.7294163 0.5808372 0.7032642 0.822235 0.5589862 0.2128264 0.2209293 0.2847542 0.07427035 -0.2993472 0.04500768 -0.8077957 -0.2448157 -0.7582949 -1.35361 -1.297427 -1.006797 -0.5502304 -0.8338709
1.55553 1.206336 0.7767281 1.138671 1.569278 1.293356 0.1852919 -0.7587942 -1.201997 -1.583717 -0.2412826 -0.2403226 0.3518049 0.9668587 1.326766 1.464017 1.453879 1.012826 1.056644 0.8303763 -0.2356375 -0.5146313 0.896851 1.056413 0.6008065 1.014055 0.9793395 0.6241935 0.309639 0.2595238 0.622427 0.8997696 0.4843702 0.4019201 0.7260368 0.9636329 0.7080261 0.6384793 0.8810676 1.031682 1.088979 1.046505 0.7181259 -0.1856759 -0.2852919 -0.299616 0.04297235 0.4226958 0.7199693 1.040015 0.7574501 1.096467 0.5406298 -0.04646697 0.1703533 0.8009984 0.922235 0.8626728 0.7902458 0.597043 0.3177035 0.03990015 -0.09781106 0.1092166 0.1311828 0.1926267 -0.06117512 -0.4537635 -0.8160522 -1.075154 -1.047235 -2.591321
1.402304 1.503149 1.322235 1.498733 1.783487 1.077842 -0.03045315 -0.9333717 -1.201613 -0.796083 -0.04473886 0.4837942 -0.7088326 -0.2390169 0.7311828 1.047888 0.9663978 1.211866 1.057104 0.3485023 0.08202765 0.1799923 1.224424 1.349616 0.7611751 0.7801459 1.048541 0.6509216 -0.2186636 -0.5032642 0.3084869 0.2421275 0.3786482 0.3208909 0.4330645 0.5262673 0.2415515 0.05802611 0.308871 0.9114055 1.097811 0.8998464 0.4628648 -0.184831 -1.085791 -0.3138249 0.3758065 0.7570661 0.7466974 0.4331029 0.3871736 0.5836021 0.5238096 0.02991552 0.1957757 0.6727343 0.7096006 0.5365592 0.3442012 -0.06044547 -0.327381 -0.2961214 -0.150192 -0.3167819 0.08548387 -0.03801843 -0.1021121 -0.1665515 -0.3923195 -0.7121352 -0.8709677 -0.592934
1.843587 1.513134 1.232104 1.984293 1.693356 0.3711213 -0.465553 -0.3157834 0.2723118 0.4410522 0.5383257 0.5048003 -0.7283026 -0.2041859 0.7160138 1.045737 0.9455069 0.5455069 0.5943164 -0.755338 -0.5666667 0.1999232 0.9600999 1.101037 0.4158218 0.5060292 0.9912443 0.5533026 -0.1198541 0.08874808 -0.1259217 -0.6981183 -0.3454685 0.1551459 0.3972734 0.3726959 0.1629032 -0.2139401 0.5351382 0.5856375 0.8745392 1.048771 0.6927035 0.3567972 -0.2074117 0.4738863 0.6000384 0.5909754 0.3759601 -0.1375192 -0.2939324 0.07538403 0.2389785 0.265937 0.3869432 0.5303763 0.5593702 0.4418203 0.04792627 -0.4148234 -0.5302227 -0.5055299 -0.6119816 -0.7566052 -0.4193932 -0.8162442 -1.215399 -1.060983 -0.6141321 -0.300192 -0.2975807 -1.141129
1.436521 0.794854 0.8621736 2.219969 1.862212 1.027343 0.9563364 1.249309 1.373886 1.142742 0.712788 -0.1650538 0.139977 0.4263825 0.5506144 0.7369047 0.9123272 0.325576 0.4175883 -0.7299155 -0.5233487 0.0842934 0.5139017 0.419278 0.4517281 0.8579493 1.039823 0.8740783 0.8018817 1.025154 0.6449693 -0.08306452 -0.4294931 -0.08198924 -0.05990783 -0.1105991 0.1552611 0.03986175 0.2377496 0.2666667 0.7207373 1.170008 0.8983103 0.3465438 0.5504993 0.6572965 0.1309524 -0.1096006 0.03456221 0.1119048 -0.2575269 -0.5787634 -0.411828 0.05652842 0.3544931 0.3413594 0.2975807 0.4637865 0.09350999 -0.5357143 -1.043088 -1.104301 -0.8040707 -0.4458525 -0.2468126 -0.05875576 -0.09623656 -0.04696621 -0.2524578 -0.7902842 -1.017128 -1.021544
1.888326 1.816974 2.055645 2.189055 1.870085 1.16732 0.8990784 0.8315284 0.7314132 0.5961981 0.3261521 -1.056836 -1.121352 -0.2682412 0.3139785 0.5181643 0.6780722 0.6879801 0.3001536 -0.04877112 -0.9024578 -0.8979263 0.03644393 0.1776114 0.09301075 0.8942396 0.4651306 0.4501152 0.8645545 1.058103 0.8480799 -0.3858295 -0.2862903 -0.6973886 -0.7896313 -0.4513057 -0.1981951 -0.5130184 -0.26202 0.1052227 0.7139401 0.8739631 0.5486943 0.5802996 0.4413978 0.1543395 0.19447 -0.2378648 -0.4501536 -0.1091014 0.04101383 -0.9817204 -0.3620584 0.1384025 0.07933947 0.0140553 0.1954301 0.4423195 -0.640937 -1.317512 -1.663671 -1.245661 -0.3543011 0.1054531 0.3428955 0.1182028 -0.2266513 -0.4809524 -0.5297619 -0.6764209 -1.153149 -0.6039938
-9999 2.02212 2.584524 1.740591 0.9352919 -0.1833333 -0.5889017 -0.4026114 -0.2529954 -0.2794931 0.1250768 -0.09343318 -1.322312 -0.7313748 0.000499232 0.3682796 0.593702 0.7253456 0.4867896 0.2021889 -0.5000768 -1.024885 -0.5312212 -0.2206989 -0.1261905 0.6307604 0.5651306 0.3900922 0.5021505 0.7911674 0.8078725 0.5725423 0.1836406 -0.007872504 -0.2521505 -0.5110983 -0.5004608 -0.04627496 -0.2733487 0.3967358 0.8475807 0.8916283 0.5800691 -9999 0.07223503 -0.7240399 -0.4301075 -1.015515 -1.06563 -0.431874 -0.490937 -0.5528418 -0.9392473 -0.177573 -0.1199309 -0.3256528 -0.2599078 0.03613671 -0.9642857 -1.750998 -1.538249 -0.7849463 -0.1674347 -0.009447005 0.1987711 -0.3839094 -0.5319893 -0.7383257 -0.7860599 -0.8468126 -0.9892857 -0.3752304
-9999 2.484524 2.670084 1.716974 1.002035 0.2710061 0.3039555 0.2428571 0.07004608 -0.1305684 -0.4771121 -0.4689708 -0.6377112 -0.9411674 -0.490553 0.06397849 0.3247312 0.671275 0.6311828 0.009946236 -0.03037634 -0.4272657 -1.749232 -0.9717742 0.153533 0.8104839 0.5547619 0.1215822 -0.006797235 0.1564516 0.2692012 0.152381 0.6539555 0.528533 -0.2039171 -0.3262289 0.1369048 0.1248464 0.3489631 0.5757297 0.8042627 0.6280338 0.06635945 -0.175384 0.3023041 0.471275 -0.03536866 -0.5384409 -1.098886 -1.380491 -1.009409 -0.3463902 -1.470968 -0.6559524 -0.4283794 -0.8052227 -1.26321 -1.318318 -1.564977 -1.311982 -1.321774 -0.682066 -0.009792627 -0.153917 -0.2022657 -0.3967742 -0.2665899 -0.3725806 -0.5025346 -0.6417819 -0.7247312 -0.1685484
1.768894 2.42427 2.860061 2.663172 2.142396 1.992742 1.737481 1.465169 1.081644 0.1972734 -1.289516 -1.697734 -0.9261521 -1.625653 -1.156068 -0.33149 -0.1500768 -0.1261905 0.3597158 0.02749616 -0.2958909 -0.6678187 -1.374155 -0.7511137 0.1879032 0.5651306 0.1212366 -0.5650538 -0.5186252 -0.07338709 -0.2199309 -0.4840246 0.1016897 0.2649386 -0.06178955 -0.1440092 0.08917051 0.2366744 0.3901306 0.8042627 0.7461597 0.7379416 0.7377112 0.5908218 0.7327189 0.4666283 0.1370584 0.05330261 -0.137596 -0.4083333 -0.4993856 -0.6013057 -0.890169 -0.816321 -0.7901689 -1.416513 -2.63437 -2.23702 -1.934754 -0.8093702 -0.9129416 -0.7022274 0.01324885 0.3959293 0.1443932 -0.4082181 -0.6548771 -0.3554915 -0.004915514 0.1189324 0.1177419 0.2336022
2.408641 2.815207 2.338594 1.642627 2.133679 0.912404 0.04965438 0.1581413 0.3237711 0.08521505 -0.2380568 -1.003226 -1.518011 -1.811674 -0.9527266 -0.4189324 -0.5136713 -0.3753456 -0.5862135 -0.4488479 -0.6204301 -0.8495392 -0.3648233 -0.3064516 0.1327957 0.2359063 -0.2630184 -0.5995392 -0.4989247 -0.4280338 -0.6567972 -0.05011521 -0.1793395 -0.008333334 -0.2774194 -0.3770737 -0.04016897 0.3062596 -0.01808756 0.3610599 0.4458141 0.2738863 0.05326421 0.0952765 0.4239247 0.784063 0.662596 0.5710829 0.5321813 0.4053379 0.08625192 -0.3339862 -0.6546083 -1.098272 -1.063172 -1.05745 -1.550614 -1.407181 -2.113249 -0.6247696 -0.01655146 -0.05641321 0.2625576 0.8934332 0.5418971 -0.5764593 -0.4698925 -0.4226575 0.2798387 0.437212 -0.08832565 0.01762673
2.243318 1.984716 1.554493 0.8619816 0.6212749 0.7959678 0.4871352 0.4852151 0.2742319 -0.4798387 -1.370545 -1.23533 -1.340668 -2.185906 -2.966052 -2.439631 -2.001766 -2.829455 -2.591167 -2.58533 -2.478763 -2.5 -2.345008 -1.65361 -1.727803 -2.474347 -2.091552 -1.21778 -0.3718126 0.2645929 0.6216206 0.63702 0.618894 0.3810676 0.1925115 0.1654378 0.4019585 0.75649 0.836444 0.7852919 0.6979647 0.225192 -0.4189324 -0.5505376 0.3556451 0.2896698 0.4056836 0.428725 0.4185868 0.3552227 0.1783794 -0.08867127 0.00906298 -0.09281874 -0.1284946 0.1180492 0.3572965 0.6859447 0.6129032 0.7781874 0.7068356 0.8705453 0.9441628 0.7261521 0.2716206 -0.5037634 0.4829493 0.8338709 0.6535714 0.1001152 -0.5762673 -0.8993087
2.023157 1.768971 1.665246 1.341475 0.8708141 0.4660138 -0.5766897 -0.1863671 0.1204301 -0.3465438 -0.7613287 0.1891705 0.5509984 -0.2742704 -1.897504 -2.810637 -2.910522 -2.945468 -3.540668 -4.050807 -4.806413 -4.433909 -2.845737 -1.060753 -1.278763 -2.855184 -1.03606 -0.4562212 -0.5436636 -0.187212 0.6748464 0.9765361 0.9331029 0.3354839 0.15553 0.4485023 0.7908602 0.8387097 0.5813364 0.4821045 0.4596774 0.615169 0.4536098 0.1855991 0.5120968 0.5051844 0.290169 0.08517665 -0.18702 -0.456106 -0.7241167 -1.026613 -1.113671 -1.265937 -1.581912 -1.384063 -0.8806068 0.1900154 0.7422811 0.608871 1.025806 1.15672 0.9518049 0.6136329 0.3506144 0.2901306 1.124693 1.104762 1.029685 0.5003456 0.03732719 0.1030722
1.755991 1.831874 1.894854 1.858065 1.618548 -0.08686636 -1.201536 -0.6295699 0.1959677 0.3493088 0.3028034 1.408641 1.45553 -0.3301075 -1.48702 -1.10745 -0.7612519 -1.628763 -2.71275 -3.891359 -4.580108 -3.884293 -0.6874808 -0.153341 -0.3766129 -1.374002 -0.3299539 -0.06658986 -0.0437788 0.3304532 0.9786866 1.223195 1.167588 0.9333333 0.3623272 0.6351383 1.001843 0.9548387 0.6211982 0.1645545 -0.1076037 0.1483487 0.5048003 0.4433564 0.1100998 0.2795315 0.2201229 -0.2613671 -1.060983 -1.584025 -1.695353 -1.639823 -1.695276 -2.064708 -1.7702 -2.033448 -1.933794 -0.5130568 0.5068356 0.80553 0.8802227 0.8826037 0.7124424 0.6369048 0.7786483 0.8563364 1.130645 0.8836405 0.8804147 0.9933948 0.9346774 0.6503072
1.932373 1.848464 1.568472 1.491359 1.67619 0.8319892 0.3548387 1.003034 1.157911 0.7942013 0.7439708 1.457335 1.847773 0.859255 0.603533 0.7546083 0.1528418 -1.254762 -2.313825 -4.392473 -2.497734 -1.190822 -0.6892473 0.4360599 0.5117127 -0.5070276 0.5861751 0.5897465 0.5036098 0.3560292 0.3782258 0.9082949 1.308295 1.09182 1.018433 1.075115 0.5871736 0.1758448 0.643894 0.4022658 0.4721966 0.4486943 0.2314132 0.05660522 0.02918587 -0.2019585 -0.2923963 -0.4703149 -1.332949 -1.785215 -1.726728 -1.509716 -1.067588 -1.857412 -1.575922 -0.9297619 -0.8264209 0.271275 -0.1514977 0.8235407 0.8731567 0.8152842 0.3791475 0.431874 1.187942 1.279224 1.094739 1.093433 1.141513 1.144969 1.16083 1.242319
2.168741 2.114555 -9999 2.111905 1.808295 1.171045 1.366167 1.976306 1.78775 1.415438 1.50626 1.77212 2.065323 1.704224 1.621659 1.223464 0.6083333 -0.472427 -2.254724 -2.750115 -0.6489247 0.06658986 -0.2630952 0.162212 0.8869048 0.5914363 0.6923963 0.8975422 0.4342934 0.2605607 0.3221198 0.208871 1.057104 1.123579 1.046505 0.9337174 0.84351 0.5329109 0.1120584 0.56851 0.3837942 0.3058756 0.4000384 0.3831029 0.1215438 -0.2265361 -0.4623272 -0.5302227 -0.9784178 -1.263479 -1.344355 -1.256029 -0.815361 -0.6221582 -1.04063 -0.3090246 0.1591014 0.6082565 0.1742703 1.291897 1.064439 1.123157 1.240323 1.279455 1.169432 0.9127496 0.7170507 0.5892473 0.7249232 0.7200077 0.4146313 0.09051459
2.426114 2.164401 2.14374 2.485983 2.068203 1.807104 2.147197 2.319624 2.186213 2.096121 2.119739 2.013057 2.332988 2.180607 2.102688 1.803418 1.175269 0.0670891 -1.305684 -1.662135 -0.6665515 0.5290322 0.006490015 0.246467 0.6375192 1.131797 0.8620968 0.8295315 0.5372888 0.7229646 1.206989 1.403763 1.426574 1.379071 0.6432796 0.3054532 0.3783794 0.6188556 0.5245776 0.3626728 0.1455069 -0.3804916 -0.3105607 -0.1729647 -0.4366744 -0.5235407 -0.5668586 -1.009217 -0.7756913 -0.5175499 -0.4847158 -0.5282642 -0.4215822 -0.3336405 -0.5017665 -0.2673963 0.07638249 0.4452381 1.094393 1.221121 1.217896 1.221352 1.402381 1.388518 1.134217 0.8998464 0.6175115 0.2639401 0.1597542 0.2547235 0.1438556 -0.1836022
2.34328 1.854608 1.274654 1.685637 2.454724 2.396006 2.366052 2.34182 2.256144 2.310676 2.397197 2.250538 2.172849 2.027151 2.225115 -9999 -9999 1.101075 0.233679 -0.69351 -0.7392089 0.2337174 0.6629416 0.3791859 1.092665 1.315822 1.264862 1.339209 1.122504 1.258679 1.457489 1.294009 1.165131 1.206413 0.2052227 0.1594086 -0.187212 -0.2209677 0.3138633 0.5371352 0.4721198 -0.09481567 -0.6903994 -0.5117512 0.025 -0.4853687 -1.519124 -1.261252 -1.01659 -1.296889 -1.547465 -1.282911 -0.6502304 -0.2109831 0.08817204 -0.1644393 -0.3369816 0.3791091 1.078034 0.6749232 0.9595238 0.7833717 1.04566 1.055453 0.8365976 0.8582949 0.9862135 -0.09658218 -0.02772657 0.3539939 0.09992319 -0.260215
2.492819 1.982412 1.328955 1.697926 2.849347 2.77477 2.538249 2.586098 2.364747 2.274424 2.213441 1.991244 2.298886 2.343971 2.348157 2.282181 2.16083 1.937942 1.493088 0.6834486 0.1473118 -0.03271889 0.7622504 0.750192 0.8665515 1.368587 1.581836 1.605108 1.558449 1.309639 0.7703917 0.0484255 -0.3371352 0.3289939 0.743318 0.7280338 0.3368663 -0.1806452 -0.7210829 -0.9642473 -0.9887097 -0.6528034 -0.3324117 -0.09051459 0.1773809 0.3139017 -0.362212 -0.5860599 -0.2730415 -0.8571429 -0.7436636 -0.2330645 -0.6036866 -0.3577573 0.2869816 0.3060676 -0.09427803 0.04604455 0.7087942 1.025499 1.239785 1.038594 1.161252 1.067819 1.00672 1.249194 1.013748 0.4599462 0.531298 0.7447773 0.5248464 0.4540707
2.624654 1.60914 0.4324117 0.741129 1.965591 2.823003 2.704493 2.530031 2.283257 1.757258 1.074002 0.9607527 2.488978 2.568203 -9999 2.441974 2.373003 2.278149 1.975192 1.440015 1.512826 0.1851767 0.7261137 1.309639 1.527304 1.783141 1.368856 1.060023 1.522427 1.568971 1.090323 0.1854455 -0.7891321 0.1708909 -0.2717358 0.5435484 0.6471582 0.3612519 0.1051459 -0.6624808 -0.5852919 -0.06536099 0.09086022 0.4420507 0.6284562 0.07357911 0.3258449 -0.009831029 0.4856375 0.1239631 0.2419739 0.5064132 0.1072581 0.4317204 0.5252688 0.1230031 0.1597542 0.09208909 0.8993472 1.043241 1.330108 1.331644 1.278879 1.248694 1.263863 1.254301 1.103226 1.027803 0.7399769 0.95 0.9769585 0.9658602
2.024309 1.464977 1.448886 1.768587 2.39424 2.687673 2.743279 2.401152 2.31513 1.556682 0.7923963 1.03821 2.047965 2.394009 -9999 2.577419 2.444969 2.311943 2.189516 1.89086 1.976306 1.09424 1.467281 1.582796 1.785791 1.780184 1.551075 1.224808 1.549885 1.508487 1.328648 0.7518049 -0.4935484 -0.4072965 0.7 0.7649385 0.4289171 0.2478879 0.309447 -0.5591398 -0.2568741 0.4166283 0.5897849 0.6839478 0.8937404 1.041935 0.8951613 0.202957 0.8778802 1.070353 0.8298003 0.3511521 -0.0124424 0.3642857 0.9403994 0.7494624 0.4672427 0.6697389 1.213633 1.456452 1.544393 1.520891 1.468856 1.456452 1.397849 1.277573 1.153917 1.166091 0.9506912 1.027419 1.071813 1.053187
2.556413 2.723694 2.514286 1.851536 2.532066 2.333525 2.521467 2.430645 2.258449 1.358833 0.7583717 1.264939 1.98725 2.112058 -9999 2.443088 2.491782 2.314939 2.168894 2.081797 2.199117 1.796621 1.707988 1.358257 1.144892 1.15457 1.637481 1.427458 1.494048 1.255991 1.140476 0.8716206 0.03832565 -0.2051075 0.2599462 -0.01486175 -0.2449309 0.203149 0.7258065 -0.06593702 0.02069893 0.7286866 0.4876344 0.1754608 0.1897849 0.4116359 0.669278 0.7893241 0.6536483 0.6523426 0.5315668 0.374424 0.4635561 0.7014977 -0.2546851 0.4206989 0.9132872 1.225077 1.493088 1.562404 1.289363 1.353802 1.267051 0.9257681 0.9706221 1.218472 1.054263 1.043164 1.174885 0.7979262 0.5590246 0.5483871
2.455223 1.472043 1.350192 1.141859 2.187327 2.347849 2.376344 2.238633 1.343932 0.6309524 0.2825269 0.3291859 0.9315668 1.866743 1.777611 2.284524 2.444316 2.378802 2.297197 2.11321 1.759063 1.846774 0.4936252 0.1956605 0.4771505 0.8882489 1.45457 0.9045699 1.173541 1.133333 1.243241 1.251114 0.5587558 -0.521659 -0.1152074 -0.4927803 -0.3469662 0.2134025 0.7299923 0.03847926 -0.08490784 0.8607911 0.5344086 0.1706989 0.3166283 0.7184332 0.8351383 1.189209 0.941705 0.5624808 0.4600998 0.005683564 -0.3119816 0.7273809 1.014363 0.7444316 1.013748 1.191052 1.369086 1.769086 1.845814 1.588979 1.136713 0.4732335 0.6245392 1.201498 1.137174 0.752573 1.367128 1.049578 0.7709293 0.5784562
2.856644 2.380876 1.64351 0.7707373 1.514939 2.247849 1.903571 1.804647 1.058986 -0.4777266 -1.25119 -0.574808 0.4451997 0.08233487 1.295545 -9999 -9999 2.17669 1.99639 1.749155 1.785445 1.167819 -0.03836406 -0.1019585 0.240745 0.4727342 1.180837 1.284293 1.350038 1.085868 1.222965 1.312097 0.7341782 -0.1049539 0.7697389 -0.2261905 -0.007104455 0.5057604 0.8678187 0.4288018 0.2280722 0.8089862 0.4632873 0.2607911 0.559831 0.7939708 0.3639017 0.6457757 1.056874 1.066167 0.5297619 -0.06294163 0.01236559 0.9790323 1.127227 0.9039555 1.442012 1.190668 0.9188172 1.222043 1.847581 1.280607 0.9654378 -0.08298771 0.03264209 0.9186636 1.169854 0.9955069 1.15745 0.8823733 0.9834486 0.9849846
2.256029 2.009409 2.204992 1.989938 1.007872 1.604762 2.297734 1.064324 0.07868664 -1.038787 -0.8493856 0.02933948 -0.1050307 0.9609447 1.522773 1.502611 1.935177 1.995814 -9999 1.657527 1.624962 1.523771 1.154339 0.6119816 0.6187788 1.153994 1.238364 1.744432 1.279647 1.006029 1.082873 1.187404 0.8729647 0.2619816 0.9185484 -0.3769969 0.221659 0.8241552 1.075691 0.8453917 0.6442012 0.9199693 0.7111367 0.3311828 0.3345238 0.4020737 -0.06033026 0.05222734 0.5236943 1.2553 0.3198541 0.01973886 0.8288019 1.229263 0.9108679 0.3340246 1.275768 1.208065 1.309601 1.64182 1.429992 1.454224 1.108026 0.4410906 0.277957 0.7543395 1.236444 0.8847542 0.7082565 0.8516897 0.8983487 0.8264977
