features/re_bio5.asc
ncols         768
nrows         589
xllcorner     124.299398925
yllcorner     32.893460211367
cellsize      0.010567299164062
NODATA_value  -9999
[rows 192 to 223 of 589, columns 288 to 359 of 768]
32.70968 32.52258 32.67419 33.16129 33.17419 33.08387 33.01613 32.88387 33.02258 33.50323 33.67419 33.52581 33.48387 33.55161 33.63548 33.68387 33.65807 33.60968 33.57419 33.73226 33.72903 33.72581 33.81613 33.91935 34.00968 33.64839 33.87097 34.04193 33.73549 33.70322 33.66129 32.98709 33.04839 32.71613 32.45807 32.60645 32.82903 32.67742 32.06452 32.90968 32.59032 32.75161 33.2 33.58387 33.79032 33.84193 33.57742 34.20968 34.13226 33.6 33.65807 34.14194 34.27742 34.10968 34.53548 34.57097 34.57419 34.29032 34.16129 34.07742 33.83871 33.62258 32.64194 31.08387 30.79677 31.24194 31.32903 32.46774 32.5871 33.19355 32.7 32.95484
32.59355 32.3871 32.75484 33.10323 33.24516 33.35806 33.27419 33.21936 33.33871 33.54193 33.63548 33.53871 33.54516 33.60968 33.6 33.59355 33.64516 33.79032 33.85484 33.90968 33.5871 33.66774 33.67742 33.77419 33.96452 34.18387 34.07097 33.79032 33.69677 33.6 33.4 32.98387 32.26774 31.52903 31.5 32.03871 32.18064 31.66129 30.86774 32.17097 30.95484 31.05807 31.93226 32.96452 33.48064 33.37097 33.67742 34.2 34.30968 34.03548 34.15161 34.34839 34.18387 34.17097 34.6258 34.73871 34.68064 34.17419 34.15484 34.17742 33.68387 33.23226 32.85161 32.1 32.00968 32.00968 31.35484 30.93871 31.46129 33.18387 31.82903 32.11613
32.52903 32.44839 32.8871 33.13548 33.2 33.47742 33.51291 33.51291 33.56129 33.57097 33.46452 33.41935 33.51936 33.57419 33.55484 33.5871 33.64839 33.6871 33.7129 33.8 33.62258 33.46452 33.47419 33.47419 33.72903 34.23871 33.77742 33.49355 33.83871 33.6871 33.08065 32.67742 32.23871 31.95807 32.36774 32.66129 32.11935 31.67742 31.57419 31.88387 31.35806 30.19032 30.72581 31.79032 32.43548 32.64839 32.99355 34.04516 34.3129 34.34193 34.36774 34.45807 34.53871 34.44516 34.51613 34.58065 34.60645 34.35161 34.2 34.08065 33.95161 33.50968 33.2129 32.76129 32.70322 32.81613 32.97419 33.43548 33.20968 33.47742 31.99355 31.2
32.68387 32.77742 33.07742 33.22581 33.01291 33.35484 33.5 33.39032 33.24516 33.26129 33.40645 33.42903 33.31613 33.39032 33.11613 33.24839 33.5 33.55484 33.73549 33.68064 33.57097 33.49677 33.33226 33.92258 34.01613 34.05484 33.65807 33.48709 33.54193 33.57742 33.28064 32.81613 32.82903 32.95484 32.56774 32.94516 32.96129 32.82258 32.56452 31.92258 32.49032 31.42258 31.13226 31.96774 33.00323 33.42581 33.38065 33.96129 33.76774 33.91935 34.09355 34.32258 34.5 34.43548 34.36774 34.34516 34.21613 34.05806 33.7871 33.65807 33.73549 32.89032 32.26129 31.86774 32.05806 32.35806 32.49032 32.76774 33.76774 33.1871 33.08387 32.66129
33.05484 33.09032 33.19032 33.25161 32.47419 33.09355 33.3871 33.16452 33.04193 33.26129 33.49355 33.20322 33.24194 33.29678 32.81936 32.94839 33.35161 33.54839 33.80323 33.67097 33.55806 33.39677 33.19355 33.7871 33.93548 33.70322 33.5871 33.24839 33.06774 32.80323 32.67419 32.77742 32.74839 33.12903 32.83226 33.15484 33.3129 33.3 33.14194 32.90645 33.07742 31.80323 32.04516 32.87097 33.31613 33.08065 32.77097 33.39032 33.2 32.92903 33.48709 34.19355 34.44194 34.29032 34.22903 34.35806 34.18387 34.1 33.87097 33.67097 33.48064 33.21613 32.2129 31.24839 31.09355 32.00968 33.19355 33.61935 33.20322 32.14839 31.39032 31.51613
33.40322 33.39355 33.40968 33.33548 32.53548 32.37742 33.09678 33.15484 33.27742 33.49355 33.33226 32.97097 33.31936 33.55806 33.42258 33.39032 33.52581 33.64194 33.60968 33.6871 33.6 33.41935 33.40645 33.7129 33.86452 33.62903 33.2871 32.93226 32.90322 32.8742 32.40645 31.77419 31.77419 32.30645 32.95807 33.08065 33.14839 33.07742 33.05161 33.35484 33.40322 33.39032 33.5 33.52903 33.45161 33.38387 33.47097 33.5871 33.43226 33.51936 33.97742 34.24516 34.2129 34.07097 34.03548 34.34839 34.19032 34.00645 -9999 33.74516 33.32258 33.40645 32.42581 32.36452 32.15484 32.44194 33.20968 33.36129 31.96774 30.37419 30.4 30.18387
33.65161 33.08065 32.81613 32.99355 32.77419 32.28064 33.14839 33.59032 33.59355 33.54839 33.46129 33.23549 33.44839 33.6871 33.8129 33.76129 33.64839 33.68387 33.80323 33.7871 33.46774 33.27097 33.51613 33.63871 33.56774 33.23871 32.92903 33.20968 33.25806 32.95161 32.59032 32.38065 32.51613 33.12258 32.7871 33.13226 32.77419 33.04839 33.43548 32.77097 32.88065 33.00323 32.8129 32.93871 33.01291 32.71936 32.45484 33.11613 33.97419 34.09032 34.10323 33.9129 33.85484 34.05161 34.1 34.12258 34.07419 33.90322 33.97742 33.91935 33.65484 32.84516 32.06452 31.93226 32.47419 33.15807 33.5871 33.68387 33.60968 33.32581 33.05806 32.1129
33.39677 33.13226 33.20645 33.30968 32.78387 31.94516 32.7129 33.17097 33.49355 33.6258 33.54839 33.52258 33.75806 33.84193 33.88065 33.76129 33.64516 33.64839 33.73871 33.77419 33.45807 33.30968 33.46129 33.53226 33.50323 33.25484 32.64194 32.99355 33.08387 33.10323 32.98709 32.84193 32.85484 33.20322 33.23549 33.41935 33.33871 33.47742 33.54193 33.07419 33.52258 33.60323 33.13548 33.3871 33.62903 33.39355 33.06129 33.47742 33.90968 33.28064 33.9 34.27419 34.21613 34.1 34.16452 34.29032 33.75161 33.67742 33.63548 33.47742 33.4129 33.32258 32.75161 31.8129 31.26452 31.89677 32.79678 33.25806 33.47419 33.35806 32.6258 32.46129
33.36129 33.42903 33.66129 33.60323 32.6258 32.06129 32.97419 33.33548 33.60968 33.78064 33.76774 33.74194 33.86452 33.86774 33.86452 33.66774 33.64194 33.7129 33.69355 33.65807 33.44194 33.3 33.49355 33.45161 33.35806 33.22581 32.89355 33.01291 32.87097 33.06452 33.17742 33.20968 33.26451 33.23871 33.3871 33.45484 33.53548 33.6129 33.65807 33.67742 33.77742 33.76451 33.68387 33.7 33.66774 33.49032 33.3 33.39032 33.75161 33.33548 33.77097 -9999 34.02581 -9999 34.02903 34.04516 33.62903 33.04516 32.62903 32.16452 31.88387 32.29032 33.07097 32.69677 32.03871 31.5 31.38387 31.61613 32.10645 33 32.95807 -9999
33.64839 33.67419 33.44516 33.21613 32.99355 32.64516 33.31936 33.50645 33.7 33.88387 33.91935 33.8742 33.95484 33.98064 33.78387 33.72581 33.77097 33.73549 33.56129 33.50968 33.52258 33.45161 33.40645 33.33548 33.27097 33.21613 33.00968 32.79355 32.55806 32.39355 32.63871 33.00968 33.07419 32.81936 32.8871 33.04839 33.19355 33.30645 33.45807 33.80645 33.83871 33.90968 33.93226 33.92581 33.89355 33.84193 33.78064 33.73549 33.79678 33.27097 33.62903 33.86452 34.03548 34.17097 34.07097 33.66452 33.55806 33.56774 33.23549 32.04516 30.61613 30.58387 32.69355 33.47097 33.1871 32.61613 31.76129 31.37419 31.8871 32.56129 33.15807 -9999
33.47742 33.70322 33.54516 33.39032 33.07742 33.27419 33.50968 33.63871 33.82581 33.92581 33.93871 33.93226 33.92258 33.99355 33.82258 33.83226 33.74839 33.61613 33.55484 33.54839 33.57742 33.48387 33.25806 33.16452 33.18064 33.18387 33.05161 32.85161 32.71936 32.45807 32.59678 32.92581 32.93548 32.52903 32.48064 32.66129 32.93226 33.18387 33.33548 33.71613 33.79032 33.92581 33.90322 33.87097 33.8742 33.9129 33.91613 33.8 33.52581 33.49355 33.30645 33.40645 33.78387 33.91613 33.61935 33.53226 33.44516 33.33226 33.2129 32.8742 31.7 30.13548 31.78065 33.36452 33.13548 32.86129 32.06774 32.01291 33.09678 33.27419 32.87097 33.13871
33.33871 33.24194 33.27097 33.42581 33.27742 32.71936 32.97097 33.13871 33.65161 33.94194 33.95484 33.97419 33.96129 33.96452 33.90322 33.79032 33.65484 33.66129 33.76129 33.7129 33.63871 33.50323 33.30323 33.19677 32.99355 32.78387 32.96129 33.16774 33.00968 32.99677 32.87742 32.85484 32.94194 32.96129 32.76774 32.11613 32.56774 33.07097 33.3129 33.49032 33.81613 33.87742 33.75806 33.64839 33.62258 33.73226 33.80645 33.7129 33.63226 33.79355 33.6129 33.78064 33.99355 33.97742 33.72581 33.49032 33.40322 33.26451 33.19355 33.1129 32.9129 32.6871 32.81613 32.65807 33.24839 33.19677 32.83548 32.81613 33.07742 32.91935 32.96774 33.49677
33.31936 32.98387 32.95807 33 32.84193 32.59355 33.2871 33.4129 33.77742 33.97419 33.86774 33.77097 33.97742 33.92258 33.88387 33.73871 33.73549 33.76451 33.74516 33.68387 33.64516 33.46774 33.25161 33.18064 33.10323 32.98387 32.74194 32.89677 33.11935 33.03548 32.96774 33.10645 33.34516 33.34839 32.93871 32.53548 32.31936 32.42581 32.95807 33.51291 33.68064 33.74839 33.69677 33.54193 33.26451 33.42903 33.68064 33.59355 33.56129 33.6129 33.61935 33.77419 33.94194 33.84516 33.58065 33.46452 33.33548 33.19677 32.98709 32.6258 32.35484 32.45161 32.87742 32.72903 32.58387 -9999 33.32903 33.22581 -9999 33.61935 33.63871 33.46129
32.93871 32.6258 32.30645 32.39355 32.54193 33.6 33.46129 33.7 33.92903 33.97097 33.9129 33.89032 33.98387 33.93226 33.77742 33.77742 33.83548 33.84839 33.79032 33.72903 33.66129 33.57419 33.22903 33.01936 33.03226 33.11613 32.8 32.79355 33.05161 33.35484 33.25484 33.13548 33.32903 33.57742 33.40322 33.33226 33.16129 33.04839 33.28064 33.45484 33.31936 33.43871 33.55161 33.27419 33.07742 33.24839 33.33871 33.13548 33.28064 33.1871 33.09355 33.48387 33.80323 -9999 -9999 -9999 33.27419 33.13226 32.7871 32.45807 32.15807 31.92903 32.20645 32.48387 32.19032 32.63226 33.19032 33.43871 33.44839 33.4129 33.24516 33.58387
32.32581 32.59678 32.46452 32.44194 32.24516 33.38387 33.51936 33.64194 33.88387 33.95807 33.93226 33.92581 33.92258 33.88387 33.78387 33.77742 33.7129 33.76774 33.80645 33.69355 33.64194 33.48709 33.28064 32.98387 32.94194 33.05806 32.93871 33.22903 32.94839 33.36129 33.50968 33.49355 33.54516 33.64839 33.60645 33.21936 33.50645 33.55806 33.62903 33.33871 33.12258 33.69032 33.27097 32.67419 32.85484 32.93871 32.81936 32.84193 33.21936 33.35161 33.15161 33.34516 33.69677 33.75484 33.56452 33.43226 33.31936 32.85161 32.99677 32.91935 32.70322 32.67419 32.93871 33.04839 32.57419 33.06129 33.45807 33.45161 33.28387 33.16129 32.86452 32.50968
32.14839 33.06774 33.3 33.07419 32.08387 32.94839 33.16774 33.59355 33.83548 33.91613 33.9129 33.84839 33.77097 33.84839 33.77097 33.82581 33.86452 33.82581 33.74516 33.58065 33.50323 33.44516 33.28387 33.24516 33.23226 33.26451 33.39677 33.49355 33.31936 33.39677 33.47742 33.60645 33.69677 33.68387 33.72581 33.6 33.59678 33.55484 -9999 33.65484 33.50323 33.54839 33.27097 33.35484 33.43226 33.33548 33.09678 32.77742 32.60323 33.10968 33.08387 32.83871 33.3129 33.42581 33.20645 33.19032 33.29678 32.87097 32.93871 32.81936 32.63548 32.70322 33.02258 33.15807 33.29678 33.36129 33.51613 33.46129 33.36452 33.30323 32.92258 32.04193
32.96452 33.22581 33.4129 33.18064 32.74194 33.17097 33.01291 33.59678 33.80968 33.87742 33.89032 33.85484 33.8129 33.91935 33.88387 33.8742 33.90645 33.80645 33.69032 33.60968 33.49677 33.51291 33.19032 33.2871 33.43871 33.43548 33.39677 33.44194 33.43226 33.41613 33.34516 33.39355 33.57742 33.75806 33.75161 33.55806 33.56452 33.50645 33.46129 33.76774 33.71613 33.42581 33.00323 33.59678 33.2871 33.03871 33.09032 33.1129 32.98387 33.35484 33.1129 33.03226 33.2129 32.98064 32.81936 33.10968 33.20968 33.25161 33.05484 32.77742 32.55161 32.61935 32.99677 33.07742 33.45807 33.39032 33.33871 33.2129 33.21613 33.34839 33.33226 33.36129
33.00645 33.37097 33.42581 32.93871 33.10968 33.47742 33.14516 33.54516 33.74839 33.82903 33.8871 33.94194 33.93548 33.93871 33.84193 33.83548 33.79678 33.7871 33.80323 33.73549 33.60645 33.6 33.40322 33.40968 33.50323 33.52581 33.34839 33.15484 33.2 33.24194 33.1 33.03871 33.31936 33.6258 33.51936 33.14839 33.00968 33.09678 33.19677 33.48387 33.58387 33.65161 -9999 33.5871 33.57742 33.3129 32.95161 32.51936 32.25484 32.81936 33.19355 33.50645 33.25161 -9999 32.86452 33.21613 33.16774 32.85161 33.27419 33.17097 33.10968 33.25806 33.38387 33.39355 33.53871 33.36452 32.97097 32.6258 32.65807 32.98709 33.32258 33.72258
31.8871 32.56452 33.16774 33.25161 33.33226 33.57419 33.36129 33.33226 33.55161 33.7129 33.71613 33.72581 33.86452 33.89677 33.81936 33.80323 33.77742 33.80645 33.84193 33.80968 33.66774 33.63548 33.51291 33.42903 33.48064 33.47742 33.25484 33.03226 32.92258 32.80323 32.78064 33.02581 33.40645 33.60323 33.37742 33.08065 32.42581 33.11935 33.09355 33.21613 33.44516 33.4129 33.53226 33.50323 33.71936 33.7129 33.33871 33.10968 33.27097 33.30645 32.84839 33.06452 33.29032 33.52903 33.65807 33.66452 33.48709 32.67742 33.09355 33.42258 33.41935 33.36129 33.40968 33.46452 33.42258 33.20322 32.30968 32.07097 32.50645 32.8 32.65807 33.50323
32.96452 32.52581 33.16129 33.54193 33.59032 33.54839 33.5871 33.44839 33.49355 33.56774 33.51613 33.48709 33.66129 33.90322 33.8742 33.77097 33.79032 33.83871 33.83226 33.74839 33.58065 33.48064 33.48387 33.36774 33.46774 33.56129 33.47419 33.32581 33.27419 32.8742 33.01291 33.3742 33.48709 33.33871 33.14839 32.89032 32.52581 32.89677 32.81936 33.01936 33.29678 33.15484 33.24516 33.27419 33.52903 33.52903 33.6129 33.60323 33.30323 -9999 32.64516 -9999 33.22258 33.47419 33.21613 33.06452 33.40322 33.72258 33.6129 33.56774 33.43871 33.32903 33.34193 33.30323 32.72903 31.97742 31.80323 32.40968 32.64839 32.45807 32.6129 33.34193
32.53226 33.40645 33.54193 33.37742 33.69677 33.63226 33.65807 33.59678 33.6 33.60323 33.44839 33.34839 33.4129 33.57419 33.85484 33.76774 33.79355 33.82258 33.79355 33.66129 33.43548 33.39355 33.53548 33.23871 33.22581 33.47097 33.6 33.38387 33.40968 33.27419 33.52258 33.50645 33.2871 33.03548 32.86774 32.77419 33.11935 32.79678 32.70322 32.90645 32.82581 32.69677 32.90322 32.99677 33.19032 33.06452 33.31613 33.68064 33.82258 33.84193 33.84839 -9999 33.70322 33.33871 33.01936 32.61935 32.34516 33.69355 33.6871 33.69355 33.61935 33.52581 33.32258 32.98709 32.85806 31.30968 32.38065 32.74839 32.15484 32.07097 33.01936 33.47742
33.23549 33.28064 32.64194 32.86774 33.54516 33.67419 33.61613 33.60645 33.54839 33.53226 33.49677 33.44839 33.41613 33.40322 33.53548 33.78387 33.87097 33.84193 33.68387 33.57742 33.59678 33.5871 33.40322 33.22258 33.39032 33.53226 33.42581 33.22903 33.13226 33.35806 33.35806 33.2 33.12258 32.8742 32.59678 32.88387 33.1258 33.01613 32.93226 32.69355 32.68064 32.62903 32.90968 32.94839 33.25484 33.19355 33.26451 33.4 33.45161 33.42258 33.38387 33.79678 33.73871 33.08065 33.17742 33.45807 33.40968 32.77419 32.78387 33.10323 33.23549 32.99677 32.43548 32.04193 32.62903 32.36774 32.70645 31.54839 30.87097 31.54193 32.63871 32.76774
33.12903 32.55806 32.22903 32.75484 33.34193 33.38387 33.25161 33.35484 33.36129 33.40645 33.39032 33.4 33.47742 33.50323 33.42581 33.44194 33.74194 33.74839 33.66129 33.67742 33.76451 33.79355 33.40645 33.56129 33.51936 33.34193 33.13871 33.1129 33.44516 33.17097 32.89355 32.54193 32.76451 32.77419 32.57097 32.74516 32.60645 32.86774 33.13548 33.10645 32.89677 32.64839 32.87097 32.91613 33.22903 33.43548 33.47097 33.43226 33.4 33.43548 33.5 33.75484 33.54839 33.40968 33.33548 33.20322 33.27097 33.3871 33.61613 32.97742 33.19032 32.85161 32.10645 31.82581 31.78065 32.42903 32.04839 30.86452 31.5 32.03226 31.8871 32.2871
32.94516 31.81613 32.14516 32.92581 32.84839 33.02258 33.06129 33.23226 33.10968 33.23549 33.32581 33.37097 33.44194 33.50968 33.51936 33.50968 33.76129 33.52581 33.6 33.79355 33.73226 33.52903 33.20968 33.44194 33.30323 33.30968 33.47097 33.58387 33.60968 33.39355 33.41935 33.12903 32.77742 32.70322 32.77419 32.75484 32.69355 32.51613 32.78387 33.17419 32.94839 32.82258 33.15484 33.23549 33.30645 33.31936 33.20968 33.19032 33.3742 33.55484 33.48064 33.65484 33.39677 33.1129 32.90645 32.87742 32.96129 33.06129 33.5871 33.23549 33.31613 33.33548 33.15484 32.83871 32.42581 32.15484 31.53226 31.25484 31.59355 31.63548 31.5 32.01613
33.2129 33.13871 32.63871 32.83548 33.52903 33.52258 33.51613 33.52258 32.67097 33.12258 33.31613 33.30968 33.33871 33.42581 33.46129 33.49355 33.45807 33.52903 33.70322 33.62903 33.39032 33.13548 32.84839 33.01613 33.51613 33.78387 33.7871 33.70645 33.67097 33.75161 33.51613 33.43226 33.06129 32.69032 32.47742 32.46452 32.5871 32.64516 33.00968 33.11613 33.06452 32.83871 32.63548 32.92903 32.8871 33.03226 33.1258 33.24194 33.27742 33.2 33.21613 33.32903 33.35806 33.11613 32.52903 31.93548 31.36774 32.37097 33.2871 33.17419 32.41613 32.41935 32.52581 32.50323 32.74516 32.47742 32.09355 31.79677 31.79677 31.67097 31.16774 30.99032
33.49677 33.39032 33.16129 33.06129 33.29032 33.27097 33.3871 33.67097 33.24839 33.29355 33.30645 33.25806 33.20968 33.26129 33.40322 33.76451 33.81936 33.82258 33.72581 33.34839 33.1 33.14194 32.99355 33.40645 33.6258 33.65484 33.7 33.79678 33.77742 33.65807 33.59678 33.20322 32.70322 32.26129 32.32903 32.63226 32.25806 32.30645 32.79032 32.79678 32.96129 -9999 32.84193 32.8129 32.8129 32.98387 33.07419 33.09678 32.98709 32.77419 32.57742 32.69355 33.20322 32.93871 32.50968 31.93548 31.34516 32.78064 33.30968 32.76129 32.20968 32.00645 32.22581 32.61613 32.73226 32.10645 31.37419 30.89677 30.39355 30.43226 30.90968 31.52903
33.81613 33.74194 33.47097 33.41613 33.2871 33.18064 33.38387 33.57742 33.55161 33.63871 33.47419 33.43871 33.44516 33.46129 33.62903 33.72903 33.73871 33.82903 33.67742 33.28064 33.04516 33.19677 33.66452 33.83548 33.56774 33.50323 33.63548 33.67742 33.60645 33.54839 33.5871 33.43548 32.92258 32.61935 32.56774 32.6871 32.93226 32.77742 33.10323 32.98064 32.94194 32.84839 32.76451 32.67742 32.60323 32.74194 32.89355 32.93871 32.8871 32.69677 32.54516 32.97419 32.81613 32.5871 32.49677 32.19032 31.76774 32.64516 33.02258 32.17419 31.6871 31.90322 32.37742 32.56129 32.34516 32.25484 32.15484 31.49677 30.56774 30.34839 -9999 30.66774
33.83226 33.63548 33.68064 33.66129 33.6 33.48387 33.45484 33.56452 33.60645 33.76774 33.65161 33.64516 33.68387 33.66452 33.65161 33.68387 33.75161 33.85484 33.74194 33.51291 33.53548 33.82581 33.96452 33.99355 33.83871 33.76129 33.83871 33.81613 33.55161 33.47419 33.42258 33.22903 32.74194 32.80968 33.08387 33.1258 33.00968 33.08387 32.97097 33.12258 33.01613 32.85161 32.67097 32.55161 32.36452 32.1129 32.67419 32.87742 32.63226 32.61613 33.00645 32.97419 33.10323 32.62258 32.17742 32.44839 32.76129 32.87742 32.45161 31.90322 31.56452 32.29032 32.45807 32.1258 31.93871 32 32.05484 31.46452 30.42581 30.75806 30.89677 30.39677
33.83548 33.72258 33.72903 33.77097 33.74516 33.67097 33.56129 33.63548 33.62258 33.73549 33.81613 33.76774 33.73549 33.80323 33.89032 33.86774 33.86774 33.84839 33.87097 33.93871 33.93871 33.93548 34.05161 34.10968 34.09678 34.04839 33.96774 33.8871 33.78387 33.66774 33.50323 33.37742 32.90968 32.5 32.47742 32.71936 32.81613 32.6871 32.45484 32.97419 32.91935 32.81936 32.61935 32.35806 32.50968 32.10323 32.61613 33.07097 -9999 33.27419 33.32581 33.43548 33.43226 33.05161 33.01936 33.18387 33.24839 32.90645 32.06129 32.03548 32.01613 32.60645 32.41613 32.12258 32.4 32.58387 31.67097 30.7871 30.29355 31.21935 31.15161 30.36452
33.86452 33.81936 33.95807 33.92903 33.72581 33.63871 33.63548 33.76774 33.67097 33.74839 33.8742 33.87742 33.76774 33.71936 33.80645 33.96452 34.04193 33.95161 33.96129 34.03548 34.09032 34.1 34.16129 34.12903 34.1129 34.03226 33.85806 33.70322 33.65484 33.6129 33.58065 33.36452 32.93226 32.24194 31.99355 32.24194 32.44194 32.39032 32.30323 32.75806 32.83871 32.76451 32.66774 32.60645 32.28064 32.55484 32.79678 33.09678 33.27419 33.33871 33.40645 33.49032 33.35161 33.31936 33.25806 33.14516 33.06129 32.74516 32.80968 32.65161 32.80968 32.60323 32.63226 32.52903 32.39355 32.2871 31.26774 30.33548 30.57742 31.70323 31.63548 30.9871
33.97742 34.00968 33.92258 33.51613 33.71613 33.72581 33.70322 33.84193 33.79678 33.74516 33.9 33.78064 33.58065 33.54839 33.77419 33.95161 34.11935 34.09355 34.06452 33.97419 33.94516 34.01291 34.11935 33.98709 33.97419 33.97742 33.83226 33.65161 33.56774 33.57742 33.50968 33.26129 32.77742 32.36129 32.26774 32.44516 32.44194 31.97097 32.46129 33.00645 32.74839 32.52258 32.5 32.61935 32.87742 32.65807 32.36452 33.01291 33.34193 33.35806 33.38065 33.38387 33.27419 32.50968 33.00323 32.95807 32.6258 32.62258 32.64516 32.46774 33.00323 32.96452 32.79032 32.82581 32.66774 31.97742 31.03548 29.42581 30.78065 31.88387 32.30968 31.76129
33.92581 33.87742 33.75484 33.79678 33.70322 33.73226 33.81613 33.83871 33.83871 33.77742 33.89032 33.90645 33.83548 33.81936 33.9129 33.96129 34.04516 33.98064 33.96129 33.97097 33.92581 33.90322 34.02581 33.83871 33.80968 33.87097 33.7871 33.60323 33.51936 33.52903 33.46774 33.12903 32.60968 32.38387 32.47742 32.61935 32.53871 32.39677 32.65484 32.56129 32.55161 32.57419 32.55161 32.6129 32.91613 32.99677 32.74839 33.19677 33.3742 33.30323 32.99032 32.25484 31.7 33.05484 31.66452 32.23226 32.07097 31.29032 32.15807 32.85806 32.51291 32.86452 32.99677 32.5871 32.00645 31.60323 31.42581 30.69355 30.32258 31.36129 32.53226 32.49677
