features/re_bio17.asc
ncols         768
nrows         589
xllcorner     124.299398925
yllcorner     32.893460211367
cellsize      0.010567299164062
NODATA_value  -9999
[rows 170 to 203 of 589, columns 308 to 384 of 768]
109 110.8 109.6 110.4 110.7 110.5 111.2 111.3 112.8 113.1 115.5 115.3 114.3 114.6 116.3 116.2 116.8 120.4 124.9 120.4 122.3 121.8 122.6 120.5 118.2 118.1 117.7 118.1 118.2 119.7 121.3 121.8 120.8 121.1 122.8 124.2 122.2 123.3 123.4 123.3 124.2 124.8 125.1 127.4 131.2 136.1 139.9 139.8 136.2 132 126.8 125.1 122.5 121.9 121.4 117.8 116.9 118.3 116 112.4 110.5 111.5 115.3 117.5 117.9 111.8 112.8 113 110.2 110.7 116.5 117.9 111.8 114.2 111.4 104.5 105.1
109.6 110.5 112.2 113.6 114.9 114.4 112.5 -9999 -9999 114.4 114.5 114.8 114.1 114.4 117.1 120 120.3 125.3 128.1 123.1 121.6 122 124.9 121.1 118.6 118.8 119.6 119.5 120.9 124.2 124.8 122.5 121 120.7 121.6 121.4 122.1 123.4 123.7 124.7 125.5 125.3 127 130.5 132.7 135 135.8 139 140.7 136.9 135.4 129.7 126.2 124.4 123.1 117.3 115.3 115.2 116.8 112.4 110.6 112.5 116.5 116.3 117.5 112.5 113.3 113.2 110.7 112.5 115.1 112.1 115.5 112.8 109.6 106.2 104.8
111.9 111.8 114.3 115.4 116.2 114.6 113 112.5 113.2 114.9 -9999 115.2 114.4 115.3 116.4 118.2 121.5 123.3 127.3 125.1 123.3 121.9 124.5 120.8 120.5 119.8 121.1 122.9 125.3 128.5 130.4 125.5 122.7 122.4 122.4 121.8 121.9 123.3 125.7 127.1 124.7 122.8 124.2 127.8 131.8 131.2 126 131 138.9 135 131.6 131.1 128.2 127.1 123.4 120.1 118.5 115.2 116.2 116.2 115.4 112.7 108.7 107.4 108 107.6 111.2 108.8 106.9 109 111.2 110.7 113.3 107.6 106.8 106.8 105.1
112.7 112.4 114.7 115.9 116.8 115.3 114.1 114.3 114.4 115.7 114.8 114.9 114.9 115.6 116.3 117.5 121.8 125.1 126.5 124.2 123.2 122.3 121.5 121.4 121.6 121.6 122.2 124.6 126.8 129.3 129.9 126.9 123.8 123.3 123.6 123.1 121.5 118.4 120.7 122.5 119.1 116.2 116.1 117.3 122.1 121.9 124.6 134.8 140.4 134.7 128.3 125.6 123.9 124.6 122.6 122.4 124.1 120.9 120.4 118.7 114.8 111.9 111.3 111.2 112 108.4 107.4 107.5 106.6 106 107.4 110.6 109.5 106.2 104.8 105.7 109.2
113.1 113.3 115.6 119.1 122.3 118.5 114.4 114.3 115.5 116.7 116.2 116.1 115.4 115.8 116.1 117 122.1 124.1 126.7 124.3 123.4 123.7 120.8 121.4 121.4 122.4 122.2 124.3 127.1 128.1 129.6 126.1 118.4 117.4 117.1 117 116.1 112.5 114.1 115.6 115.7 116.1 116.8 116.2 120.8 122.2 123.9 133 140.3 136.7 129.7 125.6 124.8 127.9 131.3 132.1 131.2 125 121.3 122.3 118.3 113.9 110.5 111.2 113.4 109.8 107 107.7 107.8 106.5 106.9 109.6 113 110.2 106.3 106 110.9
112.5 112.9 115.5 117.9 117.4 116.3 116.3 116.3 117 117.1 118.5 116.6 115.6 116.4 117.4 118 120.5 123.5 123.5 122.8 122.5 120.9 122.1 121.6 122.5 124.2 122.5 123.9 126.7 127 129.7 126.7 116.6 115.1 114.4 113.7 115.5 113.6 114.7 116.6 116.8 116.9 117.4 117.7 119.6 121.2 126 131.7 139.2 137.6 129.8 125.7 126.3 130.7 134.5 132.7 128.2 124.8 125.7 119.9 115.7 112.4 109.5 115 112.5 110.1 108.3 107.4 106.2 105.6 106.9 113.4 114 113.8 111.2 107.4 109.7
113 113 116.4 117.2 116.8 116.6 117.8 118.8 118.3 116.6 116.2 115.1 115.2 115.3 115.4 116.9 120.8 125.5 126.4 122.1 121.4 121.4 122.1 124.2 126.7 128.9 126.1 124.8 126.7 128.3 127.4 117.9 115.6 116.3 115.4 116.1 119 115.3 116.8 116.8 118 118.9 120.2 120.8 120.4 121.5 130.7 131 131.4 130.9 127.9 123.9 122.4 128.5 130.7 129 126.7 121.7 120.4 117.1 113.3 109.3 111.1 113.8 115.5 114.7 112.3 112.3 108.7 106.3 105.2 108.9 119.3 117.5 114.7 110.1 108.6
111.6 113.2 116.9 118 116.9 117.5 118.3 118.7 117.7 116.8 116 115.4 115.5 114.9 115.9 117.1 119.7 124 -9999 123 122.4 123.8 123.7 125.9 129.9 129.5 128.6 127.5 127 127.5 124.8 117.7 119.5 118.4 116.6 116.2 117.9 117.6 118.3 120.3 118.7 118.9 120.5 122.6 123.9 125.6 134.8 133.6 131.9 131.1 129.6 128 123.3 122.7 128.9 127.9 122.2 119 118.4 115.8 115.9 114.5 115.7 117.2 116.4 112.3 111.5 111.6 112.9 114.8 113 109 117.4 112.6 111.3 109.8 108.6
111.7 112.3 115.9 117.2 117.6 120.3 120.8 118.4 117 117.1 116.7 115.7 116.5 116.5 116 -9999 118.5 122.7 -9999 124.3 124 125.2 128.3 128.4 128.1 128.7 129.2 127.5 125.9 127.6 124.3 117.7 123.4 120 118.9 118.1 118.1 122 119.5 120 119 118.6 118.7 120.9 124 129.4 137.8 134.8 132.8 130.8 130.2 130.3 124.6 122.5 131.5 131.2 124.2 120.9 118.6 119.3 121.8 117.3 116.4 117.7 119.5 117.7 113.6 114.9 113.5 114.6 114.1 110.1 112.8 111.7 112.6 112.8 111.2
112.8 112.8 114.9 116.9 117.1 119.7 120.7 118.7 116 115.7 116.4 115.4 116.3 117.5 116.8 115.3 116.8 121.7 121.9 123.9 124.1 125.6 127.2 125.1 125.5 127.2 128.4 128.5 127 123.6 118.3 117.7 120.9 120.6 120.7 121.4 122.4 121.4 118.2 120.3 120.7 119.7 119.6 121.3 125.8 128.7 138.1 137.9 136.3 132.7 128.3 127.6 127.4 125.7 134 132.1 130.2 126 121.6 121.3 120.5 119.7 118.6 117.9 119.7 118.6 115.1 116.1 114 113.4 113.3 111.5 111 110.7 111.4 113 112.8
113.6 112.5 114.3 114.3 116.2 116.3 117.7 118.1 117.3 117.9 117.3 114.5 114.9 117.3 116.8 116 117.1 120.9 -9999 123.8 124.6 124.1 124.8 124.6 126.3 126.7 129.6 130.8 128.9 126 123.6 117.9 120.1 119.7 121.9 123.1 123.5 118.6 119.3 120.1 121.4 120.3 120.3 122.8 127.3 135.6 137.1 134 133 132.4 132.1 128.5 125.3 127.6 135.2 132 129.8 128.7 126.5 127.1 123.3 121.7 121.6 119.3 117.1 118.8 118.1 119.3 116 114.9 114.9 113.4 113.4 114.5 112.9 113.1 114.9
112.6 112.9 119 114.2 117 117.5 114.6 113.3 113.8 114.2 114.3 113.8 115.4 115 115.6 116.2 116.4 119.3 -9999 122.1 124.9 127.2 128.6 129 130.7 131.9 131.2 132.2 133.5 133.1 127.1 119.3 118.3 118.7 120.5 122.8 126.7 124.4 123.1 122.7 120.9 121.4 121.8 121.8 124.9 136.7 138.1 137.3 133.1 132.4 132.1 130.2 126.7 125.5 124.1 127 124.2 124.6 128 128.7 129.5 129.3 128.9 129.4 124.8 121.9 119.9 122.4 125.5 125.3 123.7 119.3 115.1 117.4 117.8 116.6 121.1
112.6 113.5 116.2 117.6 114.8 113.6 113.4 114.1 115.3 115.9 118.1 113.9 114.1 114.8 115.3 115.9 116.8 120.9 120.9 122.2 124.2 126.7 127.1 127.1 129.1 132 132.6 132.9 134.3 134.5 131.4 125.2 116.1 118.2 120.7 123.1 125.5 125.7 126 125.3 123.5 122.7 122.3 127.8 139.2 141.6 143.4 146.1 141.8 139.9 139.2 134.3 128.7 129.8 124.5 123.4 120.4 121.9 125.2 129.2 130.2 128.5 126.2 126.4 125.1 124.4 122 122.9 122.2 121.1 119.8 120.2 120.2 120.2 120.8 121.7 125.4
114.9 114.7 116.9 115.1 115.6 117.9 115 113.5 114.2 114.4 115.3 113.2 113.7 114.7 116.7 118.3 119.5 121.6 120.5 120.8 123.6 124.7 124.6 126.2 128.9 129.5 129.7 129 130.1 131.2 129.9 124.5 115.3 117.1 120.4 122.1 123.5 125.4 123.6 128.7 127.8 130.1 133.4 135.2 137 135.4 141.3 145 140.5 135.6 133.1 132.5 129.5 126.6 122.8 127.2 126.5 127.3 129.8 131.9 134.1 127.6 125.3 124.5 124.2 123.1 123.8 123.5 121.9 123 124.3 126.4 124.2 122.3 124.1 126.3 127.7
115.8 115.5 115.9 115.9 113.1 114.2 114.4 113 112.7 114 115 113.4 113.5 117.5 118.7 120.1 121.8 121.2 120.5 120.4 123.2 123.6 123.9 126.5 126.4 126.1 128.3 126.5 125.5 127.6 127.2 122.8 120.1 120.3 123.6 125.5 127.2 127.1 127.2 132.2 132.1 131 131.9 133.1 134.5 134.3 139.2 144.3 143.9 140.8 138.3 135.6 131.1 128.7 124.1 126.2 125.2 129.6 131.8 129.6 129.2 127.6 126.2 127.2 127 125.6 126.9 126.6 126.3 129.9 130.8 131.9 128.5 125.5 126.2 128.4 131
116.9 117.5 117.3 113.6 112.5 114.1 115.6 115.9 114.8 113.9 114.5 114.5 119.6 122.4 121.4 120.1 120.3 119.1 119.2 119.5 120.7 122.6 123.8 124.4 126.5 124.5 126.5 124.5 123.8 123.7 122.6 120.2 122.2 122.2 129.1 131.5 132.2 134.2 135.6 134.5 131.4 129.8 129.6 129.9 131.1 133.1 140 144.7 144.2 140 138 136.5 133 128.9 124.9 127.6 126.6 127.1 126.5 127.2 128.1 129.5 129.5 129 128.4 128.1 129.4 130.2 132 134.7 134.2 132.1 130.1 128 128.4 130.4 135.1
118.1 119.4 115.7 113.9 113.4 114.1 113.7 113.7 114.1 114.6 115.4 117 120.5 122.7 125.6 123.8 120.5 118.7 121 120.5 122.2 119.9 119.4 122.7 125.6 124.3 122.8 122.8 121.5 121.9 122 122.4 125.7 127.9 129.5 129.7 130 133.1 133.9 134.1 134.3 132.7 131.8 130.7 130.6 132.1 137.3 139.6 141.7 141.2 140.4 137.8 134.4 132.5 125.2 122.9 125 125.8 127.1 129.2 129.3 129.4 130 131 130.5 130.4 131.9 131.6 133.8 138.9 138.6 141.7 137.3 134.5 134.7 133.7 137.1
117.9 119.5 114.9 113.1 113.1 113.1 113 113.2 113.9 115.2 116.5 116.9 119.4 121.2 124.5 122.9 120.3 120.3 120.3 123.8 124.6 121.9 119.4 -9999 123.2 125.6 125 123.5 123.7 123.3 122.4 124.9 125.5 129.3 127.3 125.5 125.4 128.2 127.7 131.2 136.2 135.3 133.6 132.5 132.6 133.6 135.7 136.4 139.3 139.5 138.4 137.8 136.8 133.4 127.2 124.5 126.3 127.7 129.6 130.9 133 134 132.2 131.3 131.5 131.9 134.8 134 134.6 137.6 149.6 150.4 146.9 137.8 136.4 136.9 138.9
117.6 118.7 114.4 113.2 113.3 113.6 113.7 113.3 113.4 114.9 116.1 117.2 120.7 121.5 121.9 121.7 122.4 123 122.8 126.4 123.5 121.3 120.7 120.4 120.3 123.4 124.5 124.1 123.6 123.5 123.4 123.1 122.6 125.9 127.1 123.4 123.7 124.7 127.9 133.1 134 137.3 134.6 132.6 133.9 134.1 136.2 137.5 141.5 139.8 136.8 135 136.2 134.3 130.1 128.2 125.3 130.3 130.5 131.2 131.1 132.7 131.9 131.8 131.9 132.5 135.4 135.2 133.5 136.7 138.9 153.7 150.1 141.1 139.2 137.9 140.3
115.7 115.3 115.3 113.8 114.2 114.4 114.1 113.6 113.4 114.5 115.2 115.9 115.9 117.2 116.9 119.5 122.2 124.4 123.1 126.3 126 124.7 123 121 119.6 121.1 119.8 122 122.3 123.8 125.8 124.2 121.7 130.2 128.2 124.9 122.2 125.6 129.1 129.9 130.3 133.8 132.8 133.6 134.2 133.9 135.1 137.4 140.8 137 134.9 134 135.4 135.3 132.3 132.9 132.1 129 131.9 132.1 132.1 132.9 132.5 133.2 133.6 133.4 131.7 132.9 132.5 140.3 138.3 143.9 148.7 146.8 146.3 137.8 136.5
115.7 114.4 115.2 116 116.4 117.9 115.8 115.4 114.7 115.2 116.2 117.1 117.3 118.5 117.9 119.1 121.2 122.2 122 120.5 122.6 123.7 124.5 124.4 121.6 118.7 119.6 123.3 121.6 122.4 124.3 122.4 121.2 127.1 126.5 129.1 125 128.5 131.4 126.7 126.9 135.8 135.6 134 135.6 135.4 131.2 135.1 135 137.4 135.2 132.3 132 132.8 132.4 134.7 136 134.2 134.4 136 135.9 133.8 129.5 134.8 134.5 133.4 132.1 132.3 137.1 147.4 144.1 141.6 151.8 146.9 140.6 149 144.1
115.3 115.6 115.5 116.1 117.6 123.5 120 117.6 117.3 117.8 119.2 121.8 121.5 120.8 121 122.6 123.5 123.4 123.3 122.6 121.5 120.8 121.5 121.8 121.5 120.7 -9999 120.6 121.8 120.8 121.5 121.5 119.7 122.5 122.7 125 123.6 123.7 125.3 125.9 125.7 127.9 132.6 138 137.8 133.7 131.1 135 132.5 135.2 133.1 130.9 132 132.9 133.4 134.6 136.8 137 138.7 140.4 138.8 134.6 134.5 137.1 136.3 134.1 133.6 133.3 138.4 136.1 149.9 155.9 150.8 145.4 139.5 145 139.7
116.1 117.6 118.5 118.1 117.6 121.7 121.5 118.5 122.2 122.8 122.2 127.8 127.9 130.1 130 126.1 124.6 125.9 128.6 124.6 126.4 124 122.6 121.2 120.7 120.7 121 119.9 120.2 122.2 121.6 119.8 120.3 121.6 120 120.8 120.3 121.4 122.5 123.5 123.9 125.3 129.1 138 141.6 137.8 135.1 133.9 133.6 131.8 132.6 131.3 132 134.3 133 136.3 136.1 137.2 137.6 138.1 138.3 135.2 136.4 136.1 134.1 133.2 134.3 134.9 135.4 133.1 140.8 157 152.8 141.3 139.5 150.4 144.1
119.9 119.4 120.9 120.9 118.5 116.5 117.7 120.2 121.2 121.8 122.8 126.4 132.9 138.9 140.5 131.3 128.2 130.6 135.2 127.9 132.8 132.4 128.9 122.5 120.3 122.5 121.2 120.2 119.5 120.4 119.6 119.7 120.7 121.4 119.3 119.9 119.6 121.5 121.2 120.1 122.7 125.5 128.1 131.9 134.8 135.8 139.2 140 139.6 131.5 135.4 135.3 132.2 133.2 133.1 137.8 137 137 134.2 132.9 133.6 132.3 133.9 132.6 134.9 138.7 142.4 141 134.3 134.5 137.5 143.7 150.4 144.1 138.7 142.5 141.9
119 121.1 123.1 125.7 123.9 117.3 118.7 121.7 120.2 121.1 125.1 128.3 131.6 133.2 131.5 126.5 127.7 129.7 130 129 131.1 135.8 133.5 128.7 126.3 125.1 124.4 121 119.5 118.2 118.8 118.8 118 119.2 120.2 120.2 119.6 119.8 120 120.2 120.2 123.5 125.1 128 130.2 130.6 130.5 129.8 132.9 130 136.9 138.9 136.5 135.3 137.2 137.8 135.9 132.7 130.7 131.1 130.8 131.2 132 132.2 136.8 140.2 143.2 142.3 136.7 136.3 134.5 136.4 145.9 147.8 142.2 139.1 143.3
119.1 119.6 126.3 119.6 118.3 117.5 118.9 121.1 122 120.8 122.9 126.4 126.2 125.2 129.4 124.5 123.6 123.1 123.7 126.9 123.7 128 130 126.7 123.1 121.4 122.2 121 121.8 119.9 119.2 119.2 118.8 119 119.6 120.2 121.7 120.2 121.7 122 120.8 125.4 128 129.3 130.4 129.9 130.9 132.7 128.5 130.6 129.3 131.2 134.2 137.9 136.6 139.1 139.8 136.3 132.6 132.7 133.9 130.9 134.4 138.7 142.1 142.2 144 143.1 138.4 139.1 136.5 136.4 139.6 144.5 144.6 137 140
119.4 121.2 126.4 122.1 119.3 118.8 118.9 122.6 124.8 128.2 128.6 127.9 129.8 125 127.3 121.6 120.5 120.5 120.6 120.2 119.4 125.8 125.1 122.4 121.5 123.6 125.4 122.6 124.5 123.7 121.8 119.7 119.1 118.9 120 119.5 120.4 120.1 120.5 121.5 122.1 124.5 129.7 133.1 135 132 128.4 128.4 128.2 131.8 134.3 134.9 134.9 135.5 137.2 134 137.3 136.6 133.7 131.5 131.6 134.3 135.9 137.5 142.2 141.4 144.5 144 140.2 140.7 144 138.8 137.1 139.6 143.3 143.5 137.4
120.2 121.1 124.4 122 119.2 118.7 121.1 125.4 127 127.2 130.2 136.5 139.3 132.6 124.1 121.3 120.9 122.9 122.9 118.2 118.4 117.6 117.8 118.3 119.8 121.8 121.7 121.8 123.2 121.9 119.8 119.1 119.7 119.3 118.4 118.2 118.5 118.8 -9999 120.7 123 124 129.2 129.8 131.7 130.6 128.1 127.8 133.8 139.4 139.1 141.2 136.1 131.1 133.1 138.2 138.5 136.3 132.4 131.7 134.8 141.1 148.6 154.5 152.5 145.6 141 139.8 141.5 138.6 136.2 138.8 135.3 137.7 142.3 142.1 139.7
120.9 123.5 122.1 120.2 119.5 121.7 125.5 122.6 121.8 125.2 128.3 130 130.2 123.3 127.9 120.3 123.3 121.8 119.3 125.3 123.8 122.3 123.4 122.6 122.4 124.7 125.8 123.8 120.3 118.4 118.2 118.8 118.9 118.6 119.1 118.4 118.6 119.5 119 119.5 121.2 127 131.5 130.5 128.8 127.2 126 125.1 125.2 127.4 129.1 132.1 132.7 130.1 128.3 130.5 128.4 -9999 -9999 130.6 136.1 145.9 151 160.4 165.2 162.1 158.7 155.7 151.4 145.9 137.5 136.8 137.2 136.5 136.1 135.1 134.3
121 122 122.6 121.2 120.4 120.7 126.8 124.8 124 123.9 123.9 125.2 125.6 122 121.8 116.3 118.5 119 119 121.7 118.1 117.7 120.7 120.4 120 121.8 123.9 122.9 119.3 122.1 119.2 117.7 118.4 118.1 118.5 118.8 120.4 120.8 120.8 121.1 122.6 123.9 128.9 133.3 133.8 131 127.3 125.5 125 126.4 130.4 130.9 130.8 128.4 126.5 127.3 130.2 127.3 127.4 127.9 132.4 140.7 145.1 148.4 150.1 149.2 151.4 153.1 148.5 141.6 139.5 136.3 134.6 135.1 132.4 129.7 132.3
121 122.6 121 120.7 120.2 120.4 124.8 124.3 127 124.3 123.1 122.6 121.6 119.9 118.8 116.2 116.4 116.6 116.7 117.8 117.3 117.7 117.8 117.6 118.8 121.3 123.3 123.1 119.7 122.8 119.3 -9999 117.6 -9999 118.8 118.8 120.2 125.3 128.8 130.5 130.6 129.1 125.8 129.7 131.4 134.5 134 132 130.7 127.4 128.4 -9999 128.8 127.5 124.6 126.4 130.2 128.8 128.4 128.6 129.8 132.6 139.3 146.8 153.4 157 160.2 164.2 161.3 150.6 145.8 140.6 141.7 139.2 135.4 128.2 126.8
121 122.1 120.5 119.7 120.1 120.2 122.8 126.7 130.2 134.1 133.1 127 122 126.2 126.3 123.3 122 120.4 118.7 117.4 117.5 117.8 116.6 117.2 117.4 118 120.7 120.3 118.1 122.6 120.5 118.7 117.4 117.1 118 120.4 121 121.6 124.8 133.6 141.9 135.8 126.5 123.4 125.7 130.2 134.7 136.2 134.4 130.4 127.1 -9999 128 126 125.5 126.6 126.8 127.3 130.2 130.3 -9999 130.6 134.6 143.7 147.2 155 161.5 168.4 163.8 152.6 146.1 141.2 139.1 139.4 137.1 132.3 130.1
121.1 121.5 119.3 120.4 120.5 120.3 122.2 125.9 127.7 133.5 136.3 131.5 128.6 133.7 135.5 134.5 130.3 125 121.7 117.7 117.9 117.3 117 117.5 117.3 117.4 117.7 118.2 119.3 119.8 123 122 118.8 117.4 118.1 119.7 120.7 121.9 123.8 126.5 132.7 139 131.3 122.7 126.1 130.8 137.3 136.8 129.4 127.2 129.7 129.1 127.4 129.8 128 125.7 126.3 126.1 129.9 128.4 127.1 -9999 131.5 138.3 143.4 150.9 161.4 169.2 164.9 155.2 146.8 139.6 138.8 141.2 138.7 133.7 130.4
121.1 121.3 118.8 119.7 121.6 125.2 124.4 120.9 124.5 126.4 131.4 136.5 135.4 129.6 132.1 143.1 137.7 127.4 122.9 120.9 117.9 116.1 117.4 117.9 118.7 117.3 116.3 116.7 119.4 116.6 118.8 118 116.8 117.2 118.6 119.7 120.6 122.2 122.4 123.3 126.1 129 126.8 128.5 124.7 127.9 132.3 131.5 129.6 130 129.7 126.8 131.8 135.5 132.8 127.8 127.5 127.3 130 128.9 129.3 130.7 -9999 132.6 136.8 139.5 141.9 149.6 158.1 153.6 143.6 139.4 141.1 137 130.9 125.5 124.4
