features/re_bio1.asc
ncols         768
nrows         589
xllcorner     124.299398925
yllcorner     32.893460211367
cellsize      0.010567299164062
NODATA_value  -9999
[rows 256 to 287 of 589, columns 288 to 359 of 768]
14.76893 15.01326 15.01515 14.67911 15.20968 15.18586 15.08737 15.24532 15.20484 14.79539 14.2652 14.04798 14.3187 14.62771 13.82214 14.56308 14.78959 14.74415 14.72755 14.69772 14.54456 14.43579 13.86251 13.94273 13.43582 13.07468 13.20673 13.16363 12.751 14.50218 13.72497 14.28309 13.92582 13.04329 12.21326 11.56055 11.71187 13.46679 13.93906 14.1045 14.00016 13.63514 13.22539 13.49639 12.9314 13.37772 13.89526 13.60293 13.17981 13.07241 13.20794 13.66293 13.70718 12.82396 12.63802 13.04225 13.3938 13.11387 12.47945 13.12687 13.33172 13.27918 13.20269 13.32722 13.78302 14.31309 14.11689 13.61235 13.86154 14.32102 14.37011 14.29423
14.9397 15.13742 15.19892 15.09734 14.75836 15.01884 15.13739 15.27608 15.10818 14.75301 14.28667 13.92442 14.04777 14.62749 14.25299 14.673 14.7482 14.60844 14.61263 14.61359 14.50523 14.70465 14.04907 13.76261 13.31592 13.40138 13.43246 12.78132 12.59633 14.56114 14.08932 14.40705 14.38481 13.73771 12.96625 12.59662 12.77461 13.77877 14.00901 13.56801 13.08538 12.99778 13.26439 13.5367 13.54679 14.20946 13.96173 13.37704 13.05822 13.01883 13.06339 13.38842 13.8834 13.28245 12.60798 12.74356 13.13057 13.09636 13.3168 13.39723 13.52396 13.43554 13.3367 13.79432 14.34046 14.3936 14.24046 13.8269 14.44373 13.75473 14.14834 14.50023
14.90964 15.06556 15.22856 15.04907 14.70844 15.10496 15.20265 15.27687 15.02027 14.25511 13.98818 13.90466 13.71077 14.22668 14.38257 14.47378 14.7243 14.83228 14.7528 14.66023 14.71415 14.84904 13.34771 12.81083 13.09466 13.25726 13.17645 12.86072 12.40146 13.92656 14.65884 14.59339 13.72333 13.02958 12.87367 13.15714 13.64285 13.91466 14.07183 13.02367 12.58893 12.94985 13.44041 13.30631 13.28126 14.03032 14.02321 13.96033 13.80084 13.63825 13.72752 13.95674 13.61363 12.8216 12.30858 12.56798 12.99577 13.13826 13.53061 13.55496 13.59019 13.85832 13.94712 13.89535 13.98384 14.23822 14.23234 13.62681 13.57461 13.81354 13.21651 13.19892
15.01172 15.09543 15.25609 15.33636 15.31035 15.19307 15.24555 15.25486 15.07431 14.15791 13.55658 13.67328 14.0262 14.15826 14.93617 14.81223 14.74522 14.80796 14.27857 14.15981 14.73516 14.61227 14.56396 14.5114 14.76875 14.05589 13.1769 13.45506 14.60047 14.69856 14.2971 14.16937 13.85989 13.67352 13.48239 12.98618 12.45437 13.077 13.8985 12.59593 12.50816 13.17714 13.61121 13.59396 13.45407 13.64558 13.66105 13.96374 14.06809 13.65854 13.14666 13.11209 12.77697 12.68915 12.79519 13.02639 13.13756 13.4482 13.4441 13.42958 13.3745 13.25671 13.48277 13.56313 13.50487 13.69048 14.09185 13.81901 13.00324 13.11974 13.50054 13.81278
15.19729 15.18004 15.25168 15.40166 15.4145 15.41446 15.36453 15.27459 15.18431 14.86168 14.38343 13.91233 13.94041 14.68153 14.83318 14.86911 14.71055 14.48987 14.07908 14.02629 14.22753 14.11651 14.74203 14.91005 14.94502 14.89514 14.64668 14.38732 14.6019 14.9807 14.62403 14.4548 14.23434 14.29845 14.2234 13.47183 12.58289 13.61867 13.83742 12.60234 12.93899 13.25151 13.32423 13.33541 13.21408 13.94415 13.77699 13.58279 13.73464 13.46109 12.73724 12.33224 12.2958 12.57158 12.89328 12.90284 12.90444 13.31149 13.55288 13.50288 13.31865 13.09281 13.21363 13.7365 13.8684 13.82683 14.19355 13.6196 12.55129 13.61837 13.93229 14.30158
15.21765 15.29893 15.35185 15.42362 15.34358 15.35833 15.25996 15.23739 15.17254 15.04825 14.85819 14.40655 14.05614 14.37639 14.79077 14.72753 14.46225 13.97917 13.89324 13.42595 12.60158 12.74374 14.61365 14.78189 14.86864 14.72972 13.7142 13.24045 14.35395 13.15637 13.5194 13.80605 14.38067 14.56591 14.41908 14.01727 13.59373 13.92006 13.79361 13.10966 13.4077 13.27403 13.01966 13.61504 13.5601 14.18495 14.24439 13.9214 13.79294 13.55053 13.18583 12.89007 12.31488 11.46057 12.25487 12.53323 13.00572 13.37564 13.57781 13.60486 13.44278 13.1358 13.03965 13.44808 13.91713 13.82761 13.42367 13.75824 12.66786 13.63026 14.32954 14.58003
15.07419 15.278 15.35758 15.35065 15.26849 15.27872 15.32033 15.3849 15.26336 15.11986 15.03025 14.78211 14.43031 14.34608 14.7448 14.82441 14.39795 14.16119 14.15542 13.52665 12.97268 13.67591 14.23537 14.19176 14.44228 14.02455 14.01114 14.42839 14.59823 15.02584 14.66496 13.81587 14.50275 14.65834 14.17204 13.22189 12.45197 13.35182 13.75953 13.33091 13.5327 13.81074 13.95031 14.1753 14.18022 14.02111 14.21197 14.03506 13.73116 13.25581 12.99708 13.05534 12.76444 12.42136 12.51564 12.79572 13.16733 13.51797 13.55111 13.55108 13.46217 12.98223 13.13832 13.40712 13.44312 13.01701 12.52191 12.84147 13.1483 13.20328 14.15255 14.63498
15.17519 15.20552 15.24283 15.17202 15.25978 15.37233 15.51568 15.46362 15.4099 15.20689 15.11631 14.84872 14.37968 14.13086 14.45783 14.62457 14.19644 14.19616 14.37503 13.89314 13.51113 14.12126 14.1204 13.92259 13.78076 14.44349 14.5767 14.11407 14.06387 14.76494 14.47332 14.80251 14.64182 14.48117 13.76021 13.48677 13.9311 13.46386 14.40813 13.88816 13.8275 14.09967 14.44047 14.44865 14.44023 14.41064 14.4158 14.21737 13.74151 13.27783 12.73265 12.51874 13.14942 13.0078 13.33378 13.32282 13.22906 13.387 13.50505 13.57603 13.47694 13.11132 13.43237 13.39493 12.9727 12.42849 12.25108 12.7002 13.05947 13.35878 14.38223 14.6652
15.16905 15.18882 15.30656 15.23703 15.34031 15.5232 15.69553 15.55126 15.46427 15.29763 15.21811 15.01989 14.55117 14.09181 14.13827 14.00061 13.61753 14.24205 14.37186 14.27118 14.36871 14.64385 14.29847 13.76951 13.40679 14.11986 14.52408 14.51359 14.49026 14.17528 14.24123 14.40825 14.19302 14.32739 14.03792 13.74898 13.89748 14.09009 14.31841 13.96892 14.29978 14.47931 14.42025 14.34897 14.32009 14.39351 14.31635 14.278 13.95458 13.30194 12.83341 12.92749 13.44782 13.53488 13.32458 12.56419 11.90793 13.02072 13.43295 13.41516 13.66616 13.33549 13.41005 13.06901 12.6687 12.36325 12.45294 12.9552 12.8187 14.11191 14.52583 14.11775
14.99977 15.16025 15.15324 15.05685 15.37117 15.53992 15.79498 15.62512 15.48786 15.40568 15.34636 15.17377 14.89055 14.50925 13.98311 13.2851 13.62708 13.66515 13.6752 14.08673 14.5913 14.71281 14.0709 14.06628 13.82189 14.14758 14.64946 14.55192 13.70051 12.7489 12.23062 13.36212 14.22638 14.57567 13.77119 13.30083 13.88624 14.40075 14.24652 14.435 14.38645 14.41378 14.40656 14.28823 14.15778 14.12197 14.13339 13.91337 13.33376 13.44222 13.59941 13.42598 13.38478 13.69004 12.84898 11.1023 11.41759 12.65104 13.47199 13.6181 13.72433 13.56696 13.39633 13.01024 12.73376 12.68968 12.81395 12.87741 12.62972 13.86574 14.47314 13.87075
15.03729 14.97869 15.30812 15.35545 15.65244 15.84102 15.83965 15.60644 15.07894 15.25834 15.30672 15.2299 14.95431 14.2373 13.12698 12.72249 12.86965 13.64329 13.98874 14.24883 14.49194 14.58476 14.29165 14.46969 14.33505 14.36838 14.57679 14.50888 13.88615 12.93236 12.36812 14.07586 14.06875 14.57622 14.1797 13.68721 13.74914 14.07477 14.53496 14.11113 13.96948 14.14064 14.19568 13.73377 13.16628 13.53276 13.76566 12.89888 12.83865 13.38379 13.80126 13.88733 13.73966 13.05406 12.01183 10.67794 11.27957 12.83168 13.55873 13.66655 13.46718 13.42265 12.52737 12.79722 12.71705 12.91262 13.21361 13.23264 13.54572 14.20148 14.67493 14.50925
15.1271 15.27087 15.40862 15.46051 15.6603 15.57325 15.21231 14.76162 13.82787 14.18137 14.88026 15.18925 14.74093 13.45619 12.0184 12.34051 13.13038 13.98594 14.26234 14.44767 14.20448 14.07097 14.62878 14.51859 14.35057 14.24087 14.31702 14.42887 14.14069 13.4229 13.23175 14.43506 14.43041 14.34409 14.3877 14.15473 14.04352 14.2844 14.1269 13.60645 13.88882 13.92966 13.7633 13.40633 13.19616 13.69377 13.55149 13.61614 13.30682 13.59031 13.93445 13.87784 13.40722 12.51132 10.55781 11.18576 12.41861 13.125 13.31047 13.68451 13.49567 13.27363 12.99042 13.43039 13.33836 13.26604 13.15891 13.02813 13.55853 14.49546 14.71055 14.80348
15.09542 15.2121 15.10879 14.99083 15.65467 15.40488 14.9576 14.72498 13.54616 14.00994 14.70269 14.94325 14.75624 14.31786 13.69559 13.20252 14.10431 14.43044 14.53227 14.11541 13.88741 14.16973 14.68645 14.5045 14.34634 14.26873 14.34822 14.43125 14.39531 14.20118 13.92711 13.65278 13.78289 13.85062 14.44548 13.65413 13.0876 13.94303 13.4036 13.50516 13.55647 13.42031 13.52394 13.59475 13.45113 13.68751 14.0899 13.57939 13.14207 13.34787 13.7063 13.49732 12.45355 11.39609 12.47526 13.19534 13.38769 13.73093 13.6408 13.50257 13.56215 13.55432 12.49805 12.82709 12.97424 12.90252 12.98575 13.3471 13.89552 14.61609 14.74419 14.82215
14.93806 15.23713 14.92396 14.88773 15.00708 15.02317 15.28842 15.10496 14.51999 14.23927 14.19398 13.90706 14.30592 14.65802 14.077 13.60014 14.32724 14.3156 14.56081 14.58374 13.74243 13.05499 14.44868 14.47261 14.38456 14.44968 14.48566 14.57717 14.68756 14.69011 14.30507 13.08412 14.31312 14.22596 14.18902 13.93264 13.75967 13.80326 13.57534 13.50642 13.41845 13.73692 13.75065 13.66784 13.72738 13.8201 14.0036 13.77001 14.09916 13.81155 13.77755 13.20701 12.40013 12.64993 13.554 12.85953 12.99757 13.24397 13.42966 13.42886 12.86073 11.92271 13.26584 13.32213 12.55445 12.78527 13.2085 13.2366 13.26816 13.78076 14.39105 14.68528
14.82662 15.27098 14.66549 14.49486 14.94253 14.94359 15.07585 14.78979 13.79677 13.77567 14.28017 13.95803 14.01006 14.45981 14.39123 13.78031 13.9244 14.11418 13.96125 13.99265 14.19029 13.51647 13.83892 14.2488 14.19053 13.74459 13.39882 13.65192 14.09931 14.4544 14.761 14.4984 13.85435 13.36698 13.66134 13.49419 13.44435 13.78955 13.96322 13.9016 13.78313 14.04484 14.02966 13.81668 13.61598 13.60424 14.0789 14.09621 14.24 14.17984 14.00293 13.37722 13.09325 13.62542 13.45498 13.44121 13.66281 13.48181 13.314 13.10554 12.34157 11.85161 13.00655 13.29329 12.63534 12.89561 13.01903 12.5798 12.26831 12.73117 13.84417 14.52581
14.73378 15.0542 14.50844 14.13556 14.61967 14.48809 14.88257 14.5624 14.15993 14.20393 13.89321 14.06959 14.09793 14.29367 14.37971 13.55182 13.7361 14.32567 13.90321 12.83321 13.23452 13.63565 12.40047 13.58343 13.23543 14.29464 14.65553 14.74931 14.79899 14.77637 14.68036 14.66438 14.70688 14.20959 13.90253 13.88247 14.02729 13.9979 13.76224 14.27145 14.01437 14.29856 14.2483 14.00764 13.89384 13.96098 14.02346 13.95111 14.19552 14.20682 13.86984 13.64656 13.62134 13.61711 13.40679 13.59002 13.96978 13.74831 13.38659 12.93018 12.51579 12.10331 13.14349 12.85686 13.26083 13.18592 12.65696 12.06696 12.01555 12.90835 13.94298 14.1621
14.85838 15.01919 14.41786 14.05838 14.13192 13.83211 14.37186 14.54463 14.5791 13.82071 13.3173 13.71201 14.20926 14.37663 13.89136 12.88673 12.877 14.26002 13.25217 13.29769 12.75226 12.71558 12.13114 13.50775 13.45077 13.96018 14.36524 14.64192 14.71707 14.53702 14.30703 14.50299 14.68112 14.61438 14.55356 14.58028 14.5828 14.35934 14.09473 14.25819 14.29037 14.07336 13.87953 13.54947 13.61732 14.0975 14.08142 14.10205 14.26256 14.25307 14.15255 14.15921 14.09524 13.94545 14.07368 14.04583 13.8804 13.76056 13.24189 13.01561 13.23854 13.26613 12.96282 12.68819 13.19562 13.01296 12.45094 12.39105 12.87797 13.34426 13.93912 13.80003
14.31566 14.40715 14.19104 13.82214 14.30309 13.99641 13.98026 13.67257 13.93819 13.18974 13.7828 14.15372 14.05991 13.69864 13.30766 13.09038 13.33657 14.29859 14.05162 12.90633 11.64048 11.78127 12.20529 12.3776 12.54274 13.65865 14.03631 14.47022 14.26639 13.55328 13.11074 13.17429 14.60861 14.43722 14.45171 14.46608 14.57409 14.57822 14.43054 14.47697 13.95089 14.19761 14.05023 13.98263 14.04477 14.10859 14.18039 14.27096 13.88581 14.14488 14.11979 14.0013 13.76875 13.68079 14.06672 14.33452 14.09411 13.64391 13.06783 13.19325 13.76285 13.5653 13.25752 13.93917 13.5087 13.40813 13.2591 13.35562 13.68912 13.88552 13.9339 14.19057
14.09081 14.02595 13.54619 13.10138 14.38175 14.19453 13.97905 13.35235 13.80629 13.3012 13.81369 13.90159 13.44202 12.96574 13.09699 13.82959 14.23304 13.80504 13.6952 11.63937 11.08888 11.70246 13.47603 12.84975 11.85036 12.3508 13.61181 14.33682 14.50701 13.93495 13.07229 13.20126 14.15114 14.55509 14.59635 14.58418 14.69364 14.63788 14.2673 13.78476 13.62298 13.82071 13.78519 13.69935 13.7104 13.91558 14.24079 14.09629 13.83329 14.06421 13.57591 13.64025 13.94026 14.04914 14.08798 14.11759 14.06658 14.02268 13.73904 13.83941 14.01337 13.87515 14.04356 14.15418 13.65371 13.83363 13.82033 13.68045 13.69586 13.58689 12.95032 13.70817
13.78159 13.94469 13.4293 13.55803 14.44446 14.12139 13.80681 13.57008 13.41314 13.63793 13.58876 13.03637 13.21115 13.40892 13.72647 14.15754 13.64721 13.1103 13.65579 12.06776 12.43034 12.97173 13.5977 13.07742 11.38688 11.88119 13.07987 14.03843 14.35122 13.94947 13.39921 13.41879 13.50992 14.08158 14.30212 14.39873 14.48288 14.46208 14.27973 14.26684 14.1567 13.99648 13.9933 13.9922 13.89107 13.9288 14.20145 14.05597 13.27141 13.06234 13.40246 13.76458 13.98955 14.05549 13.974 13.76908 13.45688 14.02566 14.06908 14.00927 13.80071 13.78629 14.1317 14.10939 13.75861 13.56493 13.65969 13.54614 13.30117 12.82125 12.09696 13.55613
13.96353 13.98843 13.79507 14.4739 14.5455 14.1627 13.71515 13.60275 13.46129 13.1843 13.12511 13.23377 13.59611 13.94076 14.11866 13.86306 12.98267 12.96326 13.44704 12.97943 12.85285 13.09429 13.19952 12.80184 10.99669 12.5537 13.12848 13.93432 14.24905 13.90315 13.42997 13.3346 13.231 13.15862 13.83625 14.10492 14.248 14.31161 14.30755 14.11366 13.92974 14.08661 14.03767 13.86897 13.75889 13.86534 13.90843 13.42645 13.7576 12.81947 13.51453 13.93645 13.94153 13.71434 13.55027 13.75598 13.68619 13.98785 13.59464 13.57169 13.24475 12.84619 13.49895 14.05856 13.91864 13.48654 13.33988 13.28668 12.94731 12.40194 12.34708 13.72853
13.73258 13.65147 14.62671 13.97026 14.36201 14.27974 13.98112 14.13178 13.87634 13.47954 13.16985 13.7209 13.99105 14.16501 13.74921 13.17218 13.4375 12.97403 13.86 13.1746 13.04856 12.95765 12.75023 12.72772 11.05925 12.82881 13.21452 13.6934 14.05557 14.02155 13.76369 13.68198 13.78986 13.6722 14.32725 14.36579 14.19757 13.99774 13.84848 13.82419 14.12955 13.99249 13.93251 13.9477 13.6578 13.49615 13.6348 13.26449 12.90186 13.80712 13.72767 13.76523 13.84355 13.68631 13.38626 13.29691 13.74455 14.18679 13.68016 13.29017 12.82516 12.67033 13.39135 13.47187 14.15719 13.52924 12.87947 13.20452 12.94689 12.3594 12.88678 13.71251
13.49012 13.80522 14.57006 14.40374 14.55821 14.49718 14.25012 13.91141 13.71429 14.12023 14.14014 13.70479 13.59965 13.88532 13.74764 13.17697 13.12249 13.71414 14.18232 13.16956 12.83828 12.32573 12.59679 12.38099 11.15084 12.55936 13.31543 13.51799 13.53227 13.46276 13.26394 13.07849 13.30328 13.74201 14.17431 14.36379 14.3172 14.05111 13.76522 13.67846 13.93762 14.06528 13.9914 13.99752 13.95206 13.76718 13.58646 13.6752 13.9155 14.01782 13.74854 13.46303 13.49824 13.24575 12.91909 13.35755 13.67918 14.04387 13.47957 13.44359 13.22072 12.74921 12.81733 13.54571 14.5427 13.32138 13.17836 13.62266 13.60382 13.23041 12.99939 12.57001
14.25251 14.42503 14.27746 14.28895 13.97026 14.3098 14.47001 14.22468 14.08091 14.35985 13.91784 13.80937 13.73569 13.72975 13.7983 13.56055 12.95252 12.99058 14.105 13.79216 13.3368 12.51775 12.73612 12.89079 11.61031 12.09991 13.18075 13.781 13.86168 13.32189 12.89466 13.13751 13.65533 13.96011 14.12386 14.2296 14.21505 14.02923 13.75104 13.78784 13.92669 14.02784 14.00718 14.01408 13.99456 13.96507 13.93743 13.85755 13.71013 13.88949 13.5208 13.19001 12.95323 12.99059 13.40273 13.97159 14.04969 14.12224 13.82986 13.0563 12.70101 12.81443 13.11069 13.94266 14.71596 13.96653 14.04772 13.80209 13.80156 14.0265 13.82926 13.15375
13.91184 13.9436 14.12147 13.77881 13.8167 14.20943 14.3955 14.37516 14.23346 13.82634 13.97077 13.60781 13.44243 13.70893 13.94848 13.86932 13.55135 13.2412 14.15347 14.16282 13.54811 13.44963 13.60132 13.5219 12.36987 11.90345 13.36408 13.6815 13.98394 13.73695 13.46766 13.59203 13.68522 14.11847 14.29208 14.34246 14.24741 13.98042 13.77257 13.96349 13.96041 14.02338 13.97137 13.96921 14.01971 14.04697 13.92704 13.68653 13.56686 13.53616 13.48088 12.68729 12.50452 12.89044 13.49541 13.92987 14.10853 13.5036 13.89433 13.77575 13.63796 13.61537 13.67164 14.05953 14.40046 14.70664 14.7052 14.34044 14.12401 14.40114 14.55426 14.08514
13.53354 13.53481 13.46205 14.0647 14.38803 14.27404 14.06415 13.89654 13.76663 13.70987 13.47106 13.79452 14.02952 13.88372 13.80689 13.96243 13.91583 13.37815 13.89749 13.7451 13.46955 13.25982 13.59303 12.97095 12.72774 12.96849 13.19863 13.26164 13.74646 13.8233 13.64311 13.73835 14.11695 14.2292 14.31772 14.44609 14.38442 14.14443 13.95637 14.07026 14.00158 14.0168 13.90482 13.93036 13.90112 13.85381 13.81579 13.69113 13.3506 12.72848 13.14375 12.54505 13.02776 13.19951 13.33989 13.99015 14.02353 12.65011 13.19634 13.39398 13.55529 13.58609 13.53805 13.75486 14.44029 14.66039 14.72121 14.80227 14.63799 14.69394 14.82846 14.68079
12.71329 13.215 13.42431 13.80467 14.02761 14.0623 14.05325 14.05233 14.04327 13.69361 13.66315 14.11833 14.25336 14.22042 14.17095 14.25282 14.3308 14.05873 13.69464 14.36917 14.13161 13.54553 13.34079 13.5275 13.75202 13.67233 13.65716 13.68201 14.15579 13.97832 13.91224 14.18006 14.21265 14.31937 14.43403 14.18386 14.05229 13.93843 13.94497 14.03619 13.93228 13.98304 13.87784 13.93977 13.83079 13.65331 13.66247 13.69924 13.1583 12.24086 12.89299 12.53493 13.12897 13.76306 14.00405 14.01092 13.84782 11.97163 12.13548 12.09139 12.49428 12.59218 12.7717 13.89383 14.01683 14.29647 14.40176 14.9262 15.14688 15.11332 15.10881 15.199
12.43212 12.97954 13.21555 13.68072 13.50834 13.76838 13.67063 13.55007 13.79553 13.88431 14.04145 14.08025 14.28539 14.31849 14.31662 14.37632 14.36701 14.16064 14.0592 14.41565 14.34873 14.23106 13.71123 13.69577 13.92209 14.13384 14.38261 13.8589 14.15352 14.40141 14.4109 14.37365 14.40784 14.45291 14.47048 13.95077 14.11315 14.1996 14.12479 14.00125 13.9967 13.93965 13.95091 13.56373 13.68209 13.48673 13.18599 12.99332 12.659 12.87437 13.09912 13.20342 13.53803 13.82498 13.81996 13.71885 13.63558 12.04673 11.45988 11.18014 11.23483 11.79576 12.74559 13.76196 14.47398 14.76657 14.86312 14.96189 15.0289 15.12298 15.24508 15.33442
13.25733 13.64713 13.00228 13.17004 13.47601 13.69009 13.49297 13.34889 13.62042 13.75446 13.90102 14.05484 14.20409 14.25589 14.30315 14.35472 14.32343 14.17045 14.13096 14.23641 14.40606 14.48427 14.36564 13.98734 13.75927 14.306 13.64979 13.6752 13.7601 13.51773 13.50196 13.92353 14.36888 14.3494 13.84786 14.12815 14.31719 14.2796 14.18112 13.92732 13.69923 13.89317 13.96219 13.44425 13.13665 12.89016 12.81369 12.62674 12.20189 12.82494 12.91955 13.10303 13.27489 13.58439 13.52582 13.41068 13.50433 12.11543 11.58354 10.7876 11.05462 11.9922 12.86285 13.44859 14.12621 14.46895 14.28627 14.61269 14.72423 14.81721 14.9588 15.00238
13.78996 13.80099 12.7104 13.55365 13.40061 12.85256 12.95267 13.28593 13.11557 12.84056 13.66743 13.97583 14.12201 14.18519 14.25495 14.28411 14.29771 14.35906 14.40391 14.36548 14.41811 14.34852 14.50752 14.53973 14.32537 13.88132 13.39575 13.50836 13.4305 13.96995 14.23652 14.24081 14.29888 14.14116 13.74377 14.26035 14.2522 14.12882 14.09119 13.63215 13.64801 13.20969 13.60425 13.35784 12.63284 12.61854 12.724 12.35585 12.0975 13.00374 12.55457 12.69926 12.76294 13.26191 13.40477 13.42974 13.60918 12.28082 12.33424 11.41034 11.42719 12.04694 12.82401 13.63065 14.18493 13.63735 13.80616 14.03585 14.12714 14.1345 14.4374 14.50863
14.21237 13.75404 13.08503 13.86476 13.49755 12.73414 12.46277 12.67166 12.79183 12.9129 13.70909 13.98793 14.0602 14.06315 14.18341 14.22725 14.24516 14.3813 14.45811 14.51169 14.32454 14.0343 14.32242 14.34256 14.22462 14.13953 13.52196 13.58994 13.63875 13.94236 14.09266 14.07014 14.07234 14.07817 14.08448 14.13328 14.09926 14.0041 13.92447 13.29898 13.50806 12.87796 12.52044 13.55784 12.69094 12.43557 12.03342 11.65923 12.0176 12.4251 12.33033 12.21346 12.84684 13.14243 13.17827 13.20641 13.3748 12.49358 11.6299 11.14454 11.47034 11.95055 12.74379 13.51474 13.40401 12.56725 13.32346 12.99147 13.46014 13.30231 13.63414 14.18304
13.86071 14.2799 13.96185 13.27318 13.17049 13.27499 13.22323 13.25526 13.46092 13.48007 13.02312 12.64914 12.327 13.14909 13.70622 13.97351 14.20283 14.38077 14.2977 14.10117 14.25905 14.05576 14.51922 14.49278 14.2981 14.17054 14.01669 13.52503 12.93858 13.40322 13.85059 14.05018 14.13845 14.15232 14.0151 13.67462 13.67021 13.9039 13.59686 12.88033 12.10857 11.91448 11.89713 12.45725 12.91857 12.54264 11.74346 11.51597 11.75424 11.40048 10.95416 11.83805 12.94252 12.46163 12.52093 12.17217 11.56554 12.94776 11.83803 11.3549 11.78842 12.5727 13.1142 13.07511 12.9445 13.40884 12.09742 11.96973 12.70418 13.42723 14.27045 14.90128
