features/re_bio1.asc
ncols         768
nrows         589
xllcorner     124.299398925
yllcorner     32.893460211367
cellsize      0.010567299164062
NODATA_value  -9999
[rows 160 to 191 of 589, columns 288 to 359 of 768]
13.61376 12.92229 13.42449 13.58473 13.17793 12.7156 12.73545 12.41809 11.22909 10.58503 11.22091 12.45122 13.01337 13.02895 13.54222 13.71671 13.7723 13.90357 14.06482 14.03771 13.8003 13.947 13.73288 13.59407 13.59722 13.61853 13.35941 13.73712 13.04257 12.84979 12.54662 12.61187 13.0106 12.93854 12.87815 11.79712 12.56783 13.04657 13.18375 13.2137 12.85733 12.88832 12.7628 12.36005 12.16445 12.29517 12.29096 11.64058 11.96963 13.09725 12.57967 11.91159 12.36651 13.44311 13.12326 12.93424 13.26762 13.36552 13.44475 13.61827 13.30881 13.06529 13.05629 12.90857 12.64926 12.45011 12.40535 12.45967 12.19346 12.67932 11.97858 11.57315
14.04563 13.18339 12.87974 12.9216 12.80488 12.19819 11.36473 12.33132 11.94372 11.87383 12.14937 12.63223 13.23892 13.51693 13.24038 12.5909 12.88536 13.4459 13.91022 -9999 14.04238 13.79636 13.82361 13.77872 13.72878 13.65213 13.59373 13.69095 13.59307 13.18023 11.98681 11.58713 12.39868 13.10406 13.09196 12.92282 12.53046 12.44269 12.6391 13.36892 13.08189 13.01595 12.74061 12.55012 12.52519 12.54338 12.5132 12.45286 12.4377 13.02744 12.86042 12.65786 12.92535 13.46358 13.53111 13.5645 13.61051 13.52226 13.41633 13.3407 13.01813 12.55877 12.68147 13.05258 12.79917 12.19176 11.69633 11.5037 12.08371 12.13491 11.85542 10.65724
13.95124 13.26334 12.53319 12.18042 12.09078 12.0306 11.36658 11.79514 12.65991 12.44589 12.74351 13.31904 13.29987 13.09667 12.92671 13.32828 13.73338 13.84905 13.9586 -9999 13.97612 13.14677 13.99761 13.82005 13.79829 13.91375 13.86778 13.65021 12.78242 12.83599 12.01013 11.46686 12.00239 13.00854 13.67058 12.9464 12.49321 12.53199 12.57874 13.40517 13.39435 13.18079 13.12541 12.97678 12.94513 12.76416 12.53688 12.99997 13.05355 12.90851 13.02453 13.37221 13.63016 13.66986 13.63761 13.31264 13.68902 13.58627 13.53848 13.39627 13.27418 12.96393 13.27314 13.31428 13.10101 12.23091 11.33938 11.4557 12.25088 11.01614 10.99071 10.50537
14.02913 14.01395 13.83703 13.40794 11.90479 12.69736 12.71927 12.72241 12.56947 13.01058 13.26054 13.09226 12.66019 12.23139 12.54553 12.96683 13.17782 13.50242 13.67727 -9999 -9999 14.0636 13.83392 13.87278 13.83452 13.8486 13.95883 13.75736 13.233 12.61601 13.03959 13.40537 13.5215 13.68522 13.5237 13.11481 13.07501 12.83393 12.92861 13.37285 13.18837 13.38721 13.50406 13.19791 13.08771 12.57621 12.19254 13.05865 13.15053 13.57295 13.62402 13.58642 13.57376 13.51763 13.27867 12.9021 13.41057 13.68674 13.55162 13.52719 13.45525 13.28266 13.16003 13.22025 12.66376 11.52367 10.66522 10.827 11.36291 10.2225 9.019827 9.024021
14.07816 13.21092 13.68541 13.64401 12.71096 13.02977 13.14372 13.13631 13.08944 13.1474 13.13738 12.95803 12.74404 12.6965 12.65188 13.43581 13.53508 13.62839 13.81321 14.04656 14.23574 14.10106 13.96929 13.94222 14.02411 14.03743 13.84809 13.73434 13.69762 13.59201 13.15352 13.38633 13.80207 13.73117 13.37573 12.4378 13.02742 12.66058 12.30391 12.99072 13.15451 13.17388 13.1081 13.14911 13.03066 12.93174 13.01877 13.30336 13.35645 13.75853 13.4664 13.54208 13.61661 13.57148 13.38443 12.75787 13.30842 13.74466 13.60453 13.49518 13.44874 13.44082 13.19818 13.19862 12.70745 11.88758 10.61979 9.762549 10.49448 10.4516 8.935703 8.707911
13.826 13.41471 13.77298 13.63986 13.61832 13.72282 13.70457 13.55891 13.27424 12.98437 12.67309 12.1982 12.0715 12.62848 12.3055 13.40543 13.6344 13.78689 13.9627 14.1042 -9999 14.12667 14.05514 13.9773 13.99799 14.03668 13.95933 13.82149 13.81322 13.57291 13.09946 13.31404 13.73862 13.74747 13.33785 12.34874 12.73972 12.54593 12.32543 12.16722 12.21809 13.22198 12.93894 13.52595 13.55551 13.03813 12.91465 13.52156 13.34331 13.45385 13.49086 13.56445 13.45143 13.37042 13.45498 13.3414 13.47183 13.9626 13.87151 13.72177 13.53431 13.2653 13.11929 13.05158 12.68961 11.77629 10.20222 8.88983 8.94823 9.222539 8.175359 8.456354
14.14622 13.87169 13.966 13.862 13.97038 13.94302 13.75314 13.6803 13.56691 12.69216 11.52736 11.30254 11.7363 12.07253 13.01324 13.5406 13.57107 13.80303 13.99716 14.05741 14.02985 -9999 14.18489 14.1758 14.09204 14.01213 13.98245 13.93277 13.87256 13.73341 13.37809 13.52995 13.82985 13.82186 13.4827 12.80949 13.039 12.74064 12.47647 12.16017 11.78809 12.84404 12.80881 12.95977 13.44556 13.6487 13.65553 13.73777 13.65653 13.15568 13.79559 13.66049 13.21167 13.2767 13.7853 13.79612 13.63577 14.14849 14.02807 13.72715 13.44749 13.29156 13.21681 12.857 12.43931 11.602 10.35682 8.938317 7.857491 7.7294 8.394249 8.758258
14.42894 14.21698 13.78482 14.13302 13.58186 13.68326 13.4093 13.29092 13.33743 12.22428 11.92016 12.12232 12.33923 12.55254 13.36397 13.65484 13.71101 13.77782 13.73022 13.72694 13.84871 13.86318 14.15807 14.17184 14.10927 14.04353 13.99377 13.92642 13.95261 13.82026 13.63674 13.62299 13.82557 13.94827 13.61898 12.8593 13.36516 13.12154 13.08385 12.74638 12.12216 13.11471 13.21136 13.0789 13.19956 13.24663 13.49615 13.92755 13.7881 13.65016 13.38838 13.29899 13.3636 13.64981 13.89924 13.70376 13.76499 14.15359 14.11144 13.92037 13.68607 13.59745 13.4199 13.1433 12.62091 11.13218 9.878095 9.075043 8.522603 8.68438 9.13811 9.538224
14.16234 13.56412 14.11842 13.43517 13.39226 13.45373 13.68332 13.4066 12.1759 12.38439 12.95479 13.39388 13.55756 13.60133 13.77638 13.87817 13.92084 13.81703 13.77088 13.887 14.03848 13.98307 14.14629 14.14994 14.13659 14.11484 14.07554 14.04127 13.98445 13.89102 13.82532 13.62899 13.76918 13.97274 13.7303 13.33907 13.59913 13.42777 13.13724 13.00119 12.62736 13.4608 12.73432 13.06615 13.23687 13.54621 13.8434 13.93878 13.88477 13.73649 13.67378 13.52806 13.72446 13.95785 13.88636 13.62375 13.71597 14.15769 14.22015 14.18218 14.01247 13.79619 13.47705 13.19594 12.54449 11.56056 10.21232 9.502615 9.709231 9.754741 9.471135 9.937507
14.06999 13.32811 13.26506 13.41151 13.63675 13.41049 13.09136 12.97713 13.31151 13.65539 13.82006 13.81597 13.79838 13.84773 13.88317 13.89939 13.89102 13.95147 14.00157 14.0419 14.04305 13.98444 14.17154 14.10369 14.11433 14.11994 14.08593 14.03356 13.84126 13.97093 13.76794 13.73295 13.856 13.95499 13.90724 13.87368 13.88175 13.60994 13.02114 13.14973 12.85734 13.30346 13.00186 13.54773 13.62227 13.80956 13.8912 13.76808 13.71005 13.68046 13.67711 13.60441 13.58182 13.68113 13.47816 13.05335 14.00926 14.11862 14.21671 14.23715 14.05076 13.74226 13.5632 13.34323 12.20172 11.05739 9.706601 9.121903 9.542342 9.90727 10.14922 10.81497
13.5527 13.69861 12.91788 13.03253 13.57095 13.70988 13.7421 13.81898 13.9148 13.93736 13.93501 13.8586 13.80607 13.78549 13.70044 13.71771 13.88634 13.97399 14.02872 14.03835 14.01561 13.99042 14.12592 14.06319 14.00731 14.04151 14.10611 14.09735 13.99781 14.03206 13.87767 13.87285 13.97043 14.00737 13.93907 13.86444 13.66524 13.53412 12.86972 13.5014 13.34361 13.394 13.2992 13.62691 13.96411 13.96707 13.78052 13.66567 13.65087 13.29849 13.10937 13.23713 13.57996 13.59592 13.21532 13.03795 13.99603 13.96204 14.08779 14.10364 13.98655 13.81343 13.56046 12.92219 12.28651 10.59177 9.341923 9.195267 9.939753 10.78366 10.92086 10.94466
13.36323 13.51702 13.44405 12.89765 13.5703 13.79422 13.93681 13.99812 14.0126 14.03818 13.92806 13.89116 13.87906 13.84624 13.86115 13.90181 13.94406 14.02946 14.04277 13.99899 13.95104 13.95267 14.10346 13.99146 13.79431 13.78269 13.95731 -9999 -9999 14.03026 14.01585 13.96802 14.03972 14.06121 13.92426 13.77789 13.62989 13.12832 12.61654 13.3485 13.63717 13.54282 12.92761 13.62278 14.05426 14.06285 13.91141 13.745 13.40769 12.67061 12.72518 13.14199 13.65508 13.68027 13.66018 13.92055 13.9253 13.82002 13.84774 13.81608 13.75759 13.59476 13.08218 11.86616 11.70065 11.07969 10.24426 9.134998 8.572825 9.137887 9.312125 10.36691
13.52307 13.1876 13.21712 13.28222 13.88062 13.96267 14.00996 13.99733 14.0165 13.98404 13.9094 13.92588 13.9253 13.92331 14.00459 13.98655 13.99726 14.01323 13.98766 13.92544 13.91779 13.99211 14.02187 13.90106 13.72372 13.83923 14.03224 14.0813 14.15206 14.12558 -9999 13.99326 14.06624 14.07142 13.93353 13.83661 13.7578 13.53949 12.87137 13.01542 13.33493 13.63951 13.00183 13.84601 14.12529 14.08578 13.83986 13.44851 12.84889 11.93421 11.5745 12.45273 13.39775 13.59619 13.65986 13.88509 13.79141 13.55762 13.1764 13.12389 13.33553 13.42901 12.97349 11.86041 11.04445 11.56413 11.16171 9.834401 8.853358 8.976921 9.139503 8.974805
13.59101 13.33575 13.20982 13.24788 13.86249 13.87668 13.81252 13.71747 13.60858 13.74181 13.79752 13.87439 13.95602 13.99804 13.99798 14.00611 13.96347 13.96686 13.94724 13.91854 13.93043 14.00651 13.99296 13.87077 13.77803 13.85704 13.9706 14.00893 14.06873 14.03568 14.14703 14.12799 14.12075 14.03089 13.92592 13.9585 13.85445 13.41167 13.13336 13.30502 13.38656 13.50703 13.809 14.01851 14.09462 14.05051 13.80521 13.34163 12.715 12.04851 11.59577 12.37578 13.24565 13.39033 13.41516 13.61509 13.55949 13.37874 12.72376 12.59519 12.85271 13.05991 12.96229 12.43198 11.28307 11.43429 10.63944 9.143543 8.509284 9.37783 10.41177 10.43191
13.61468 13.61268 13.83166 13.40082 13.70273 13.77849 13.53259 13.13906 13.36211 13.69741 13.79722 13.86853 13.94056 13.95201 13.89268 13.93168 13.94879 13.95165 13.91084 13.90446 13.92314 13.95386 13.92257 13.60607 13.40776 13.66305 13.95741 14.01974 14.00707 13.93772 13.9586 13.98433 14.06978 14.04206 13.97196 13.99237 13.84408 13.52897 13.32594 13.53952 13.45207 13.42401 14.11304 14.06066 14.04466 14.00513 13.88439 13.5066 13.02121 12.66332 11.78234 12.5807 13.03314 13.01397 13.17081 13.42084 13.23088 13.02961 12.30758 12.07307 12.45903 12.65579 12.42815 12.71857 12.01083 11.4393 10.80419 9.591972 9.020251 9.567017 10.13903 10.91292
13.46603 13.63712 13.92005 13.86775 13.65331 13.78704 13.68818 13.22442 13.47716 13.81783 13.90317 13.94584 13.96978 13.8969 13.79402 13.88185 13.9661 13.90252 13.93103 13.95625 13.97936 13.99598 13.92581 13.73855 13.79923 13.83494 13.84925 13.87786 13.90509 13.87618 13.70684 13.91663 14.05145 14.0747 13.94593 13.76758 13.84931 13.60891 13.67464 13.67036 13.68961 13.973 14.0413 13.99364 13.92173 13.75157 13.85995 13.69609 13.24751 12.85018 11.90987 12.5189 12.76426 12.7934 13.06162 12.93906 12.10469 12.44424 11.88103 11.07798 11.43524 11.89964 11.75412 12.00101 12.53668 12.00301 11.35522 10.50731 9.712004 9.646284 10.63698 11.62329
13.49656 13.2565 13.85437 14.00313 13.73959 13.78058 13.78782 13.53236 13.23386 13.8084 13.92827 13.96086 13.95037 13.87477 13.80518 13.88899 13.9156 13.85957 13.87482 13.91631 13.98076 14.01042 13.89986 13.82583 13.86731 13.89135 13.78524 13.66112 13.71114 13.90757 13.95666 14.03225 14.04167 14.01279 13.94476 13.79886 13.53339 13.32062 13.2567 13.87279 13.96936 14.03699 13.87795 13.64749 13.17199 12.87206 13.4842 13.79431 13.33518 12.65297 12.31442 12.65374 12.54854 12.67407 12.88388 12.42254 11.1945 11.90073 11.0813 10.67798 10.56154 10.55303 10.48992 10.61485 11.63272 11.8823 11.6433 11.26369 10.81617 10.48566 10.71054 11.75415
13.8036 13.77321 13.93261 13.95491 13.83531 13.75614 13.86036 13.85963 13.56024 13.80145 13.93312 13.95646 13.92925 13.87478 13.8179 13.81506 13.74943 13.83582 13.85782 13.91098 13.98977 14.00639 13.87163 13.82157 13.8359 13.78655 13.70414 13.65262 13.69685 13.88083 13.99833 14.05067 14.02644 14.02673 13.95122 13.77194 13.62274 13.4583 -9999 13.7708 13.83179 13.6474 13.63252 13.34548 12.57581 12.77661 12.99109 13.39741 13.49838 13.03014 12.79698 12.52996 11.57128 11.95911 12.55314 12.60609 11.88433 10.98206 10.34027 9.475884 9.820864 10.39513 10.48889 10.2572 10.03785 10.5553 10.91037 11.11581 11.41306 11.48552 11.30543 11.75742
13.60536 13.91742 13.82582 14.04124 13.77599 13.70823 13.79299 13.8794 13.90995 13.85679 13.93693 13.89123 13.79243 13.76407 13.81223 13.85332 13.82157 13.86977 13.87057 13.94842 13.9847 13.95805 13.88637 13.82519 13.78965 13.52638 13.52201 13.70585 13.82251 13.84407 13.96161 14.0429 13.96647 13.99629 13.97305 -9999 13.64756 13.64362 -9999 13.4492 13.56065 13.41311 13.09634 13.07557 12.93578 12.74001 12.67879 13.24409 13.60134 13.21537 12.91984 12.31195 11.1959 11.58677 11.78119 11.74252 11.56368 9.675571 10.29262 9.407808 9.749833 10.68971 11.19428 10.97509 10.48798 9.887562 10.64608 11.19114 11.67885 11.97673 11.83799 11.49069
13.33287 13.49564 12.81177 13.77324 13.8148 13.72359 13.75613 13.7991 13.86417 13.96396 13.98117 13.57503 13.48397 13.65765 13.83272 13.88439 13.91448 13.9083 13.95434 13.95502 13.93886 13.93293 13.89492 13.7749 13.74032 13.5122 13.49529 13.67812 13.85052 13.92493 13.88738 14.01341 13.87328 13.74389 13.85429 13.95512 13.75089 13.66694 13.55025 13.38844 13.40576 13.22696 13.04019 13.35823 13.30953 13.08089 12.77678 12.87225 13.2869 13.38567 12.78174 12.77399 11.80732 12.04323 11.75378 10.92401 10.21644 10.09832 10.9111 10.13681 9.975338 10.50072 11.31175 11.59381 10.5929 10.01711 10.64913 10.93813 11.0683 11.52972 12.06852 11.98648
13.21429 13.31226 12.95867 13.71433 13.88178 13.79294 13.86205 13.91532 13.71059 13.98944 14.03498 13.92532 13.68562 13.69931 13.8612 13.87339 13.85498 13.89686 13.92712 13.85139 13.8883 13.93638 13.84487 13.84214 13.75226 13.71284 13.61357 13.6088 13.65977 13.58522 13.66977 13.92446 13.80998 13.59522 13.67189 13.80531 13.65469 13.66909 -9999 13.3068 13.28217 13.28907 13.26028 13.28631 13.01861 13.09488 12.7211 12.35499 12.70764 13.35683 13.32889 13.18735 12.58764 12.67631 11.91084 10.85315 9.979827 11.16651 11.23473 10.76488 10.5903 10.92889 11.60902 12.01399 11.42812 10.63552 10.52397 11.15447 11.27884 11.30014 11.56766 11.88302
12.82681 12.75796 13.11703 13.61217 13.85868 13.59912 13.57857 13.82601 13.75505 13.86938 13.94388 13.97765 13.92437 13.88604 13.89299 13.91785 13.92094 13.91233 13.81915 13.81128 13.91169 13.93477 13.48061 13.81442 13.61289 13.54165 13.6897 13.76397 13.69906 13.67447 13.84162 13.96571 13.72727 13.7324 13.67687 13.63457 13.65794 13.52662 -9999 13.40222 13.22458 13.05483 12.97542 12.88253 12.58088 12.16137 12.38172 12.11514 11.72431 11.7402 12.28052 12.90003 12.46357 12.6189 12.31083 11.71528 10.9204 10.17516 10.7889 10.86306 11.81616 11.91207 11.92298 12.1739 12.01695 11.51472 11.17993 11.31408 11.35426 11.36522 11.46829 11.74557
13.64687 13.36122 12.92722 13.64459 13.59161 13.51409 13.35445 13.34121 13.51933 13.87465 13.85604 13.87317 13.89143 13.89292 13.86608 13.85849 13.90261 13.98262 13.84571 13.8703 13.90228 13.87177 13.69717 13.68929 13.84069 13.83372 13.83954 13.77791 13.67735 13.572 13.46101 13.99938 13.85202 13.80565 13.71757 13.67893 13.62366 13.37839 13.49141 13.44544 13.23559 13.0795 13.07666 13.09036 12.81638 12.32216 12.15849 12.10347 11.73805 11.40558 11.67138 12.55122 12.96957 12.78859 12.33314 12.00856 11.57342 10.84232 10.86892 10.65082 11.0211 11.83404 12.36157 11.94039 10.83948 10.54589 10.25128 9.552831 10.06831 10.33015 10.24813 10.67874
13.69449 13.51918 13.35192 13.61674 13.26905 13.28561 12.93623 12.84518 13.51487 13.84849 13.7878 13.73243 13.79126 13.87683 13.89774 13.86703 13.91654 14.03409 13.88703 13.93821 13.91442 13.83838 13.60012 13.69171 13.64328 13.53433 13.79606 13.85265 13.7336 13.68856 13.66557 13.92002 13.9094 13.82685 13.61739 13.46093 13.3993 13.35567 13.62602 13.57562 13.32333 13.25626 13.29607 13.14415 12.78056 12.61799 12.50948 12.73802 12.44478 11.99509 12.0654 12.70027 13.21857 12.9817 12.68702 12.36292 12.08636 11.31355 11.81036 11.29202 11.34563 11.7195 11.90591 11.64964 11.37479 11.85834 11.23314 10.01398 10.61178 11.36474 11.75801 11.75219
13.73258 13.73533 13.70811 13.69076 13.41153 13.29463 12.97638 12.93647 13.43186 13.77773 13.67904 13.24415 13.42079 13.72446 13.87233 13.87341 13.88208 13.96627 13.86073 13.8788 13.8477 13.7722 13.75096 13.79164 13.83022 13.71845 13.77854 13.92421 14.00162 13.95863 13.87798 13.95761 13.88262 13.52049 13.44878 13.18838 13.05602 13.51964 13.54538 13.53199 13.30551 13.38653 13.39938 13.099 13.08829 13.17451 12.68872 13.09767 13.08335 12.6424 12.56818 13.23071 13.2543 13.0929 12.58294 12.24898 11.83287 11.66839 11.90095 12.16506 12.18851 12.47623 12.44602 12.08377 11.91053 12.2539 11.76389 10.51729 10.21577 10.52732 11.1245 11.68592
13.6844 13.68845 13.69581 13.58066 13.3118 13.30509 12.81055 12.7044 13.30069 13.52481 13.59723 12.99058 13.18654 13.59291 13.85011 13.92236 13.93141 13.87811 13.80444 13.82522 13.77557 13.6268 13.68139 13.94417 13.92947 13.79994 13.67629 13.79587 14.00729 14.09391 14.01109 13.86883 13.21901 12.87572 13.05544 13.1993 13.35884 13.74607 13.70367 13.76527 13.76108 13.53628 13.38066 13.287 12.97324 13.40096 13.045 13.45928 13.45623 13.33297 13.39721 13.46509 13.19594 13.15183 11.97372 11.87408 11.66922 11.34174 11.23152 11.46833 11.95931 12.58947 12.89555 12.8671 12.69938 12.43331 11.78343 10.65799 10.46271 10.86076 11.28976 11.46788
13.36211 13.52671 13.46173 13.35748 13.47973 13.22299 13.02552 13.02536 13.0674 12.88914 13.14528 12.52838 13.02697 13.53883 13.81584 13.90917 13.91904 13.85672 13.76338 13.78193 13.76128 13.52196 13.85432 13.97208 13.9038 13.82292 13.91875 14.00202 14.04377 14.0117 13.87784 13.68172 13.09145 12.84531 12.47817 12.672 13.30061 13.70683 13.53249 13.66211 13.33872 13.66522 13.88014 13.5048 13.13707 13.41108 13.88042 13.89606 13.83128 13.73174 13.50596 13.07886 12.57522 12.18008 12.15578 12.31841 12.31184 11.86858 11.95484 11.8627 11.61699 11.94366 12.41088 12.77998 12.89598 12.70586 12.32929 11.68411 11.21562 11.04296 11.13016 11.5946
13.09002 12.9154 12.5522 13.50842 13.74478 13.50208 13.46227 13.41918 13.15329 12.88624 13.0602 12.42891 13.04 13.45864 13.70603 13.83938 13.83878 13.80207 13.80417 13.81696 13.78102 13.45702 13.94012 14.04927 13.98494 14.04668 14.13605 14.13325 14.04855 13.92995 13.8079 13.73 13.38156 12.9859 12.43438 12.64572 13.1593 13.39066 13.60969 13.11886 12.57617 13.1829 13.83778 -9999 13.64508 13.18511 13.17765 13.38211 12.89825 13.13487 13.37954 12.85929 12.73815 12.1854 12.70803 13.07884 13.11961 12.7008 12.98123 12.6325 11.50132 11.54015 12.10931 12.56301 12.79359 12.84147 12.52198 12.2719 11.66032 11.55536 11.71489 11.83902
12.40488 12.06835 12.82146 13.5798 13.81132 13.72735 13.70216 13.61806 13.46064 13.38838 13.5067 12.95111 13.19305 13.50851 13.70579 13.69516 13.6111 13.795 13.85399 13.84264 13.84165 13.66287 13.94163 14.06399 14.06218 14.13603 14.16599 14.20839 14.14528 13.99339 13.85784 13.6749 13.18379 12.85208 12.71795 12.74365 12.66636 12.69129 13.2606 12.80814 13.24785 13.61171 13.73693 13.80106 13.76839 13.15967 13.16987 12.99659 13.16559 13.27124 13.20911 13.19818 13.41512 12.86624 12.69977 13.39793 13.42438 13.21991 12.82068 12.20758 12.08281 11.36988 11.99062 12.50063 12.7434 12.99079 12.68181 12.3067 11.32613 11.6053 12.15881 12.54562
12.44035 13.30128 13.57254 13.66162 13.78434 13.83832 13.83427 13.76733 13.71656 13.71316 13.60598 13.11656 13.39994 13.6732 13.6244 13.30567 13.21825 13.79309 13.82231 13.87276 13.9319 13.86823 13.90206 14.03704 14.00755 14.07737 14.14153 14.23676 14.20065 14.07662 13.98527 13.94475 13.87159 13.62755 13.50622 13.12544 12.7888 12.84501 13.16047 12.69974 12.87871 12.8327 13.02938 13.58571 13.91636 13.40849 13.66877 13.12525 13.42552 13.20369 12.76194 12.91995 13.51498 12.19208 12.45263 13.15383 13.65806 13.17407 12.56622 12.49073 12.73159 12.23442 12.4795 12.74878 12.75805 12.77302 12.91463 12.46007 11.60607 12.0803 12.42933 12.73303
12.89011 13.06361 13.50203 13.7536 13.81341 13.73994 13.71725 13.75193 13.82111 13.866 13.77052 13.52079 13.71659 13.76349 13.76399 13.71164 13.69699 13.84024 13.86644 13.75105 13.88604 13.95148 13.92272 13.95893 13.92728 13.89724 14.10356 14.23683 14.2268 14.14779 14.0573 13.94504 13.8924 13.79485 13.62228 13.45267 13.33249 13.29152 13.34099 13.48586 13.2282 12.92373 12.73726 13.03278 13.70335 13.99485 13.89997 12.97285 13.42401 13.23375 12.96984 13.30384 13.63118 12.8103 12.9511 12.70894 13.2574 12.75542 12.3582 13.0991 13.19257 12.13706 12.1504 12.52279 12.18651 11.91547 12.99117 12.6847 12.59778 12.13624 12.46147 12.94641
13.33388 12.88551 12.94222 13.39261 13.77063 13.66527 13.54539 13.53607 13.64356 13.7555 13.87538 13.8836 13.87395 13.8766 13.89867 13.91305 13.90449 13.89811 13.94915 13.96802 13.96485 14.02145 14.04135 13.96295 13.79875 13.29949 13.82561 14.14546 14.17933 14.11774 13.97273 13.68321 13.67192 13.65321 13.52655 13.2998 13.25347 13.29625 13.28013 13.40809 13.48355 13.59573 13.54244 13.53544 13.72564 13.90727 -9999 13.78555 13.5476 13.47666 13.30844 13.35416 13.82822 13.50985 13.49872 13.33019 13.44292 13.64727 13.39175 13.36967 13.39709 13.06664 12.5134 11.70848 11.43013 11.96976 12.75429 12.43719 13.06887 12.73786 13.04246 13.2979
