features/re_bio18.asc
ncols         768
nrows         589
xllcorner     124.299398925
yllcorner     32.893460211367
cellsize      0.010567299164062
NODATA_value  -9999
[rows 272 to 305 of 589, columns 385 to 461 of 768]
567 577 601.7 604.8 618.6 608 662 641.2 612.9 596.9 586.6 574.8 540.9 547.1 548.5 572.8 565.6 521.5 521 521 509.7 522.3 532.4 541.7 540.7 541.3 560.7 561.1 544.3 549.8 549.5 539.9 530.1 534.9 547.1 543.3 547 546.9 549.9 553.2 568 596.7 581.7 609.7 587.9 593.2 604.4 598.9 610.1 640.9 667 623.8 632.6 644 650.3 652.3 650.4 650 639.5 664.9 680.9 707.2 709.3 680.7 657.4 682.6 702.6 717.3 748.2 723.7 703 719.6 746.7 748.5 753.9 798.4 823.7
540.5 549.8 568.6 570.6 566.5 580.5 608.1 597.2 580.5 573.2 562.9 555.9 569.8 538.1 534.4 570.7 603.5 580.5 536.8 518.9 518.5 532.9 522.3 519.7 536.5 556.4 566.7 566.8 548.9 551.8 555.5 545.8 546.6 552.6 540 531.7 539.7 543.7 548.7 558.6 575.5 583.7 594.6 573.5 582.1 584.5 575.1 595.6 654 660.9 659.5 627.5 650.6 678.9 663.4 654.2 652.3 640.4 672.7 684.9 721.9 722.1 715.3 691.1 691.7 731.3 719.7 707.6 731.9 731.1 721.5 728.9 764.2 709.9 736 789.7 800.3
531.8 534.3 534.6 548.7 557.3 549.7 550.8 548.1 558.5 583.8 585.4 557.9 538.6 573.8 557.7 569.8 598.9 581.9 543.5 529.6 534.8 587.3 603.2 575 572.6 586.8 584.6 582.2 561.3 576.8 546 552.7 569 574.2 550.4 536.8 544.4 553.6 561 580.7 597.8 603.1 606.8 576.9 586.1 598 598 614.5 604.5 613 604.1 603.6 627.8 678.7 690.1 670.3 660.7 666.2 663.3 688.2 755.9 752.2 705 694 719.4 722.4 705.2 716.6 711.1 704.7 688.6 695.3 706.8 667.6 679.2 711 700
530.6 549.6 550 545.6 553.2 539.8 535.2 541.9 572.3 588 571.7 553.2 555.2 556.9 590.9 595.3 593 591.4 566.3 547.6 553.1 570.8 608.7 600.8 585 576.9 572.4 573.9 556 563.9 545.7 552 566.9 562.1 547.8 542.5 558 568.3 561.7 580.3 600.3 600.6 599.5 603.1 623.1 635.9 640 667.4 640.6 612 621 654.9 619.3 645.1 673.9 679.3 679.8 684 707.1 652 726.5 741.8 739.8 752.5 757.7 755.2 737.2 718 720 685 648 664.6 673.3 653.4 704 700.9 727
526.7 549.6 562 544.4 541.3 539 538.4 541.6 562.7 576.9 573.1 566.9 575 594.9 610.7 617.2 614.4 618.7 608.7 572.4 555.5 595.4 596.9 594.8 579.3 578.8 595.2 583.2 574.2 553.8 543.9 551.2 556.8 560.3 560 554.7 569.7 588.2 582.7 618.3 662.7 662.8 628.4 618.5 614.9 635.7 624.6 644.7 647 642.4 635.5 633.4 608.8 640.3 684.8 685.3 669.9 693.4 722.5 708.5 724.2 791.6 786.7 771.7 769.3 752 687.1 691.2 683.3 670.5 654.6 644.9 663.2 690.1 723.2 636.7 651.5
533.6 -9999 536.8 545.8 542.5 544.8 558.5 544.9 550.4 566.1 572.8 572.9 579.6 613.1 619.2 599.3 599.4 617.3 615.1 590.3 569.1 599.1 586.3 578.6 570.5 572.4 575 572.2 558.4 551 556.5 557.8 548.6 545.9 556.3 562.6 569.7 567.6 572.4 598 644.5 666.8 655 647.6 607.6 622.4 606.8 624 622.4 632.6 641.1 642.2 619.7 634 657.3 649.3 653.4 687.9 705.5 725.7 771.9 854.9 849.7 815.8 789 763.3 708.6 669.6 711.5 669 644 666.8 692.2 675.3 648.1 611.5 632.2
589.4 569.5 555 552 547.3 540.1 550.7 560.5 548.4 552.6 567.7 588.4 591.1 610.7 610 609.6 597.2 595.3 615.9 622.4 591.1 578.7 583.3 576.8 579.7 575.2 557.5 555.5 561.9 579.2 550.6 546.7 540.4 550.9 563.3 565.9 569.1 552.8 560.6 570.7 584.9 609 631.9 636.4 601.5 604.9 574.1 576.6 594.4 598.4 623.6 643.9 625.9 650.2 656.4 651.9 684.2 743.3 755.8 761.5 758.3 849.2 826 838.1 820.8 804.3 734.2 671.7 704.3 648.1 648.8 664.9 662 630.8 626.7 663.1 683.5
579.7 565 555.7 542.4 541.6 542.3 568.9 563.9 547.5 545.1 554.2 582.8 599.9 620.2 597.5 604.5 595.4 600.7 628.7 639.4 600.3 585.4 606.4 614.1 619 607.2 583.9 573 581.2 584.6 569.9 556.9 546.4 538.3 538.1 537.9 537.6 551 563.4 557.3 558.9 578.6 604 609.1 596.5 589.8 553.4 576.4 565.8 570.7 618.3 656.4 616 602.1 623.4 668.1 698.9 713.5 736.5 790.9 800.6 809.5 778.4 764.3 752.6 757.6 697.3 725.6 724.1 636.1 658.4 650.7 644.6 643.6 606.2 638.5 678.6
568.9 -9999 557 548.2 546.4 543.7 554.7 567.2 563.9 555 555.3 569.7 579.2 603.2 587.4 595.7 594.9 620.5 641.4 635.5 607.4 595.4 618.4 633.8 638.4 632.4 617.7 595.1 582.1 592.7 578.9 564 562.7 561.9 553.4 549.3 541.2 540.9 550.7 561.7 566.5 578.1 600.7 596.5 584 567.5 566.2 605 579.6 553.7 567.5 600.8 615.8 576.3 595 626.4 661.2 695.7 767 835.5 744.7 747 803.6 787.6 731.8 716.4 709.1 672.9 606.2 602.9 611.7 622.4 635.2 652.3 693.8 731 637.2
565.9 564.5 549.6 552.2 565.4 567.7 565 571.9 586.7 579.5 576.5 589.4 609.2 606.7 584.5 615.5 620.9 621.2 628.6 642.8 652.8 628.9 620.1 608.3 623.4 640.6 630.8 612.8 599.7 596.1 581.8 566 567.3 567.4 557.9 551.1 555.7 542.4 576.8 588.8 605.4 595.1 583.4 578.6 572.7 578.6 550.6 594.3 581.6 563.8 565.3 576 575.7 554.9 556.7 568.5 614.6 633.3 668.2 727.5 682.2 674.3 723.7 715 663.4 696.7 741 685.4 600.9 688.1 683.4 674.3 662.9 640.9 636.7 647.6 584.4
551.2 548.1 548.1 551.2 553.2 560.6 562.9 580.9 578.5 572.7 573.9 586.5 603.2 603.6 597.8 601.4 616.4 622.6 641.8 678.5 694 657.3 618.4 602.1 607.2 625.4 632.1 628.3 618.6 604.2 596.1 577.7 569.3 559.9 558.1 557.2 557 543.5 569.6 572.4 570.2 572.2 560.8 550.3 536.2 524.7 558.6 575.7 577.6 567.6 580 600.2 600 601.7 572.2 553.2 549.4 580.7 648.9 691.2 660.8 631.8 649 655.4 615.1 639.1 743.6 723.3 628.4 598.9 632.5 662.9 633.8 640.8 657.8 610.7 553.1
554.7 553.2 541.4 541.9 558.9 556.4 558.2 571.9 571.5 569.9 572.6 579.2 590.6 599.7 622.5 633.8 635.9 629.1 642.8 662.9 663.6 651.9 639.8 661.6 642.9 623 627.9 632.2 623.3 609.4 593.1 580.6 565.5 560.2 566.3 569.5 573.8 560.9 562.8 560.9 562.7 577.8 567.3 549.4 539.4 519.4 527.5 550.3 556.5 532.2 544.2 571.7 570.7 540.2 520.7 563.8 528.2 567 637.6 639 606.1 610.9 648.6 648.4 626.1 598.9 613.6 652.1 582.9 569.5 584.2 600.2 598.1 600.2 585.8 547.1 525.5
563.7 560.3 551 544.4 552.7 566.4 568.6 591.6 576 583.2 592.8 601.8 616.8 601.7 621.4 625.5 637.7 638.1 638.8 661.9 662.2 638.8 646.7 674.6 670 633.8 619.3 618.4 615.3 605.5 603.4 584.7 567.7 567.5 578.4 599.9 612.2 580.4 579.5 570.3 565.5 569.4 560.8 554.2 552.4 531.5 552 599 529.3 522.9 507.9 502.5 493.8 482.1 481.3 483.1 541.2 532.7 575.4 631.6 626.7 635.6 696.1 745.2 684.2 672.8 596 615.1 578 554.9 621.7 607.9 549.7 549.4 557.3 515.1 472.9
565 561.5 557.6 559.4 549.4 549.9 546 557.9 566.3 584.3 602.7 619.9 621.1 600.5 609.4 627.7 655.8 675.7 653.7 670.4 674.9 646.6 683.7 697.7 662 654.7 630.6 608.3 598.9 602.3 605.8 600.1 578.4 577.3 576.3 585.7 594.5 584.8 596.2 601.8 597.4 583.3 580.8 567.3 561 559.8 578.1 548.6 497.2 488.2 471.7 458.1 452.3 452.8 447.6 468.6 500.1 546.3 588.3 629.3 626 604.2 632.5 711.3 661.2 651.5 605.9 547.5 550.1 565.9 606.6 597.8 545.8 509.4 497.4 489.2 481.3
563.2 566.8 570.2 564.6 558.3 555.2 550.8 550.5 570 580.4 581.8 607.8 623.6 614.6 625.2 631.1 638.3 659 662.9 688.3 682 659.1 665.4 672.1 693 657.3 632.1 626.2 618.1 604 584.1 599.2 582.7 565.6 557.6 560.5 561.3 559.9 588.1 631.9 632.2 624.5 623.7 609.5 602 588.4 560.1 537.3 489 469.7 453.9 449.2 446.3 442.5 457.8 479.8 464.7 504.3 546.5 602.1 614.7 547.5 579.2 711.6 613.8 597.5 577.6 543.8 530 573.2 610.9 564.9 560.1 520.7 482.4 471 489.2
577.2 574.1 -9999 553.9 546.5 552.6 568.7 578.3 606.9 605.5 630.7 643 661.5 676.6 698.9 706.7 703.7 661 677.6 698.1 699.3 683.7 658.7 616.5 628.2 638.4 649.8 659.7 641.6 623.2 575.6 565.3 569.8 560.1 550.1 539.4 535.3 534 543.9 570.7 596.2 611.6 621.7 607.5 587.2 554.8 535.1 514.5 497 477.2 456.3 442.9 436.6 436.7 453 461.7 483.9 469 478.4 504.6 519.9 505.9 518 498.7 491.1 492.8 504.1 524.9 542.8 566.2 581.3 708.4 696.6 669.6 572.2 496.5 469.4
565.2 563.1 -9999 549.6 548.3 559.4 571.9 583.2 593.7 591.7 609.5 644.3 690.3 732.8 732.8 734.3 684.5 653.2 659.5 688.1 699.9 683.8 668.7 664.6 620.5 623.9 659.4 661.7 631.6 619.7 581.9 578.8 564.7 553.8 543.8 546 543.3 535.9 530.3 536.7 556.4 578.4 569.6 557 571.7 555.9 515.1 507.9 471.4 464.8 450.8 437.1 433.7 444.9 458 470.7 466.1 453.2 465.5 478.3 507.1 515.4 483.3 484.5 490.4 503.3 506 516.5 515.2 527.6 567.9 628.5 608.5 636.8 573.4 509.4 485.6
578 589.2 570.5 -9999 546.5 574.9 604.7 612.9 639 653.6 636.2 630.7 649.1 681.9 691.2 707.5 652.5 636.2 657.1 689.3 705.5 693.4 674.9 661.8 625.1 608.4 617.1 644.8 612.5 596.7 616.2 625.7 568.9 553.1 535.8 543.9 539.6 524.9 522.3 530.2 533.2 537.9 544.6 535.7 539.3 526.3 505.4 495.5 475.7 468.7 444.7 436.1 437.8 439.2 442.5 449.3 457 443.7 459.7 463.9 462.8 465 486.5 492.1 523.7 544.7 535 530.8 537.9 541.8 523.8 519.8 523.6 568.4 558.2 566.5 569.2
568.2 581.9 567.4 553.7 544.2 544.9 551.8 576.9 607.5 598.1 599.2 587.2 595.3 659.8 653.3 643.3 632 638.8 637.3 668.2 697.2 695.8 668.9 641.2 621.7 590.9 617.4 616.3 594.8 589.4 629.2 623.5 587.6 554.4 543.2 557.8 564.6 551.7 545.1 539.4 526.2 524.1 535.3 532.3 527.7 507.1 495.1 487.9 469 461.7 451.3 439.6 436.1 433.5 440.4 444 448.2 456.7 458.9 446.2 444.1 445.3 461 483.4 479.7 468.4 527.2 532.1 546.3 559.4 534.2 561.7 570.2 540.6 546.5 601 589.3
552.7 554.4 554.7 541.5 535.6 534.4 542.1 558.9 565.4 547.3 600.8 611.3 625.5 668.7 659.9 634.1 643.7 611.3 612 625.5 667.4 698.1 688.3 647.9 616.6 606.4 622.1 611.9 605.1 608.9 611.2 638.3 624.5 601.3 606.1 589.5 578.4 559.6 539.9 537.2 530.3 527.7 522.7 524.1 513.1 496.4 479.4 484.2 471.3 452.1 459.9 451.2 436.5 429.8 433.2 437.7 440.7 466 448.3 434.4 437.3 457.4 464.6 462.2 455.8 471.9 487.3 490.6 490.2 512.5 548.3 601.3 687.5 564.1 558.4 531.1 511.2
559.7 543.2 543.5 547.7 529.7 533.6 548.4 556.1 543.4 578.6 585 596 599.2 662.5 665.5 652.2 604.7 580.8 576.3 582.3 629.2 661.5 654.2 640.1 633.4 631.5 627.6 600.5 630.2 638.1 633.7 663.6 701.3 665 615.8 636.5 621.2 585.9 558.6 540.7 535.6 508.3 509.4 510.8 505.8 496.5 486.5 471.8 462.5 460 447.5 444.6 448.4 433.6 424.8 440.9 452.4 465.7 448.8 436.7 436.9 448 448.6 455.7 464.3 470.7 490.4 489.9 496.8 535.4 568.2 545.7 541 521.2 620.4 534.8 482.9
567.6 550.8 547.2 540.7 527.9 536.9 541.8 537.1 542.1 562.3 563.7 585 569.2 617 635 632.9 599.8 568 540.9 572.1 580.5 584.3 589 599 614.6 624.3 633.2 625.4 645.2 665.7 674.7 694.1 723.7 668.9 641.1 655.2 637.8 605.4 579.4 558.3 544.5 519 505.4 498.5 491.9 485.2 478.1 469.5 447.6 446.7 439.9 437.9 437.6 423.5 420.8 429.6 439.8 455.1 457.8 438.7 434.8 446.5 453.9 471 479.4 464.3 486.4 484.4 498.5 525.4 524.1 509.6 584 488.3 578.5 535.9 509.7
579.2 575.1 556.9 531.6 530.4 549.4 551.4 535.8 544.8 563.2 540.9 579.1 566.6 568.5 572.8 580.4 597 559.2 521 552.8 581.9 573.7 556.1 561.8 572.8 583.3 626.3 640.1 667.4 673 665.1 679.9 687.8 671.7 664.9 672.1 644 602.1 567.4 552.3 548.5 526 507 501.2 483.9 474.5 474.9 475.3 449.9 450.6 436.1 434.7 428.2 418 420.4 434.4 440.8 446.6 441.8 427.7 431.6 440.5 457.6 461.5 463.5 457.2 475.9 474.4 476.8 508.1 523.7 519.5 572.6 503.9 514 515.1 459.3
585.2 572.6 561.1 545.2 542.1 539.4 544.2 539.1 534.4 544.7 541 577.9 570.2 541.8 551.8 557.7 559.2 562.4 523.8 538.9 549.6 564.8 546.8 533.5 531.3 553.2 577 579.4 627.3 624.6 611.2 623.7 628.9 631.9 639.9 664.4 644.6 618.7 586.4 560.1 542.8 514 505.9 496.4 474.9 469.5 479.2 480 463.9 444.1 436.2 441.9 439.6 416.5 421.7 432.4 435.4 428 419.1 415.2 429.1 444.3 442.7 434 438.8 436.5 445.4 465.3 470 466.9 470.6 487.2 495.4 511.7 483.5 467.3 438.7
581.6 550.9 544 541.8 530.6 528.9 538.3 531.4 516.4 523.8 541.2 567.4 560.6 532.6 536.7 549.3 554.7 546.6 531.6 504.6 520.8 523.3 543 563.7 552.7 512.9 509 516.7 552.4 576.3 557 567.3 575.7 576.7 598 637.4 631.5 607.3 601.5 574.3 530 515.8 496.8 486.4 468.4 467.6 471.9 465.4 459.6 451.1 437.5 426.1 437.3 424 421.4 423.4 415.3 411.2 402.8 407.1 413 414.5 418.6 430.2 443.4 450.5 452.3 477.8 488.8 469.1 459 471.8 470.2 437.4 416.3 413.3 413.7
566.8 548.1 542.5 528.9 519.8 531.5 531 522.8 515.3 526.8 541 560.3 544.3 518.8 510.4 528.8 553 533.4 518.3 501.8 482.4 486.3 508.6 524.7 530.6 523.3 501.1 493.6 504.9 539.1 539.3 549.7 558.2 557.9 569.5 610.8 612.2 585 572.4 566.6 546.2 508.3 483.1 480 464.4 468.7 484 478.8 440.5 449.2 449.7 429.5 415.5 414.2 418.4 416.6 402.5 396.2 399.4 404.7 410.5 408.9 409.6 428.8 441.7 447.5 468.1 470 491.2 492.6 486.3 488 471.7 428.7 413.9 411.4 417.4
546.3 542.1 546.4 528 519.4 532.9 532.2 536.2 533.2 521 534.7 531.2 529.9 518.8 509.3 501 525.6 522.4 504.7 486.1 484.7 484.2 491.1 496.8 506.8 506.5 504.9 554.6 520.6 505.2 520.9 519.4 520.5 524.9 543.2 544.7 557.7 559.9 549.7 549 544 501.8 480.8 471.3 465.2 455.5 464.7 457.5 434.1 443.4 451 459.7 417.2 418.2 418 408.8 397.4 394.4 395.4 409 403.3 428.2 439.4 441.1 446.5 456.2 469.8 462.6 467.5 499.2 492.8 464.2 453.9 445.6 396.2 400.7 433.9
543.8 555.3 548.9 533.4 512.9 521.1 538.6 549.5 540.9 521.2 508.5 528.1 517.9 508 503.1 490.8 -9999 518.3 497.8 479.3 476.9 468 477.9 499.1 506.8 491.3 483.2 502.1 535.6 513.6 486.8 489.1 495.1 498.9 497.1 495.4 530.8 525.1 503.2 497.5 496.2 489.6 476.9 470.2 468.6 450.3 447.9 447.6 436.5 437 448.4 465 422 415.1 410.4 407.4 410.9 413.7 418.2 423.5 413.1 409.3 415.6 418.5 436.5 469.4 469.6 473.8 462.1 476.8 479.7 460.1 451.7 447.5 414.5 408.8 438.5
564.3 583 548.8 541.9 523.2 518 517.5 533.7 539.8 520.4 500.9 507.7 509.9 507.3 519.3 510.1 503.9 507.3 488.5 486.2 471.1 471.6 477 494.8 493.3 473.4 471.5 480.9 469.2 494.7 508.7 504.8 497.6 498.8 505.4 518.8 579.3 550.8 526.7 521.9 516.5 522.3 527.5 484 467.1 463.5 450 439.9 435.1 426.6 425 432.3 442.6 421.4 415.2 416.9 418.8 419.2 397.9 407.1 419.1 424.8 427.9 441.6 458.4 472.2 475.8 479.4 484.5 480.6 478 470.6 467.7 458.1 432.6 453.3 452.8
533.8 548.8 558.1 533.4 516.9 502.7 506 509.3 511.8 509.7 506.9 496.8 511.8 506.8 516.4 511 495.3 490 479.4 481.4 478.1 486.1 484.6 481.6 486.6 480.7 468.6 461.7 458.4 481.3 528.2 504.9 497.9 514.6 535.2 561.5 583.7 585.4 600.2 589.1 587.4 574.9 538.1 492.2 466.8 462.8 448.3 441.9 431.1 421.4 419.9 430.2 441.5 423 416.1 416.9 415 415.9 403 403.9 410.5 420.4 411.3 418.7 470.1 485.9 476.3 459.1 470.3 472.3 473 479.8 483.1 470.6 482.3 498.2 478.2
517.7 524.6 524 516.6 495.3 475.2 485 501.3 498.5 492.5 493.4 495.8 512.9 502.9 519 508.8 492.2 481.6 469.7 475.8 502.6 513.9 505.5 480 474 481.2 473.8 457.5 459.5 491.4 495.4 488.9 485.3 487.1 496 521.7 564 572.7 560.4 551.7 528.5 517.7 511.4 470 466.3 452.7 445.8 445.2 434.5 431.4 423 419.6 419.1 417.9 417.6 420.7 421.8 410.5 416.6 415.8 410.4 413.7 406.9 424.8 440.2 478.6 483.5 444.6 429.8 448 472.9 456.1 467.3 506.5 482 428 449.9
519.3 519 524.6 512.2 -9999 463.9 483.4 500.5 501.5 491.2 491.2 503.6 519 498.9 491.4 500 504.8 479.9 467.4 492 500.3 493.4 492.7 480.1 467.5 461.5 455.4 446.1 448.5 450.2 482.9 492 503.2 504.2 503.4 509.8 569.8 592.8 551.7 524.4 512.3 503.7 485.4 464.4 460.2 451.2 448.1 450 440.6 446.9 430.1 426.9 422.1 421.5 427.7 437.4 433.8 410.1 411.4 418.4 432.4 417.5 421.3 443.8 475.9 485.3 476.7 436.9 445.6 452.2 520.7 510.4 457.2 459.4 446.6 392 405
492.3 495.5 485 458.3 446.9 464.1 457.8 460.7 466 476.2 499.4 509.5 499.5 474.1 473.6 488.7 493.5 483.3 471.4 466 469.1 459.3 452.2 459 451 446.4 453 446.5 441.9 440.4 445.4 462.3 483.4 480 487.9 510 522.6 501 509.2 490.6 473.7 459.5 453.8 458.4 456.3 458.1 461.5 463.5 455.9 444.8 436.4 431.7 430.4 437.3 439 469.2 465 447.2 458 495.4 488 426.8 411.9 430.1 442.6 456.7 449.5 464.2 456.1 456.4 487.4 475 479.7 448.9 423.7 405.6 374.3
495.6 490.7 473 455.9 448.8 461.1 458 466.9 476.3 488.6 498.1 489.3 485.2 478.1 469.1 471.6 478.6 479.6 481.1 473.8 468.8 452.3 448.7 448 443.4 444 443.6 443.2 442.9 435.4 442.4 447.6 454.7 464.3 474.1 479.6 476.7 467.3 470.5 459.4 448.8 447 454.9 456.1 459.8 465.2 470.8 457.4 458.4 453.2 443.9 442.7 448.8 451.6 465 546 518.9 481.4 494.6 525.7 482.4 457 441.7 444.5 457.8 450.4 431.7 428.1 426.2 441.3 459.5 453.4 507.5 562.3 510 447 429.4
