features/re_bio10.asc
ncols         768
nrows         589
xllcorner     124.299398925
yllcorner     32.893460211367
cellsize      0.010567299164062
NODATA_value  -9999
[rows 320 to 351 of 589, columns 360 to 431 of 768]
25.9733 26.04796 26.3309 26.16781 26.40588 26.6319 26.44935 25.91692 25.14204 -9999 24.82057 25.59509 25.76735 25.96573 26.5324 27.03903 27.22276 27.47602 27.58022 26.86505 27.44692 27.63692 27.50559 27.47867 27.79846 27.85168 27.841 27.89867 27.97247 28.01599 28.07914 28.01853 27.75082 27.55219 27.81692 27.83889 27.90871 27.54771 27.51609 26.99079 26.3091 25.75118 25.3429 26.25161 25.54907 25.64484 25.66448 25.45925 24.99742 24.41269 24.5071 24.33319 25.66552 26.62029 26.83806 25.32806 25.39097 26.08764 26.00488 24.85556 26.46957 26.42409 25.74939 25.63445 25.57595 24.96989 24.9905 25.79445 25.85867 25.45878 24.60713 24.98756
25.55713 26.23412 26.66473 26.58975 26.03237 26.49516 26.93968 26.46498 25.44201 24.66373 24.54401 25.43763 25.82444 26.03204 26.30634 26.32172 26.50867 27.42824 27.52391 26.19785 27.19577 26.78391 26.90022 27.28147 27.36394 27.37953 27.31566 27.47928 27.80222 27.97921 28.07366 28.15007 28.14487 28.06649 28.16541 28.08685 27.79484 27.11659 26.49642 26.26444 25.94229 25.55584 26.491 26.98387 26.20602 26.1881 26.07047 26.04201 26.01792 25.58161 25.0795 26.2576 25.73785 26.28448 26.64269 26.21434 26.67652 26.87667 26.22746 25.82892 26.81534 26.39272 25.54283 24.59513 23.81606 23.64588 24.53283 25.87487 26.3891 24.86821 24.87839 25.49498
24.95255 24.97903 26.01692 25.68566 25.55581 26.25251 26.90796 27.11821 26.90552 26.48082 26.33176 26.17333 26.95996 27.12824 27.17287 27.30222 27.24025 27.10774 27.40448 27.27617 27.42204 27.66118 27.63434 27.57667 27.69057 -9999 28.00054 28.04409 28.14763 27.81978 27.91212 28.14806 28.28215 28.14513 27.74753 27.85086 27.95029 27.31186 26.98903 26.40029 25.66194 25.31115 26.14688 27.05932 27.33674 27.35394 27.25323 26.88129 26.61989 26.32416 25.7633 26.0529 26.07118 25.73577 26.72577 27.27409 27.44996 27.34136 26.96914 26.16903 25.73702 25.99466 25.49462 24.90272 25.22373 26.14319 26.88885 26.99993 26.84914 26.39796 25.85875 25.189
23.62935 23.41961 25.67287 25.35491 25.82079 26.49405 26.91828 27.05645 26.87409 26.48301 26.56226 26.64817 26.83072 26.86882 27.03176 27.31978 27.22724 26.93387 27.21763 27.07194 27.18176 27.48602 27.47448 27.44434 27.67982 27.90462 27.84638 27.92978 -9999 28.16068 28.18814 28.25355 28.32351 28.33448 28.26595 28.26921 28.18652 28.02233 27.16591 26.55832 25.51262 24.98738 26.07269 26.58495 27.18075 27.32129 27.52294 27.31968 26.89735 26.62233 26.5362 26.58229 26.55667 26.78624 27.21276 27.71104 27.74964 27.47763 26.93735 26.59774 26.6814 25.95484 25.4914 24.20398 24.34491 25.56165 26.19778 26.40122 27.12398 26.29609 26.62208 25.15602
22.67799 22.60778 25.64495 26.00491 26.3752 26.22649 26.43842 26.86011 27.00559 26.83939 26.79588 26.71233 27.03265 26.69279 27.03724 27.38498 27.23384 26.84158 26.78939 27.11229 26.89265 27.45032 27.73839 27.53975 27.55695 27.83968 27.60789 27.80728 27.97136 28.06806 28.08556 28.17939 28.29609 28.33864 28.30627 28.28 28.10677 27.76201 26.6834 26.34143 25.89348 25.82778 26.36373 26.67627 27.33817 27.21459 27.34298 27.44695 26.9486 26.53706 26.83878 27.25323 27.40287 27.26516 27.57358 27.71115 27.76925 27.53419 27.44269 27.43258 27.10864 27.11878 27.1753 26.10237 25.76778 25.78964 25.88875 26.65326 26.40566 26.3328 27.01366 26.13047
23.37763 23.58319 26.2376 26.65484 27.07115 27.15462 27.21767 26.96233 27.0047 27.45889 27.40244 27.48932 27.5576 27.34792 27.43914 27.11441 26.73971 26.52792 26.38011 26.41774 26.61452 27.05824 27.59606 27.69588 -9999 27.87222 27.83018 27.72796 27.91176 27.9267 27.7929 27.9814 28.18491 28.28731 28.30498 28.20376 28.07301 27.47057 25.869 25.25401 25.52566 26.07039 26.02986 26.5076 27.15036 27.3148 27.35738 27.581 27.13867 26.77412 27.13398 27.63882 27.64548 27.62287 27.82982 27.85394 27.81061 27.70957 27.58875 27.39068 27.26068 26.99455 27.46011 27.1328 26.95803 26.98448 26.49 25.43212 25.01212 25.30581 25.89613 26.53835
24.28004 25.53763 26.84394 27.03505 26.17122 26.32011 26.16581 26.67649 27.29807 27.46545 27.56315 27.52297 27.1209 27.42186 27.22315 27.14516 26.8486 26.77136 27.06788 26.97083 27.07308 27.2114 27.55677 27.54728 27.57792 27.78326 27.87 27.87344 27.96075 28.04437 27.72573 27.82996 28.06072 28.20767 28.25226 28.18821 28.00975 27.51294 26.75523 26.65753 26.66864 26.76115 26.81871 27.11462 27.11444 27.40849 27.48613 27.62667 27.44129 27.33118 27.3962 27.43946 27.62452 27.82211 27.85588 27.86376 27.88993 27.87176 27.7466 27.62448 27.68022 27.32143 27.51839 27.15545 27.04807 27.08419 26.79409 25.81462 24.54172 24.40344 24.19638 26.12975
25.18477 25.98036 26.6647 26.47778 25.03867 25.43219 24.86383 25.3519 25.98129 26.10513 26.58548 26.80172 27.3633 26.72993 26.79036 27.12255 27.01796 26.88878 27.06713 26.95925 27.04362 26.93473 27.50007 27.6105 27.50118 27.59219 -9999 27.98839 28.06577 28.15832 28.11498 28.11391 28.10953 28.14663 28.16505 28.09222 28.01842 27.68609 27.21219 27.16932 27.21667 27.25785 27.31018 27.41574 27.50821 27.56108 27.73735 27.66452 27.71577 27.73878 27.6352 27.56638 27.71326 27.65552 27.88781 27.85839 27.85491 27.85609 27.81588 27.77219 27.73312 27.62652 27.5552 26.94538 27.2228 27.22301 26.48498 25.45018 24.73172 24.8467 25.12394 26.22201
26.07183 26.05039 26.23004 26.12695 24.97462 24.86806 24.67789 25.03889 25.86828 26.40075 26.5519 27.20921 27.17656 27.24713 26.96405 26.93369 27.0205 26.9053 26.82294 26.94667 27.31936 26.10204 26.48011 27.12505 27.44516 27.5943 27.76774 27.91652 -9999 28.15928 28.15495 28.11487 28.13007 28.15409 28.12158 28.0171 27.93559 27.88875 26.92613 27.04957 27.38455 27.3233 27.23054 27.56598 27.47452 27.4681 27.58025 27.80577 27.88982 27.87251 27.85756 27.84792 27.86312 27.85437 27.9738 27.8419 27.60108 27.59025 27.64584 27.61427 27.71767 27.7928 27.83778 27.36606 27.03125 26.30416 25.40319 24.84477 24.93986 25.6281 27.3795 27.47849
25.71767 25.77778 26.17914 26.08896 25.86161 26.34975 26.52258 26.77147 27.09857 27.29853 27.20409 26.8291 26.23903 26.10312 27.08118 27.31817 27.28358 27.27265 27.36265 27.4919 27.68226 26.73236 26.56684 26.92072 27.46645 27.79154 27.86552 27.9319 28.06237 28.14269 28.11799 28.0734 28.07534 28.10588 28.13864 28.11043 27.94835 27.76767 27.49928 27.62412 27.79935 27.44419 27.22602 27.66079 27.75577 27.27258 27.28538 27.60441 27.85932 27.93656 27.94308 27.97143 27.941 27.80495 27.70878 27.69703 27.53473 27.39355 26.95853 26.66918 27.0043 26.82269 27.93004 27.65111 26.46269 25.6748 24.88573 24.44161 24.97036 26.38348 27.73735 27.6895
25.10606 25.28021 25.89763 26.25957 27.08885 26.96832 26.84212 27.00846 27.23115 27.45617 27.58229 27.48771 27.54409 27.10308 27.25419 27.78434 27.42158 27.45405 27.50817 27.07036 27.43545 27.68918 27.45255 27.25692 27.44703 27.76764 27.91201 -9999 28.06014 28.05796 28.09064 28.10165 28.10369 28.02971 27.96344 27.95588 27.92115 27.7643 27.78982 27.68043 27.73473 27.40681 27.26312 27.6172 27.81534 27.80498 27.3848 27.73197 27.88445 27.84201 27.64921 27.70789 27.9214 27.50362 27.05935 26.88269 26.43376 25.89867 25.44717 25.32201 25.53824 25.67896 27.19315 27.72642 26.4571 25.51423 25.42455 25.23308 25.54946 27.16319 27.53953 27.48939
25.44315 25.46165 26.58685 26.87165 26.99222 26.75301 27.18251 27.27821 27.28348 27.4128 27.36821 27.10728 27.38982 27.85409 27.37595 27.7471 27.88738 27.74401 27.30194 26.90262 27.23842 26.98387 27.58215 27.86003 27.92416 27.93147 27.93681 27.93473 28.01204 27.96122 28.10914 28.17108 28.18082 28.13738 27.96018 27.86455 27.9724 27.92989 27.80667 27.85007 27.63208 27.26179 27.24125 27.51799 27.63663 27.89283 27.76581 27.68932 27.82215 27.77907 27.56448 27.62513 27.81237 27.55452 27.5038 26.08477 25.70681 24.47846 24.41097 25.0576 25.2719 25.93398 26.47541 27.3196 27.20817 26.17606 26.15685 26.59534 26.63226 26.82502 27.53674 27.20208
25.43556 26.30097 26.89556 26.86842 27.15118 27.14466 27.47531 27.1805 27.17272 27.53699 27.57731 27.2781 27.71943 27.35319 27.75068 27.81093 27.50351 27.4462 27.45781 27.34305 27.61427 26.87849 26.60477 26.62229 27.47004 27.76509 27.7652 27.90767 27.84104 28.05996 28.08072 28.04595 28.15061 28.20914 28.12444 28.04742 28.00609 27.8134 27.16 27.59247 27.56151 27.42738 27.47319 27.57685 27.58885 27.58746 27.69122 27.65559 27.65125 27.53043 27.48706 27.46849 27.34749 27.1609 27.3081 26.31115 25.70441 24.89946 24.96158 25.37556 25.77409 26.6138 27.09642 27.58756 27.67276 26.96337 25.70154 26.1447 27.28609 27.45703 27.41004 27.27172
25.74541 26.0771 26.48262 26.84674 27.26968 27.5786 27.08405 27.12953 27.46111 27.49717 27.37631 27.44237 27.68462 27.5652 27.3629 27.65129 27.66774 27.74728 27.70308 27.5395 27.39158 27.74358 27.75566 27.40609 -9999 27.78989 27.76946 27.86412 27.85283 27.44677 27.90538 27.7738 27.86441 28.01247 28.03531 28.02452 28.02448 27.92308 27.71846 27.43559 27.59552 27.44613 27.50491 27.68244 27.60186 27.42409 27.71498 27.28681 27.14613 27.02491 27.3181 27.19527 26.78634 26.67889 26.611 26.14473 25.71394 25.76466 26.45814 27.02548 26.92857 26.73394 27.40484 27.84968 27.74029 26.8848 25.6195 25.68032 26.89211 27.50975 26.9462 26.97247
26.30427 26.34133 27.04466 27.03609 27.40362 27.63548 26.86226 27.29943 27.69423 27.71161 27.56996 27.59039 27.77935 27.9086 27.33699 27.58545 27.88509 27.85681 27.83699 27.86624 27.46097 27.59792 27.47502 27.52473 27.76509 27.83663 27.66756 27.57624 27.72412 27.87409 27.97294 27.40534 27.87957 28.02541 28.09402 28.0853 28.04373 27.98713 27.97971 27.44806 27.67695 27.70749 27.52878 27.26208 27.17724 27.42857 27.47032 26.63362 26.46842 26.69889 26.83129 26.65814 26.4952 26.63437 26.76627 26.31265 25.15731 25.27778 25.95527 26.70659 27.27814 27.53849 27.57667 27.79204 27.56534 26.62885 26.52294 27.18269 27.71591 27.78237 27.54265 27.08634
27.04341 27.17398 27.38409 27.31573 27.50509 27.62814 27.32254 27.6348 27.66728 27.71935 27.74645 27.77229 27.86742 27.88118 27.681 27.6071 27.66251 27.76007 27.85624 27.90165 27.6534 27.85527 27.60885 27.81968 27.85885 27.84717 27.71409 27.72419 27.85007 27.85222 28.11735 27.73907 27.96774 28.10581 28.06746 28.09896 28.14914 28.05125 28.06459 28.0133 27.88803 27.44125 27.509 27.40695 27.19383 27.30814 27.1243 27.01509 26.42685 26.63606 26.99502 26.67007 26.4328 26.869 27.38405 26.8805 26.03068 25.58488 25.6305 26.09298 26.55129 26.99434 27.36792 27.01796 27.55778 27.5709 27.56584 27.66283 27.37495 26.88943 26.73491 26.81896
27.26075 27.40867 27.51237 27.60606 27.50405 27.67061 27.68043 27.66534 27.51742 27.65208 27.75082 27.61685 27.46333 27.49018 27.55018 27.79749 27.51896 27.52606 27.70663 27.85452 27.82229 27.69893 27.86003 27.82674 27.85735 27.83717 27.56616 27.55039 27.83735 27.9033 28.11946 27.87935 27.99477 28.13283 28.03043 28.07505 28.1729 28.1391 28.04584 27.92713 27.83247 27.65824 27.33914 27.53341 27.7429 27.46634 27.09616 27.03358 27.24258 27.15631 27.52272 27.20649 26.92168 27.18896 27.44222 26.80538 26.62824 26.49821 26.37627 26.52559 26.79118 26.94692 27.24366 27.78018 27.80591 27.69599 27.80871 27.5952 27.04645 26.54237 26.21204 26.0153
27.24574 27.12412 27.49165 27.58971 27.47688 27.69677 27.69258 27.71118 27.55219 27.61179 27.27233 27.01448 27.11914 27.12079 27.7281 27.90799 27.8428 27.79581 27.74788 27.61642 27.71165 27.65308 27.41842 27.41631 27.80111 27.81903 27.75258 27.66419 27.70301 27.9371 28.05659 28.10122 28.13516 28.15018 28.16079 28.1553 28.16624 28.18588 27.92602 27.56118 27.18118 26.79803 26.95043 27.04133 27.32595 27.53713 27.01212 26.51785 27.3805 27.5629 27.66685 27.16846 27.20441 27.60907 27.59753 27.06194 26.85767 27.1643 27.32663 27.04502 27.02731 27.22774 27.37419 27.90265 27.74867 27.61376 27.70172 27.4524 27.34591 27.03846 26.64075 26.53097
27.42624 27.60237 27.62434 27.58208 27.49308 27.46613 27.31276 27.45215 27.10616 27.39964 27.34713 27.05531 26.9919 27.17409 27.73025 27.87559 27.89968 27.89849 27.91355 27.85785 27.62545 27.5548 27.0647 27.4576 27.79125 27.86932 27.80728 27.69957 27.75075 27.9652 28.00652 28.0386 28.13649 28.17853 28.16315 28.20007 28.20659 28.12713 27.90215 27.51538 26.73538 25.70323 25.3686 25.02487 25.83362 27.23538 27.32029 26.64914 27.43168 27.78265 27.79753 27.73785 27.56452 27.64108 27.71452 27.27509 27.27817 27.64792 27.68348 27.4081 27.03441 26.77215 27.03935 27.73871 27.67993 27.54244 27.43871 26.90957 26.79226 26.6571 26.33771 26.10143
27.52086 27.68072 27.47323 27.30154 26.94932 27.02215 27.32004 27.7334 27.34753 27.29072 27.31505 26.91631 26.72749 27.34219 27.70437 27.82229 27.84448 27.82566 27.82749 27.82699 27.53452 27.21186 27.10473 27.80756 27.85835 27.81835 27.69706 27.73007 27.86326 27.95312 27.97373 28.01452 28.1276 28.08283 28.06753 28.15004 28.15434 28.03484 27.82717 27.48495 26.7647 25.85298 26.07588 25.90308 26.10584 26.38989 26.25581 26.56849 26.04082 27.2552 27.66556 27.59272 27.77573 27.96448 27.92254 27.56416 27.78763 27.7957 27.78681 27.62143 27.30097 26.89391 26.93229 27.62283 27.81688 27.65308 27.43305 27.09764 27.05835 26.62591 26.44437 26.88369
27.22 27.00685 27.26882 27.17412 27.27534 27.22516 27.31746 27.58161 27.62774 27.58986 27.44455 27.22753 26.81556 26.45907 26.77738 27.5091 27.23022 26.86735 26.5924 26.0934 27.10645 27.22993 27.44441 27.7229 27.36161 -9999 27.89573 27.98236 27.90466 27.85835 27.90412 27.92484 28.01595 28.18111 28.17918 28.18781 28.08764 27.94839 27.87208 27.58753 26.69262 26.55527 26.75082 27.17885 27.39337 27.10935 26.70513 26.71469 27.13204 27.64229 27.75821 27.73563 27.68699 27.84007 27.59072 27.1786 27.19566 27.15674 27.74459 27.76183 27.68244 27.39677 27.11032 27.26179 27.77602 27.68667 27.41835 27.38229 27.07333 27.06376 26.98122 27.02505
27.27735 27.34143 27.06437 26.7829 27.1057 27.30563 27.32516 27.5457 27.63717 27.49631 27.26749 27.16136 27.08455 26.88849 26.76702 27.06143 26.42025 26.35982 26.44333 26.50936 26.57298 26.83369 27.19559 27.16416 27.86624 27.88706 27.95039 27.96932 27.98459 28.0047 28.03323 28.04545 28.06276 27.71781 28.10771 28.15444 28.10212 27.97262 27.93 27.73595 27.05215 26.7338 26.69853 27.22043 27.2876 26.75047 26.44749 26.88244 27.18029 27.51179 27.88032 27.74885 27.68986 27.8605 27.86018 27.67871 27.42631 27.21269 27.66 27.8052 27.74484 27.64502 27.49448 27.43541 27.65215 27.76634 27.67502 27.3505 27.40405 27.2472 27.38226 27.42014
26.98631 27.46853 26.99283 26.86882 27.03072 27.37846 27.28294 27.51025 27.62645 27.53763 27.23409 27.18968 27.33294 27.28412 26.97176 26.55462 25.99258 26.57534 26.97613 27.07398 26.96376 27.17448 27.39437 27.55143 27.96409 27.96509 27.80251 27.93498 27.8105 27.86957 -9999 28.1348 28.07054 27.99541 27.80534 28.03498 27.93254 27.92272 27.9771 27.78516 27.37835 27.24434 27.25609 27.26645 26.83039 26.65287 26.89208 27.29699 27.63312 27.52211 27.62875 27.84563 27.74029 27.941 27.95914 27.74186 27.61193 27.15821 27.24283 27.62685 27.71469 27.69756 27.64541 27.59943 27.58824 27.59842 27.74803 27.68061 27.7033 27.60204 27.63462 27.52979
27.29484 27.20021 26.95043 27.05466 26.99047 27.01459 27.27692 27.49416 27.56996 27.2914 27.24369 27.03545 27.22427 27.38161 26.95251 26.46749 26.55548 26.68333 26.52875 26.7019 27.3186 27.32731 27.6848 27.84298 27.98606 27.95021 27.75832 27.43237 27.5876 27.63179 27.69839 28.1176 28.00853 28.03925 27.97204 27.66774 27.90706 28.0505 27.93032 27.9981 27.79531 27.45007 27.07939 26.64427 26.24728 26.3981 27.16172 27.79538 27.82301 27.81556 27.47437 27.55186 27.71412 27.93979 27.9557 27.5815 27.60265 27.459 27.1167 27.57036 27.69204 27.68907 27.67932 27.68681 27.69419 27.60351 27.251 27.39516 27.52584 27.28366 27.21846 27.28394
26.74516 26.98731 27.1481 27.22315 27.26678 27.27143 27.34011 27.26326 26.99118 27.14957 27.16136 27.07781 27.21885 27.3847 27.35882 27.34391 27.40362 27.39065 27.1471 27.21387 27.41624 27.50186 27.72179 27.86043 27.98319 27.91477 27.71054 27.69753 27.82197 27.96409 28.05531 28.00018 27.76115 27.71039 27.93645 27.76545 28.04846 28.11688 28.0429 27.96878 27.81735 27.21763 26.41473 26.41957 26.44387 26.43061 27.06176 27.79753 27.87627 27.94842 27.96061 27.7585 27.37663 27.73749 27.9134 27.55975 27.09093 26.64588 27.351 27.48824 27.68427 27.7152 27.6847 27.68789 27.59943 27.46169 27.47161 26.67656 27.49007 27.0028 26.46441 26.79348
26.85806 27.23283 27.24814 27.47226 27.47362 27.34348 27.25351 27.38065 27.37312 27.2929 27.17663 26.95025 26.77441 26.51616 26.669 27.41068 27.47685 27.40978 27.22333 27.61466 27.66681 27.79348 27.93333 27.9386 27.89505 27.92996 27.93168 27.95889 -9999 28.01871 28.049 27.96197 27.98312 27.90391 27.95161 27.8776 28.03989 28.11047 28.03319 27.9985 27.8743 27.45875 26.85789 27.10663 27.21244 27.07154 27.21817 27.63531 27.80756 27.64312 27.66602 27.99566 27.80319 27.91047 27.81918 27.58871 27.17022 26.74047 26.86233 27.24115 27.65298 27.66645 27.64161 27.66161 27.70312 27.58097 27.16534 26.81702 26.42674 26.5352 26.42695 26.82197
26.91455 27.21878 27.46918 27.45509 27.55617 27.53681 27.44237 27.51405 27.36323 27.00545 26.9781 26.81581 26.56835 26.4509 26.78079 27.39796 27.33498 27.08699 26.96979 27.32305 27.79136 27.85115 27.89011 27.87918 27.88136 27.81849 27.85244 28.09444 27.97595 27.8424 27.69613 27.78864 28.11685 27.91032 28.12032 28.09649 28.05416 28.0824 28.08258 28.07394 28.01093 27.91172 27.82892 27.65448 27.34136 27.07566 26.97448 27.19559 27.48717 27.54287 27.76867 27.76978 27.91964 28.03215 27.88792 27.74806 27.59043 27.34846 26.91728 27.0053 27.24663 27.41165 27.6576 27.76609 27.73806 27.69878 27.57581 27.31867 27.58254 27.40022 27.13939 26.31645
27.15584 27.35466 27.49961 27.5747 27.64315 27.71918 27.68229 27.45566 27.22681 26.93251 26.97401 27.10645 26.92731 26.86745 27.18667 27.51541 27.42871 27.41236 27.36584 27.51405 27.46624 27.63968 27.7567 27.76108 27.83706 27.82512 27.67978 28.0162 27.83867 27.71943 27.58337 27.73444 28.10165 27.83437 28.23118 28.28151 28.15756 28.12391 28.0871 28.0491 28.07978 27.99799 27.49179 27.26588 27.13276 27.21692 27.35351 27.45548 27.39599 27.23219 27.27559 27.51803 27.601 28.02341 27.9848 27.78785 27.80692 27.5924 27.29158 26.91398 26.85735 27.42258 27.6957 27.82982 27.83556 27.77376 27.7533 27.70656 27.67358 27.16667 26.88029 26.63509
27.16624 27.76344 27.43459 27.56717 27.69738 27.63011 27.52495 27.51735 27.44896 27.20817 26.55394 26.4633 27.13255 27.4743 27.5219 27.62169 27.69441 27.66161 27.12197 27.22158 27.68197 27.8186 27.80247 27.75907 27.92161 27.74269 27.52237 28.07398 28.10419 27.84326 27.68599 27.90631 28.17118 28.00728 28.07477 28.28491 28.16616 28.15111 28.12312 28.16337 28.12652 28.09602 28.05169 27.95699 27.74215 27.1705 27.54903 27.88538 27.86075 27.70495 27.48803 27.88613 27.78695 27.9405 27.75602 27.69179 27.87545 27.52534 27.07265 27.14842 27.28362 27.38222 27.65702 27.84165 27.89749 27.90717 27.88204 27.71821 27.48168 26.73896 27.07423 27.07767
27.58104 27.78416 27.5443 27.49333 27.57692 27.57498 27.4828 27.42957 27.17799 26.78466 26.76878 27.1652 26.69498 26.57247 27.09541 27.52631 27.4762 27.43394 27.73771 27.64233 27.78817 27.4324 27.33606 27.6571 27.81735 27.44595 27.60624 28.1329 28.17817 28.08401 -9999 28.01806 28.01692 27.91362 27.96516 28.311 28.2219 28.16215 28.12756 28.13204 28.07104 27.95667 28.03699 27.98595 27.47484 27.67226 27.22624 27.53817 28.05025 27.9371 27.80979 28.13792 28.17846 28.01025 27.6691 27.73201 27.74272 27.29523 26.84172 27.19559 27.55534 27.4295 27.50756 27.71265 27.89054 27.96039 27.90186 27.65842 27.12548 26.84057 27.39935 27.59072
27.61921 27.81244 27.8343 27.84405 27.76384 27.70634 27.63692 27.38405 26.93391 26.31237 26.8667 26.59882 26.54445 27.03065 27.2238 27.06312 27.10197 27.36029 27.77599 27.82616 27.23419 27.18552 27.45789 27.71179 27.66946 27.51889 27.73133 27.91122 27.73222 27.68212 28.01907 28.14832 27.89735 27.73122 28.01631 28.30122 28.3285 28.23613 28.15269 28.11466 28.10283 28.10609 28.04387 27.70505 27.2386 27.15595 26.91996 27.11979 27.67419 27.82598 27.31452 27.12638 27.51667 27.7986 27.87276 27.81713 27.75176 27.63835 27.46943 27.44996 27.52272 27.69068 27.54749 27.55222 27.6785 27.8528 27.91523 27.72373 27.35337 27.40939 27.30971 27.6505
27.79201 27.83416 27.86907 27.74978 27.56412 27.53065 27.5166 27.3028 26.75936 25.81229 26.24599 26.03584 26.58366 26.58337 26.68004 27.05011 27.32147 27.38211 27.78796 27.78176 27.40817 27.3419 27.6129 27.84835 27.73774 27.72369 27.67609 27.7286 27.73652 27.75294 27.88011 -9999 27.94738 27.73143 27.93814 28.20656 28.3524 28.33064 28.2429 28.19961 28.15394 28.08749 27.89255 27.75878 27.57609 27.82581 27.89129 27.86183 27.94728 27.89086 27.66599 27.84402 28.0971 27.97004 27.9147 27.93064 27.90781 27.83047 27.74552 27.73394 27.7129 27.92143 27.78161 27.70011 27.66756 27.71459 27.80169 27.7076 27.41122 27.53774 27.16677 27.60778
