features/re_bio15.asc
ncols         768
nrows         589
xllcorner     124.299398925
yllcorner     32.893460211367
cellsize      0.010567299164062
NODATA_value  -9999
[rows 310 to 340 of 589, columns 213 to 283 of 768]
-9999 -9999 -9999 -9999 -9999 -9999 -9999 -9999 -9999 -9999 -9999 -9999 -9999 -9999 -9999 -9999 -9999 0.9944103 0.9980991 1.001076 0.9992115 0.9923095 0.986697 0.9830593 0.9764304 0.9688544 0.9589205 0.9640128 0.9585183 0.955784 0.9527173 0.9492012 0.9506105 0.9556576 0.9512752 0.9451145 0.9428701 0.94757 0.9476984 0.9530091 0.9594065 0.9575042 0.9539896 0.9493232 0.9463397 0.9456552 0.9472283 0.9440295 0.9471938 0.9461465 0.9452996 0.9411729 0.9395365 0.9394893 0.933112 0.9216855 0.9023089 0.9017103 0.8985496 0.9017368 0.9074887 0.9061265 0.9053981 0.901412 0.9071379 0.9035911 0.9029498 0.9026167 0.9002997 0.9003084 0.9008952
-9999 -9999 -9999 -9999 -9999 -9999 -9999 -9999 -9999 -9999 -9999 -9999 -9999 -9999 -9999 -9999 -9999 -9999 0.9892135 0.9957459 0.9957319 0.9893475 0.9841042 0.9810711 0.9728405 0.9654303 0.9645754 0.9617186 0.9553004 0.9549658 0.954318 0.951618 0.9530736 0.9571612 0.9478964 0.9444137 0.9480466 0.9473682 0.9473264 0.9505571 0.9570986 0.9529635 0.9522341 0.9529032 0.9394862 0.9451935 0.9447839 0.9421945 0.9439331 0.9435912 0.9413588 0.9377589 0.9370162 0.9293844 0.9287236 0.9296138 0.9168367 0.9067881 0.902653 0.9026546 0.9074813 0.9106232 0.9074775 0.901669 0.9005538 0.8993993 0.8999281 0.8975168 0.8916671 0.895484 0.8959104
-9999 -9999 -9999 -9999 -9999 -9999 -9999 -9999 -9999 -9999 -9999 -9999 -9999 -9999 -9999 -9999 -9999 -9999 -9999 -9999 0.9903668 0.984341 0.9812751 0.9757186 0.9671031 0.9742076 0.9677579 0.9630934 0.9593467 0.960027 0.9585944 0.9546056 0.9559081 0.9512745 0.9441684 0.9440711 0.9529912 0.9519452 0.9488143 0.9460818 0.947995 0.9472843 0.9532784 0.9532921 0.9425251 0.9420632 0.9427698 0.9412538 0.9400246 0.9400546 0.9369379 0.9266621 0.9278923 0.9300801 0.9298112 0.9297522 0.9194617 0.9090341 0.8998177 0.9006784 0.9048542 0.9042413 0.8983653 0.8979873 0.8947261 0.8925074 0.8908144 0.8840362 0.8990602 0.8933427 0.8936357
-9999 -9999 -9999 -9999 -9999 -9999 -9999 -9999 -9999 -9999 -9999 -9999 -9999 -9999 -9999 -9999 -9999 -9999 -9999 -9999 -9999 -9999 -9999 -9999 0.9829588 0.9745988 0.965428 0.9626173 0.9611087 0.956934 0.9575394 0.9551905 0.9510761 0.9494669 0.946973 0.9570935 0.9592173 0.955967 0.9492982 0.9505438 0.9483922 0.9462942 0.9516624 0.9513858 0.9476687 0.9420663 0.942125 0.938149 0.9286231 0.9300696 0.9290053 0.9254286 0.9272313 0.9271008 0.9229319 0.9208495 0.9154608 0.9028576 0.8944659 0.8950159 0.8968316 0.8939062 0.89603 0.8953673 0.8891737 0.8936846 0.8908698 0.8921028 0.8895305 0.8905793 0.8868979
-9999 -9999 -9999 -9999 -9999 -9999 -9999 -9999 -9999 -9999 -9999 -9999 -9999 -9999 -9999 -9999 -9999 -9999 -9999 -9999 -9999 -9999 -9999 -9999 0.9831529 0.9648799 0.9628798 0.95491 0.9488829 0.9579288 0.960886 0.9611804 0.9623457 0.9628637 0.9630143 0.9624289 0.9618499 0.9624638 0.9607399 0.9581491 0.9573961 0.9582512 0.9551523 0.9500018 0.9432178 0.9489062 0.9400413 0.9294646 0.9234976 0.9212945 0.9223231 0.9181218 0.9178916 0.9176815 0.9178692 0.9164521 0.9153588 0.9062201 0.8929546 0.894762 0.8929551 0.8867758 0.8870586 0.8901407 0.8857352 0.8815926 0.8837834 0.8908127 0.8915722 0.8914807 0.8910269
-9999 -9999 -9999 -9999 -9999 -9999 -9999 -9999 -9999 -9999 -9999 -9999 -9999 -9999 -9999 -9999 0.9597538 -9999 -9999 -9999 -9999 -9999 -9999 -9999 0.9826863 0.9767668 0.9638147 0.9581321 0.9582269 0.9639409 0.9600197 0.9619145 0.9625566 0.9647131 0.9687728 0.9622471 0.961898 0.958842 0.9623464 0.9603543 0.9582497 0.9586719 0.9597178 0.9584504 0.9420741 0.943923 0.9272719 0.915213 0.9135895 0.9145297 0.9129628 0.9149576 0.9103066 0.9119377 0.9148197 0.9132119 0.9112097 0.9068851 0.8941709 0.8969396 0.8911536 0.8848386 0.8881001 0.8869178 0.8787215 0.8908006 0.8894755 0.8903923 0.8924237 0.8878042 0.8876495
-9999 -9999 -9999 -9999 -9999 -9999 -9999 -9999 -9999 -9999 -9999 -9999 -9999 0.9523346 0.958892 0.9574436 0.9589657 0.9583499 0.9576139 -9999 -9999 -9999 -9999 -9999 0.9743928 0.9699542 0.9641678 0.9609844 0.9628519 0.963591 0.9651232 0.9644846 0.9652326 0.9677601 0.9673556 0.9640415 0.9581009 0.9620777 0.9634777 0.9607384 0.9560729 0.955667 0.9559188 0.9562641 0.9357803 0.9248641 0.9122615 0.909375 0.9109309 0.9124828 0.9104131 0.9094055 0.9110382 0.9105674 0.9094059 0.9087567 0.9068863 0.904131 0.8947219 0.8891793 0.8869594 0.8970873 0.8907339 0.8873875 0.8880105 0.8924098 0.890068 0.8901357 0.8918459 0.8851594 0.8841884
-9999 -9999 -9999 -9999 -9999 -9999 -9999 -9999 -9999 -9999 -9999 -9999 -9999 0.9521987 0.9499778 0.9569995 0.9587006 0.9521966 0.9456581 0.9422768 -9999 -9999 -9999 -9999 0.968295 0.9703196 0.9619516 0.9593709 0.9604032 0.961349 0.9622939 0.9618652 0.9644983 0.968395 0.9662315 0.9631582 0.9628034 0.9628683 0.9599577 0.9566903 0.9543889 0.9514953 0.9513867 0.9502173 0.9344864 0.9220963 0.9142985 0.9104849 0.9095104 0.9097831 0.9090608 0.9108845 0.9122911 0.908363 0.9067887 0.9030964 0.8999607 0.8980334 0.8929805 0.8811556 0.8866783 0.889178 0.8917009 0.8908203 0.8883659 0.8925706 0.889883 0.8925565 0.8923395 0.8929052 0.8824594
-9999 -9999 -9999 -9999 -9999 -9999 -9999 -9999 -9999 -9999 -9999 -9999 -9999 0.9489229 0.9493181 0.9466577 0.954666 0.9459501 0.9439256 0.9468853 -9999 -9999 -9999 -9999 0.9579449 0.9717228 0.9593155 0.9586044 0.9591812 0.9572087 0.957434 0.9582564 0.963734 0.9700907 0.9635807 0.9600629 0.9628989 0.9620748 0.9585863 0.9564093 0.9536313 0.9537657 0.9484817 0.9471458 0.9338417 0.920436 0.9143747 0.9105807 0.9054565 0.905145 0.9055098 0.9035771 0.9031555 0.8980422 0.8995859 0.8992264 0.8931599 0.8889546 0.8967112 0.8906987 0.8860325 0.8844466 0.8874472 0.8880158 0.8864113 0.8860186 0.8863617 0.8906707 0.8950599 0.8945126 0.891049
-9999 -9999 -9999 -9999 -9999 -9999 -9999 -9999 -9999 0.9514827 -9999 -9999 -9999 0.9458153 0.9471686 0.9452074 0.9550197 0.9460752 0.9453543 0.9378249 0.9374275 0.9403454 -9999 -9999 0.952269 0.963158 0.9587548 0.957517 0.9587821 0.9575457 0.9586763 0.9568447 0.964 0.966877 0.9663762 0.9637525 0.9600413 0.9621968 0.9586812 0.9563339 0.9542775 0.9492576 0.9421464 0.9382633 0.9300969 0.9185818 0.9144557 0.9131211 0.9112427 0.902756 0.9112313 0.9032574 0.8925701 0.8953562 0.8957251 0.8970334 0.8946189 0.8914903 0.8995785 0.8966262 0.8943327 0.881325 0.8878399 0.8888986 0.8853017 0.8832981 0.8953963 0.8995186 0.8960255 0.8960738 0.9017251
-9999 -9999 -9999 -9999 -9999 -9999 -9999 -9999 -9999 0.952054 0.9507744 -9999 -9999 0.945296 0.9494883 0.9531328 0.9429516 0.9380971 0.9367479 0.9349051 0.9346647 0.9367269 0.9399054 0.9423004 0.9488999 0.9536875 0.9560789 0.9542816 0.9545765 0.9587454 0.9584869 0.9579588 0.9643832 0.9639487 0.9641537 0.9620343 0.9622697 0.9626638 0.9596427 0.9577094 0.9534459 0.9446444 0.9448186 0.9384592 0.9299299 0.9148087 0.9145312 0.910948 0.9110675 0.9115252 0.9197154 0.9061972 0.8964319 0.8926827 0.8920395 0.8942079 0.8898683 0.8840476 0.8888866 0.8925246 0.8870311 0.8803007 0.8859638 0.8908259 0.8857412 0.8835355 0.8917707 0.8878742 0.8932436 0.9014706 0.8952573
-9999 -9999 -9999 -9999 -9999 -9999 -9999 -9999 0.9620273 0.9554222 0.9559029 0.9566235 0.9527 0.9539981 0.9483635 0.941215 0.9373544 0.9358543 0.9341074 0.9326289 0.9370806 0.9393473 0.9416268 0.9435937 0.9466012 0.9499641 0.9510725 0.9538714 0.9550168 0.9593607 0.9567243 0.9534921 0.9561309 0.9580478 0.961146 0.9578626 0.9571028 0.9569575 0.9582336 0.957041 0.945897 0.946447 0.9446776 0.9378068 0.9281802 0.9142593 0.9100595 0.9077561 0.9056703 0.9089497 0.9136563 0.9235517 0.9057379 0.8965585 0.8898428 0.8885923 0.887237 0.8820139 0.8892265 0.8912063 0.8832356 0.8896414 0.8863975 0.8850489 0.8750945 0.8881689 0.8864633 0.8992059 0.9078106 0.8999228 0.8968276
-9999 -9999 -9999 -9999 -9999 -9999 -9999 0.9754897 0.9645618 0.9660363 0.960924 0.957099 0.9533926 0.9595798 0.9612171 0.949964 0.9474048 0.9412296 0.940601 0.935383 0.9433749 0.9482577 0.9496107 0.9502377 0.9535385 0.9494543 0.9597337 0.951259 0.9463286 0.9491472 0.9483483 0.9498991 0.951729 0.9576283 0.9548717 0.9546513 0.9554605 0.9570295 0.949886 0.9475486 0.9484534 0.9480964 0.9488907 0.9448199 0.9263359 0.916499 0.9128728 0.9155433 0.920083 0.9261706 0.9227681 0.9048326 0.9053817 0.8988453 0.8915622 0.8872223 0.8859228 0.8888386 0.8909031 0.8925122 0.894895 0.8844732 0.8814183 0.8798222 0.8825839 0.8841963 0.8931679 0.899433 0.9083439 0.9045569 0.9015821
-9999 -9999 -9999 -9999 -9999 0.9781175 0.9769922 0.9724453 0.9721214 0.9653514 0.9618902 0.9587194 0.9663775 0.9709048 0.9680353 0.9552227 0.9506401 0.9438753 0.9435293 0.9373186 0.9452417 0.9407021 0.9442553 0.9488134 0.9468112 0.9483386 0.9408444 0.9436908 0.9427482 0.9492559 0.948322 0.9506382 0.9516099 0.9538735 0.9528525 0.9552454 0.9551896 0.9471944 0.9451424 0.9465522 0.9473954 0.9472871 0.9496008 0.947701 0.9227286 0.9205256 0.915578 0.9192656 0.9083371 0.9171975 0.9075133 0.9063319 0.8996601 0.8969882 0.8919001 0.8866335 0.8886349 0.8949119 0.8939013 0.8847119 0.8878998 0.8874708 0.8870023 0.8847301 0.8825414 0.8913008 0.8899354 0.892949 0.8983123 0.9026022 0.9036458
-9999 0.9664946 0.9709426 0.979898 0.981033 0.9869136 0.9793951 0.9772536 0.9788925 0.9820051 0.980132 0.9706082 0.9623554 0.9640864 0.965687 0.9652684 0.958677 0.9525791 0.9454941 0.9414911 0.9463803 0.9397311 0.9360206 0.9393815 0.9406852 0.9446538 0.9378681 0.9420441 0.9422986 0.9435225 0.9450667 0.9479601 0.9486086 0.9527729 0.9456861 0.9475948 0.946992 0.947258 0.9479694 0.9451407 0.942313 0.9424496 0.9431837 0.9410636 0.9256191 0.9265514 0.9235853 0.9141827 0.9105408 0.9056986 0.9055759 0.9059656 0.9030374 0.9014505 0.8932229 0.888976 0.888864 0.8913475 0.8947175 0.8815177 0.8822598 0.8851318 0.8948736 0.8989065 0.8983093 0.8967837 0.8961112 0.8972516 0.901989 0.9027256 0.907264
0.9640428 0.9574772 0.9618383 0.9716882 0.9587273 0.958992 0.9767424 0.9737848 0.9796222 0.990531 0.9880764 0.9664984 0.9649558 0.9655393 0.9672646 0.9667274 0.9601506 0.9466727 0.9463968 0.9385104 0.9378933 0.9332128 0.9337682 0.9344317 0.9389391 0.9395901 0.9386765 0.9399506 0.938906 0.9447924 0.9477378 0.9480542 0.9407361 0.9462309 0.9445738 0.9448009 0.9471278 0.9471675 0.9474411 0.9469677 0.9478301 0.9450154 0.9472244 0.9486426 0.9442517 0.9327391 0.9270117 0.9165007 0.9161722 0.9130078 0.908598 0.9054672 0.9029163 0.896826 0.8937511 0.8926376 0.8912588 0.9000371 0.8996754 0.8953426 0.8914357 0.8936979 0.8937232 0.8988391 0.8992273 0.9016218 0.9039952 0.9044734 0.9069877 0.9077157 0.9134027
0.9538846 0.9568002 0.9649466 0.9672427 0.9680235 0.9704595 0.9871697 0.9831958 0.9797537 0.9814121 0.9801595 0.9682871 0.9658929 0.9655207 0.9639231 0.963707 0.9610574 0.9458328 0.9424556 0.9332884 0.9321938 0.9347981 0.9344012 0.937593 0.936388 0.9352373 0.9389637 0.9388192 0.9428881 0.9439082 0.9449371 0.9437088 0.945071 0.948021 0.9463442 0.9446771 0.9466386 0.9428759 0.944638 0.9475586 0.9501057 0.9539247 0.9522613 0.9540451 0.948268 0.9445436 0.9268327 0.9230391 0.920694 0.9196684 0.9089333 0.916887 0.9164045 0.9064827 0.8991202 0.8978412 0.8998603 0.9026847 0.9020098 0.9008894 0.8946387 0.8977618 0.9008856 0.9018498 0.9001964 0.9065336 0.9067873 0.9047582 0.915251 0.9177389 0.9153844
0.955569 0.9595601 0.9582747 0.9636335 0.9788117 0.9885928 1.000341 0.9961624 0.9911892 0.9852147 0.9698618 0.9681364 0.9706845 0.9646796 0.9627702 0.9594762 0.9577643 0.9511635 0.9429027 0.9379151 0.932583 0.938633 0.9434543 0.9495087 0.9466553 0.9374889 0.9387031 0.9387751 0.9405629 0.9427494 0.9465348 0.9458801 0.9471483 0.955828 0.945528 0.944217 0.9412919 0.9421164 0.9437417 0.9474978 0.9516175 0.9564416 0.9545664 0.9525944 0.9529444 0.943409 0.926568 0.9219321 0.9221494 0.9185269 0.9129792 0.9155933 0.9108181 0.9047327 0.902616 0.9047166 0.9047362 0.9045947 0.904287 0.906958 0.9001416 0.9027185 0.9051853 0.9041463 0.9059638 0.9091839 0.9136273 0.912602 0.9277949 0.9230141 0.919573
0.9514185 0.9539277 0.9625196 0.9684769 0.9795074 0.9900667 0.9977646 0.9910492 0.9944976 0.9912173 0.975122 0.9746751 0.971486 0.967401 0.9639484 0.9594146 0.9571138 0.9551607 0.9499729 0.9517046 0.9463788 0.9491475 0.9435864 0.9469844 0.938507 0.9396988 0.9391448 0.9449168 0.9419728 0.9433468 0.9402795 0.944123 0.9473758 0.9577357 0.9548402 0.948743 0.9436884 0.9440075 0.9432293 0.9458253 0.9520816 0.9559311 0.9585221 0.9577608 0.9543388 0.9354709 0.9291336 0.9345251 0.9320214 0.9241012 0.9235176 0.9196315 0.9216179 0.9099125 0.9071302 0.9081309 0.9105693 0.9148347 0.9173049 0.9141867 0.9115542 0.9029949 0.9100348 0.9137608 0.911604 0.9069939 0.9190932 0.9274853 0.9308802 0.9256592 0.9220676
0.9515672 0.92597 0.9586737 0.9727556 0.977227 0.9835051 0.9936299 0.996179 0.9905948 0.9932703 0.9857236 0.982384 0.9811283 0.9792982 0.9762428 0.9640906 0.9599057 0.9553045 0.9515783 0.9559507 0.9512011 0.9496812 0.9545655 0.9523085 0.9350823 0.9283935 0.9462537 0.9505868 0.9432079 0.942991 0.9399164 0.9453355 0.947467 0.954986 0.9533777 0.9502892 0.9488263 0.9467249 0.9476253 0.9490201 0.9533633 0.9580184 0.9582188 0.9601032 0.9543944 0.9471211 0.9395342 0.9434817 0.9422005 0.9397869 0.9384754 0.9395844 0.9365982 0.9244877 0.9180789 0.913117 0.9084406 0.9133052 0.9183977 0.9175208 0.9137781 0.9318464 0.925155 0.921348 0.9103562 0.9085639 0.9112545 0.9177912 0.9203056 0.9276106 0.927421
0.9187713 0.9231341 0.9510515 0.9762692 0.9603497 0.9821323 0.9937153 0.9906228 0.9841608 0.9885467 0.9898946 0.9888324 0.9862894 0.9825031 0.9792762 0.9730119 0.9611574 0.9569152 0.9508048 0.9541233 0.9531581 0.9477138 0.9561657 0.9541913 0.945129 0.9368418 0.9381337 0.9474949 0.945839 0.9390154 0.9398077 0.9438927 0.9438912 0.9506885 0.9488651 0.9480501 0.950198 0.9521999 0.9523508 0.9536827 0.9546784 0.9568605 0.9611669 0.9714345 0.9641041 0.954361 0.9543178 0.9564546 0.9544832 0.951555 0.9486029 0.9483578 0.9462988 0.93949 0.9268731 0.9208202 0.9182265 0.923803 0.9258372 0.9267238 0.9295978 0.9358766 0.9244966 0.9241443 0.9245254 0.9236354 0.9155189 0.918444 0.9287649 0.9307325 0.9290919
0.9210442 0.92403 0.9459851 0.9611363 0.985709 0.9861851 0.9883193 0.983803 0.9818475 0.9882903 0.9875875 0.988473 0.9850152 0.9823298 0.9753053 0.9711252 0.9671423 0.9575078 0.9520128 0.9525532 0.9592891 0.9563697 0.9522347 0.9522501 0.944599 0.9414721 0.9375017 0.9328604 0.9381372 0.9298668 0.9435645 0.9442926 0.943153 0.9479438 0.9462429 0.9469724 0.9496695 0.9480756 0.9510657 0.95664 0.9556215 0.9613032 0.9711568 0.9810426 0.9725366 0.9615737 0.9667777 0.9647056 0.9638091 0.9647371 0.9613413 0.9573259 0.9589135 0.9483721 0.9346007 0.9329192 0.9292438 0.9332731 0.9346609 0.9355431 0.9432902 0.9274294 0.9316771 0.9308853 0.9302493 0.9248022 0.9261843 0.9212298 0.9233202 0.9241833 0.9244694
0.9576036 0.9622203 0.9548519 0.973708 0.9940832 1.001974 1.000457 0.9881828 0.9881451 0.9909856 0.9869072 -9999 0.9812952 0.973143 0.9683818 0.9706287 0.9656798 0.9623204 0.9561276 0.9609838 0.9615074 0.9484316 0.9571196 0.9489359 0.9237007 0.9259976 0.9232343 0.9220631 0.9234718 0.9164203 0.9266919 0.9305581 0.9432725 0.9476845 0.9416233 0.9453527 0.9467534 0.9375606 0.9436161 0.9538152 0.9602392 0.9673812 0.9746201 0.9815781 0.980082 0.9742938 0.9801114 0.9773511 0.977473 0.9743797 0.9677699 0.9634927 0.9620731 0.951758 0.9457037 0.9415305 0.9367414 0.9414948 0.9417177 0.9420968 0.9404268 0.9433283 0.934009 0.9331613 0.9323539 0.9284519 0.927066 0.9269317 0.9241382 0.9248403 0.9273037
0.9608718 -9999 0.9844808 -9999 -9999 -9999 -9999 -9999 -9999 -9999 -9999 -9999 0.9796204 0.9741202 0.9691419 0.9654619 0.9634677 0.9624217 0.9620916 0.9565732 0.9541396 0.9440991 0.9404156 0.9314855 0.9161339 0.9133683 0.9071466 0.9050672 0.9037734 0.9064967 0.9101586 0.9122865 0.9165462 0.9465704 0.9452878 0.9354417 0.9322881 0.9376786 0.9442315 0.9519988 0.9585355 0.9668252 0.979609 0.9816583 0.9919676 0.9901852 0.9841983 0.9841171 0.9852811 0.9831209 0.9801809 0.9773391 0.9655663 0.9589559 0.9523355 0.9477125 0.9428548 0.9394317 0.9416913 0.9517398 0.9446945 0.9535806 0.9394878 0.9344343 0.9316329 0.9417462 0.9422578 0.9288129 0.9238827 0.9251689 0.9265606
-9999 -9999 -9999 -9999 -9999 -9999 -9999 -9999 -9999 -9999 -9999 -9999 -9999 0.969667 0.9737221 0.9599426 0.9545999 0.9521816 0.9602904 0.9534479 0.9512355 0.948181 0.9445239 0.9371964 0.9193574 0.9131346 0.9071884 0.9039055 0.9030737 0.903662 0.903757 0.9060876 0.9138333 0.9149459 0.9123033 0.9329223 0.9358503 0.9357509 0.941723 0.9487218 0.9569705 0.9701295 0.9796625 0.9869015 0.9956725 1.005567 0.9924244 0.9936967 0.9972531 0.9928398 0.9854091 0.982829 0.9763852 0.9725402 0.967758 0.9626443 0.9532397 0.945527 0.950234 0.966048 0.9545028 0.9511255 0.9582308 0.9454763 0.9382251 0.9396574 0.9411715 0.9403526 0.9318713 0.9298232 0.929118
-9999 -9999 -9999 -9999 -9999 -9999 -9999 -9999 -9999 -9999 -9999 -9999 -9999 0.9695465 0.9764786 0.9617355 0.9603344 0.9636148 0.9547235 0.9448674 0.9435139 0.9466222 0.938254 0.9260232 0.9216961 0.9181833 0.9003258 0.8973569 0.8964939 0.902999 0.9031519 0.9070583 0.909765 0.9093135 0.9110767 0.9139967 0.9377075 0.9399483 0.9374202 0.9477803 0.95641 0.96173 0.9730333 0.9843735 1.002462 1.009511 0.998481 0.9992067 0.9984741 0.9928321 0.9889058 0.989188 0.9851456 0.9806594 0.9675701 0.9639961 0.9634584 0.9597694 0.9737774 0.9740165 0.9557287 0.9501665 0.9679452 0.9475377 0.9456325 0.9398693 0.9344044 0.9388176 0.9336761 0.9276973 0.929702
-9999 -9999 -9999 -9999 -9999 -9999 -9999 -9999 -9999 -9999 -9999 -9999 -9999 0.9675983 0.9710892 0.9588767 0.9537149 0.9587748 0.9549652 0.9372262 0.9299104 0.9358266 0.9269647 0.9252459 0.9294642 0.9257293 0.9088983 0.9111593 0.9048926 0.9005359 0.8996109 0.8997635 0.9054888 0.9025469 0.9059768 0.9112155 0.9213529 0.9292953 0.932311 0.9449934 0.9530144 0.9669051 0.9781348 0.9900021 1.002786 0.9893977 0.9856557 1.000105 1.001894 0.9992544 0.9978006 0.9897264 0.9841734 0.9814892 0.9728925 0.9681957 0.9616028 0.9593781 0.9865863 0.9851127 0.9628006 0.9507371 0.9566786 0.9631209 0.9457979 0.9468196 0.9412246 0.9342857 0.9372395 0.9188181 0.9324591
-9999 -9999 -9999 -9999 -9999 -9999 -9999 -9999 -9999 -9999 -9999 -9999 -9999 0.9708662 0.9740894 0.9581808 0.9516996 0.9552878 0.9500547 0.940463 0.9303406 0.9358643 0.9217122 0.9233865 0.9281673 0.9256005 0.9113243 0.9060075 0.8974144 0.8967406 0.8976901 0.8933209 0.8906489 0.8929596 0.9038213 0.9058378 0.9099053 0.9141375 0.9424505 0.9495003 0.9657882 0.9814811 0.9951777 1.007214 0.9930036 0.9951498 0.994639 0.984964 0.9860986 1.000259 1.002999 0.9879597 0.9894552 0.9840899 0.9827849 0.9727233 0.9678305 0.9667769 0.9838874 0.9864951 0.9596781 0.9685307 0.9704549 0.9624314 0.9594173 0.9550871 0.9490252 0.9344944 0.9395033 0.9285002 0.9327435
-9999 -9999 -9999 -9999 -9999 -9999 -9999 -9999 0.9603184 0.9592797 -9999 0.9579706 -9999 0.9673064 0.9688802 0.9520302 0.948764 0.9485508 0.9411663 0.9389071 0.9324017 0.9264501 0.925157 0.9201716 0.9226483 0.9189465 0.9013292 0.8976414 0.8878901 0.8854184 0.8887116 0.8902948 0.8839327 0.8903254 0.8945426 0.9061961 0.9045179 0.9283335 0.9334074 0.9573869 0.972512 0.9727124 0.9911118 1.002715 0.9924358 0.9982871 0.9928396 0.9987319 0.9994333 0.9860458 0.9861323 0.990306 0.996639 0.9930484 0.9865349 0.9822891 0.975551 0.9722869 0.9823596 0.9840227 0.9627727 0.9606702 0.9623228 0.9551178 0.9506718 0.9441506 0.9489988 0.9401403 0.9429536 0.9342239 0.9363736
-9999 -9999 -9999 -9999 -9999 -9999 -9999 0.9688467 0.9516745 0.9438466 0.9505605 0.9516784 -9999 0.9544088 0.9522569 0.9508352 0.9516475 0.9415301 0.9321933 0.9225262 0.9177234 0.9134457 0.9209039 0.9180027 0.9118955 0.9062996 0.8959895 0.8928069 0.8834307 0.8820092 0.8877145 0.8893827 0.8804281 0.8899744 0.8893272 0.9054976 0.9077582 0.9373798 0.9456269 0.9502444 0.9528043 0.9632285 0.9849775 0.9946245 0.9787365 0.9854748 0.9846058 0.9948089 1.000392 0.9972529 0.9900339 0.9894505 0.9894828 0.9870895 0.98588 0.9849208 0.9706407 0.9698591 0.9898716 0.9795283 0.9756008 0.9622418 0.9687155 0.9646364 0.9525077 0.9548585 0.9541862 0.9499838 0.9491369 0.9494371 0.9625822
-9999 -9999 0.9442616 0.9171619 0.9126336 0.9465382 0.9372026 0.9284818 0.919733 0.9161343 0.9224915 0.9302703 0.9314934 0.9395126 0.9235055 0.9187884 0.9134777 0.9137092 0.8956052 0.895551 0.8941638 0.8920118 0.8962076 0.9011825 0.8960929 0.8926339 0.8936375 0.8879895 0.8870746 0.8835007 0.8867379 0.891211 0.8787056 0.8832444 0.8924072 0.8972176 0.9154209 0.9188914 0.9125659 0.9225529 0.9277092 0.9353317 0.9426335 0.9637326 0.9656024 0.9683949 0.974703 0.9803789 0.9882523 0.9909538 0.9917017 0.994614 0.9890026 0.9881345 0.9845698 0.9821306 0.9833612 0.9871535 1.010794 1.005904 0.9920873 0.9784267 0.9685393 0.9587324 0.9564595 0.9785072 0.9881987 0.9789391 0.9772477 0.9829953 0.9915883
