features/re_bio9.asc
ncols         768
nrows         589
xllcorner     124.299398925
yllcorner     32.893460211367
cellsize      0.010567299164062
NODATA_value  -9999
[rows 192 to 223 of 589, columns 216 to 287 of 768]
-9999 -9999 -9999 -9999 -9999 -9999 -9999 -9999 -9999 -9999 -9999 -9999 -9999 -9999 -9999 -9999 -9999 -9999 -9999 2.987903 2.943779 2.925192 2.901229 2.830876 2.85 2.791782 2.848502 2.874309 -9999 2.767435 2.813633 2.836329 2.786828 2.766321 2.571813 2.775768 2.681375 2.613019 2.628072 2.660292 2.678072 2.939554 2.976767 2.960791 2.932028 2.917819 2.895622 2.868894 2.938479 2.910791 2.581913 2.519854 2.616398 2.554109 2.329301 2.448617 2.018203 1.978456 1.55722 1.521889 1.881068 1.8899 1.574731 1.465553 1.868894 2.15434 1.985599 1.790246 2.285599 2.407565 2.179992 1.972005
-9999 -9999 -9999 -9999 -9999 -9999 -9999 -9999 -9999 -9999 -9999 -9999 -9999 -9999 -9999 -9999 -9999 -9999 -9999 2.988287 2.956567 2.951459 2.898502 2.829109 2.838556 2.791091 2.819892 2.789247 2.782834 2.802419 2.793011 2.734793 2.71202 2.742703 2.396544 2.646544 2.658717 2.591552 2.595968 2.664708 2.748003 3.022005 2.999693 2.880722 2.819624 2.810791 2.8053 2.80626 2.839439 2.547081 2.280146 2.263441 2.450307 2.442665 2.118203 2.458295 2.337058 1.633372 1.357335 1.951843 2.290515 1.880837 1.82212 1.78775 2.177957 2.406836 2.441436 2.408986 2.391321 2.484639 2.460292 2.272235
-9999 -9999 -9999 -9999 -9999 -9999 -9999 -9999 -9999 -9999 -9999 -9999 -9999 -9999 -9999 -9999 -9999 -9999 -9999 2.867665 2.85169 2.834178 2.820008 2.840707 2.849578 2.81106 2.815975 2.791052 -9999 2.813787 2.812481 2.804032 2.807143 2.797965 2.744624 2.61947 2.6548 2.654685 2.65434 -9999 2.916744 2.994086 3.003994 2.995046 3.002573 2.954109 2.749002 2.483141 2.545776 2.433487 2.191014 2.217972 2.4101 2.514516 2.356759 2.104723 2.227765 1.383026 1.767012 2.25626 2.504109 2.035369 2.190015 2.230952 2.422465 2.56924 2.499193 2.371275 2.410407 2.40361 2.40672 2.248003
-9999 -9999 -9999 -9999 -9999 -9999 -9999 -9999 -9999 -9999 -9999 -9999 -9999 -9999 -9999 -9999 -9999 -9999 -9999 2.854916 2.836214 2.832181 2.828149 2.821044 2.822619 2.819547 2.76778 2.80361 2.808871 2.766897 2.823963 2.860714 2.817051 2.826498 2.822312 2.573771 2.65576 2.886674 2.916513 2.847657 2.980837 3.074885 3.088134 3.065937 3.037058 3.007949 2.900077 2.69735 2.732181 2.769662 2.307258 2.13076 2.193894 2.427419 2.641859 2.309985 1.939708 1.658679 2.008065 2.440399 2.617127 2.251613 2.494432 2.382258 2.585714 2.634869 2.532604 2.455031 2.506221 2.462788 2.333564 1.956836
-9999 -9999 -9999 -9999 -9999 -9999 -9999 -9999 -9999 -9999 -9999 -9999 -9999 -9999 -9999 -9999 -9999 -9999 2.858871 2.847657 2.841014 2.810599 2.807757 2.821544 2.842934 -9999 2.852765 2.771044 2.799232 2.829071 2.848425 2.819201 2.789747 2.854916 2.863518 2.896928 3.029877 3.114362 3.087289 -9999 3.017972 3.121083 3.088134 3.091974 3.131221 3.133141 3.07765 2.980991 2.696275 2.857488 2.835906 2.606183 2.326958 2.378034 2.694009 2.446044 2.344009 1.765131 2.187673 2.637903 2.761636 2.570584 2.42331 2.585369 2.6048 2.435714 2.397158 2.51851 2.589631 2.508256 2.399539 1.918164
-9999 -9999 -9999 -9999 -9999 -9999 -9999 -9999 -9999 -9999 -9999 -9999 -9999 -9999 -9999 -9999 -9999 -9999 -9999 -9999 -9999 2.79977 2.809216 -9999 2.815399 2.812788 2.793126 2.7947 2.821198 2.850691 2.867896 2.907757 2.936405 2.911482 2.941321 3.031567 2.970469 3.089555 3.159255 3.121659 3.053418 3.170123 3.192089 3.156528 3.192934 3.207489 3.155223 3.089247 2.905952 2.783756 2.828149 2.763825 2.751536 2.79616 2.782911 2.662634 2.412865 1.734831 2.467627 2.667742 2.76033 2.530837 2.474501 2.653495 2.597043 2.529263 2.18629 2.09977 2.504186 2.469701 2.465169 2.262558
-9999 -9999 -9999 -9999 -9999 -9999 -9999 -9999 -9999 -9999 -9999 -9999 -9999 -9999 -9999 -9999 -9999 -9999 -9999 -9999 -9999 -9999 -9999 2.881644 2.882143 2.897926 2.91202 2.886137 2.893548 2.918395 2.943702 2.905876 2.849923 2.849347 2.769393 2.896851 2.848886 2.949616 3.036367 3.091129 3.151997 3.196621 3.22884 3.244124 3.174808 3.123733 3.154762 3.215976 3.201075 3.191283 3.051306 2.980184 2.847734 2.764555 2.568856 1.973041 2.410023 2.488057 2.555453 2.597696 2.75937 2.718203 2.456605 2.778687 2.652419 2.790707 2.629493 2.5 2.687596 2.730684 2.635215 2.643817
-9999 -9999 -9999 -9999 -9999 -9999 -9999 -9999 -9999 -9999 -9999 -9999 -9999 -9999 -9999 -9999 -9999 -9999 -9999 -9999 -9999 -9999 -9999 2.861367 2.86129 2.872158 2.896889 2.906682 2.929724 2.950269 -9999 2.992051 3.009601 2.971544 2.922619 2.9447 2.80987 2.919777 3.022389 3.077419 3.128725 -9999 3.177535 3.273848 3.284716 3.291398 3.312634 3.291283 3.21778 3.239017 3.225538 3.079724 2.938902 2.879839 2.8 2.658833 2.687942 2.599385 2.765476 2.766436 2.814747 2.896006 2.731912 2.911021 2.905645 2.870661 2.66755 2.666359 2.877573 2.864324 2.800845 2.599424
-9999 -9999 -9999 -9999 -9999 -9999 -9999 -9999 -9999 -9999 -9999 -9999 -9999 -9999 -9999 -9999 -9999 -9999 -9999 -9999 -9999 -9999 -9999 2.841475 2.842204 -9999 2.900115 -9999 2.922581 2.919969 2.902919 2.933717 2.96129 2.961175 2.948771 2.960215 2.999962 2.9952 3.013095 3.071928 3.152842 3.234601 3.242703 3.251421 3.269086 3.321467 3.340207 3.297734 3.245353 3.267665 3.16659 3.006452 2.880799 2.847389 2.857757 2.792243 2.830184 2.789362 2.781836 2.794124 2.885868 2.931682 2.730722 2.897657 2.894432 2.939401 2.948579 2.923042 2.874232 2.819585 2.729723 2.677343
3.078149 3.060138 -9999 -9999 -9999 -9999 -9999 -9999 -9999 -9999 -9999 -9999 -9999 -9999 -9999 -9999 -9999 -9999 -9999 -9999 -9999 -9999 -9999 -9999 -9999 -9999 2.867204 2.868279 2.877381 2.880607 2.870353 2.877035 2.884562 2.865591 2.87788 2.94328 2.984332 3.000807 2.988172 3.009754 3.081836 3.188172 3.233295 3.228034 3.270891 3.340207 3.350115 3.293203 3.271966 3.255146 3.178418 3.069585 2.927458 2.872197 2.891167 2.887826 2.90023 2.901191 2.818356 2.78076 2.874424 2.973694 2.954109 2.866628 2.629493 2.775922 2.874962 2.870891 2.820661 2.691782 2.33318 1.881029
2.990707 3.011943 3.028303 3.048733 3.038479 -9999 -9999 -9999 -9999 -9999 -9999 -9999 -9999 -9999 -9999 -9999 -9999 -9999 -9999 -9999 -9999 -9999 -9999 -9999 -9999 2.963134 2.959217 2.900653 2.879301 2.90937 2.944816 2.968932 2.956644 2.921928 2.928725 2.959025 2.981836 3.016321 3.022773 3.038518 3.108218 3.170161 3.18149 3.197005 3.25023 3.322427 3.329109 3.293203 3.272081 3.266244 3.233909 3.205146 3.132104 3.025192 2.96563 2.961098 2.944393 3.019931 2.89639 2.945661 2.967972 2.904723 2.871544 2.675346 2.696928 2.746813 2.783909 2.778648 2.70169 2.595353 2.502995 1.835829
3.074616 3.016974 3.023541 3.006144 2.975269 -9999 -9999 -9999 -9999 -9999 3.042819 3.030914 3.041436 3.043011 -9999 3.06202 3.010253 -9999 -9999 -9999 -9999 -9999 -9999 -9999 -9999 2.921275 2.912942 2.889439 2.857105 2.942204 2.965476 2.977535 2.982911 2.97861 2.965131 2.908333 2.944124 3.000461 3.02957 3.021352 3.030069 3.113249 3.124347 3.142012 3.160983 3.20096 3.24881 3.26874 3.235445 3.21851 3.166359 3.150845 3.126267 3.069816 2.99977 2.959293 3.021851 3.01563 2.955952 2.957489 2.92669 2.840054 2.75626 2.784178 2.697773 2.740131 2.733679 2.559216 2.227458 2.024232 2.379608 1.955876
3.017819 3.052803 3.030031 -9999 -9999 2.972811 -9999 2.984063 2.987903 2.979455 2.986521 2.993587 2.992665 3.017742 3.000461 3.009908 2.999654 2.947773 -9999 -9999 -9999 -9999 -9999 -9999 -9999 -9999 -9999 2.972734 2.954608 2.969893 2.964286 2.941859 2.955952 2.993894 3.002842 3.00023 2.94785 2.960138 2.964209 2.98126 2.996774 3.092128 3.10096 3.154416 3.18629 3.179954 3.170776 3.172926 3.165169 3.142972 3.122926 3.10073 3.073157 3.038556 2.995353 2.945353 2.997734 2.974347 2.934831 2.888518 2.897696 2.869393 2.738249 2.827611 2.676421 2.716628 2.717934 2.305991 1.768395 1.759908 2.394048 1.921851
2.92381 2.971083 2.977189 2.961444 -9999 2.95553 2.94374 2.941014 2.942588 2.930914 2.933103 2.954839 2.995315 3.005952 2.987481 2.90384 2.930837 3.010561 3.050307 -9999 -9999 -9999 -9999 -9999 -9999 -9999 -9999 -9999 -9999 -9999 2.958449 2.903687 2.922542 2.958218 2.949885 2.952151 2.935215 2.835215 2.897389 2.957527 2.974846 3.056221 3.129839 3.169931 3.217204 3.222696 3.199193 3.167435 3.09977 3.065054 3.071851 3.023886 3.020661 3.014939 2.991667 2.962903 2.956336 2.950115 2.93053 2.8298 2.804147 2.849232 2.863902 2.818548 2.799923 2.716398 2.655415 2.304685 1.680107 1.41755 2.03533 1.860522
2.866436 2.941398 2.93437 2.917435 -9999 2.904954 2.906644 2.885791 2.909678 2.87331 2.865937 2.92765 2.963249 3.006106 3.009716 2.929647 2.897926 2.96586 3.029224 -9999 -9999 -9999 -9999 -9999 -9999 -9999 -9999 -9999 -9999 -9999 -9999 2.932565 2.874462 2.868971 2.944278 2.940937 2.837481 2.832949 2.846429 2.885215 2.916129 3.078533 3.141052 3.205031 3.165054 3.140707 3.171006 3.197389 3.170776 3.084985 2.995852 2.95384 2.975307 2.988556 2.997043 2.98606 2.921966 2.807873 2.86682 2.789593 2.763326 2.798886 2.864862 2.87619 2.84278 2.679877 2.230952 1.738249 1.20672 1.021736 1.666244 1.456375
2.747005 2.858948 2.876037 2.897888 2.924386 2.873234 2.811559 2.744163 2.830837 2.894701 2.902842 2.873041 2.859831 2.972849 2.987903 2.971582 2.998925 3.012174 3.00265 -9999 -9999 -9999 -9999 -9999 -9999 -9999 -9999 -9999 -9999 -9999 -9999 -9999 2.947965 2.937711 2.960983 2.917435 -9999 2.976382 2.985945 2.987365 3.00288 2.983679 3.044048 3.111598 3.124117 3.080683 3.029608 3.034985 3.075307 3.089516 2.999654 2.792857 2.894048 2.974117 2.957642 2.905146 2.856567 2.810253 2.794969 2.825999 2.747465 2.725615 2.816897 2.805799 2.831567 2.615207 1.635753 0.6146314 0.09431644 0.2593318 0.8297619 0.9103302
2.692012 2.78725 2.851344 2.894201 2.901613 2.833756 2.742243 2.63679 2.691705 2.798541 2.829224 2.80384 2.843011 2.939708 2.922773 2.908602 2.963748 3.0202 -9999 -9999 -9999 -9999 -9999 -9999 -9999 -9999 -9999 -9999 -9999 -9999 -9999 -9999 -9999 -9999 -9999 -9999 -9999 2.959447 2.990591 2.997158 2.984754 2.961252 3.018164 3.050384 3.024962 3.01828 2.998234 2.964939 2.972926 2.998464 2.892627 2.767089 2.906336 2.909562 2.792972 2.744048 2.786751 2.493548 2.773733 2.822888 2.759639 2.77573 2.823234 2.724424 2.777995 2.388249 1.839209 1.089094 0.4799155 0.3759985 0.7915899 1.12788
2.732834 2.726767 2.766628 2.825 2.831336 2.775883 2.771505 2.59159 2.600077 2.670507 2.733909 2.748502 2.758065 2.758449 2.885561 2.878303 2.95434 -9999 3.062711 3.054839 2.999002 -9999 -9999 -9999 -9999 -9999 -9999 -9999 -9999 -9999 -9999 -9999 -9999 -9999 -9999 2.955031 2.978533 2.976152 2.96947 2.962327 2.943356 2.975806 2.882258 2.915668 3.033909 3.055146 2.942512 2.866974 2.900499 2.817934 2.687135 2.736175 2.954916 2.967319 2.805031 2.672312 2.663594 2.628379 2.894969 2.928495 2.94831 2.935061 2.880031 2.784332 2.64447 2.075614 2.038134 1.943395 1.454032 0.9351767 0.9006528 1.33967
2.736905 2.594547 2.705069 2.789324 2.772043 2.676498 2.645392 2.57596 2.62861 2.647158 2.664938 2.72692 2.76298 2.743664 2.872581 2.894547 2.957565 3.02692 3.054608 3.041859 3.000576 2.977304 -9999 -9999 -9999 -9999 -9999 -9999 -9999 -9999 -9999 -9999 -9999 -9999 2.959332 2.971736 2.95265 2.941321 2.92331 2.894892 2.890246 2.950038 3.003725 2.834639 2.963863 3.08821 3.065054 2.939747 2.766014 2.499424 2.6697 2.913018 3.030799 2.958948 2.570161 2.261674 2.554762 2.805837 2.921121 2.891283 2.861444 2.836137 2.784332 2.696275 2.437788 2.266782 1.730146 1.622312 1.249654 0.8602535 1.090783 1.48245
2.793472 2.607911 2.588018 2.718817 2.729339 2.713134 2.641091 2.619278 2.56586 2.637135 2.703379 2.763556 2.857028 2.895353 2.884869 2.927381 2.964862 2.996736 3.019777 2.999616 2.973848 2.943664 2.941513 -9999 -9999 -9999 -9999 -9999 -9999 -9999 -9999 -9999 -9999 2.981529 2.972926 2.959332 2.950499 2.942281 2.804685 2.642742 2.684025 2.756721 2.840976 2.935599 2.98798 2.985714 3.01828 3.052035 2.931759 2.678303 2.731759 2.835445 2.953341 2.986636 2.934716 2.807028 2.723502 2.847965 2.907642 2.904762 2.573963 2.499501 2.678495 2.291859 1.508641 2.265822 1.482796 1.114785 1.176728 1.452842 1.780952 1.925384
2.675807 2.645277 2.674309 2.755223 2.741513 2.724846 2.636329 2.72788 2.611098 2.616974 2.64374 2.682181 2.770392 2.872926 2.949808 2.981797 3.003418 3.020853 2.990899 2.948541 2.943049 2.963825 2.959293 -9999 -9999 -9999 -9999 -9999 -9999 -9999 -9999 2.988556 2.946198 2.939747 2.971736 2.959562 2.974846 2.945008 2.814823 2.692857 2.7048 2.636559 2.741091 2.88798 2.918664 2.82116 2.819969 2.88606 2.841206 2.622465 2.710753 2.826728 2.877458 2.898809 2.912289 2.904531 2.860138 2.757873 2.867896 2.855837 2.533525 2.335062 2.361789 2.067512 1.101267 1.375691 1.141091 1.098771 1.300538 1.41828 1.350346 1.41732
2.634793 2.734677 2.789823 2.820853 2.691283 2.583218 2.640515 2.633141 2.608717 2.692512 2.69063 2.670737 2.76467 2.913018 2.940015 2.993971 2.992435 3.025269 2.974078 2.933756 2.992819 2.999501 2.990553 -9999 -9999 -9999 2.966935 3.016359 3.013134 2.994393 2.990822 2.939631 2.785561 2.693318 2.793087 2.964094 2.926267 2.883679 2.659562 2.674616 2.668664 2.487865 2.745507 2.790246 2.87043 2.663403 2.547158 2.641897 2.660061 2.398809 2.692127 2.834485 2.871467 2.843433 2.869086 2.901075 2.886751 2.822312 2.833525 2.690668 2.617051 2.221812 1.809524 1.792435 0.9764209 1.337058 1.546659 1.872581 1.930684 1.61659 1.310753 1.530184
2.615822 2.709985 2.766321 2.817281 2.75119 2.72212 2.594816 2.606068 2.59977 2.68487 2.572619 2.582181 2.804762 2.891782 2.928687 2.946121 2.954608 3.000077 2.985407 2.96106 2.981951 3.025154 3.010945 2.996889 -9999 -9999 2.852726 3.003456 2.972542 2.990092 2.93245 2.876728 2.772773 2.7154 2.796659 2.911828 2.834255 2.494163 2.070545 1.984754 2.173656 2.376766 2.541782 2.671275 2.506106 2.15457 2.07043 2.38414 2.608602 2.325192 2.56682 2.657373 2.746045 2.797235 2.868126 2.89785 2.797965 2.637942 2.59808 2.357258 2.201651 1.869048 1.600307 1.701843 1.607335 1.725077 1.817204 1.944508 1.603111 1.269931 1.317512 1.474578
2.781452 2.719777 2.84831 2.884601 2.804071 2.478571 2.330146 2.290553 2.103956 2.331913 2.430876 2.581375 2.832104 2.853725 2.98798 3.011022 3.029301 2.985753 2.964516 2.961175 2.97669 2.999616 2.988633 2.995085 2.998541 2.980645 2.968472 2.958564 2.879455 2.903802 2.826114 2.852726 2.541014 2.288018 2.307834 2.307488 2.748694 2.450115 2.386405 2.124117 2.095469 2.704301 2.631644 2.462673 2.493203 2.370776 2.33222 2.55119 2.790323 2.73245 2.711444 2.691743 2.682681 2.749501 2.850346 2.844624 2.666705 2.451651 2.393779 2.231605 1.788018 1.195891 1.009025 1.459485 1.784562 2.154762 1.960637 1.847273 1.393817 1.062788 1.217665 1.463018
2.925499 2.91083 2.749155 2.767665 2.739516 2.617358 2.480991 2.610714 2.397389 2.215668 2.52523 2.893164 2.968126 2.907988 2.759793 2.812788 2.896928 2.921889 2.921659 2.919508 2.928226 2.950538 2.949347 3.021544 3.001728 2.987174 2.996966 3.01033 3.02573 3.005914 2.891244 2.916897 2.976805 2.836828 2.510829 2.217896 2.420737 2.796275 2.629339 2.523848 2.658218 2.822657 2.364555 1.923041 2.039977 2.237942 2.393548 2.613595 2.857258 2.911559 2.744854 2.754762 2.800461 2.660714 2.671083 2.734332 2.729071 2.687442 2.147312 1.476536 1.187289 1.665476 2.1452 1.92669 1.327765 1.996045 2.063978 1.791935 1.244931 1.433449 2 1.83917
2.825614 2.89616 2.757873 2.653111 2.659447 2.428226 2.639939 2.551766 2.656452 2.688326 2.812097 2.903648 2.883256 2.779455 2.565745 2.863134 2.960983 2.950499 2.959217 2.967704 2.949923 2.964132 2.948387 2.981912 3.012826 3.010906 2.997542 2.999462 2.996121 3.015207 3.003149 2.998272 3.004954 3.006989 2.981567 2.923925 2.855453 2.771928 2.787673 2.769777 2.805568 2.94639 2.698541 2.225883 2.237212 2.594355 2.458333 2.570622 2.874078 2.886866 2.799386 2.82861 2.639823 2.603533 2.728111 2.808794 2.725499 2.550192 2.149462 1.422657 1.610215 2.243164 2.205722 1.492396 1.342396 1.671237 2.251651 2.043817 1.38725 1.26467 1.774693 2.084255
2.898656 2.906068 2.779839 2.725307 2.626882 2.287289 2.431336 2.709754 2.840937 2.87043 2.880952 2.882757 2.832296 2.749501 2.880645 2.805722 2.928763 2.979839 2.978418 2.989286 3.024731 3.029147 2.952535 2.9702 3.00576 3.00457 2.982143 2.973195 2.97523 2.99278 2.954109 2.928571 2.945161 2.959831 2.970929 2.985138 2.993971 2.982988 3.036098 3.034793 3.034793 3.041129 2.832911 2.332796 2.854493 2.972158 2.767627 2.623464 2.663095 2.739823 2.777035 2.825269 2.466321 2.62669 2.751613 2.790399 2.810215 2.765822 2.221928 1.838134 2.076075 2.377765 2.330415 1.933333 1.500192 1.353226 2.340054 2.167665 1.308026 1.08437 1.71275 2.344624
2.873003 2.881375 2.568011 2.590937 2.626997 2.428341 2.54543 2.765975 2.841513 2.819355 2.833333 2.855299 2.84255 2.836482 2.851997 2.916705 2.93437 2.979954 3.003226 2.98533 3.008717 3.030914 2.948349 2.969585 2.977343 2.975307 2.962558 2.95576 2.942512 2.962558 2.858986 2.896928 2.941091 2.949923 2.947427 2.934409 2.956144 2.930491 2.981452 2.999117 3.002342 3.112481 3.103763 2.957104 2.928341 2.902688 2.941244 2.87692 2.808064 2.834677 2.881682 2.787174 2.67715 2.672734 2.749578 2.848272 2.865707 2.644355 2.320622 1.673579 1.029186 1.66106 2.438633 2.282834 1.586598 1.829493 2.307258 1.653034 0.6287634 0.6499616 1.605492 2.310253
2.723003 2.794624 2.608103 2.424117 2.342396 2.67404 2.617972 2.473118 2.752381 2.820661 2.839286 2.865438 2.875115 2.849002 2.780991 2.822773 2.875998 2.9149 2.996889 3.039977 3.028994 3.001421 2.936751 2.990207 2.972312 2.952151 2.936405 2.9351 2.93414 2.952995 2.864209 2.875077 2.889401 2.888095 2.851459 2.838825 2.910177 2.90841 2.985983 2.97404 2.970353 2.974654 2.998886 3.010906 3.031567 3.0053 2.994931 2.868203 2.827381 2.947427 2.89086 2.604493 2.703149 2.718664 2.815553 2.807335 2.784562 2.799962 2.723963 1.813518 1.603226 2.064055 2.593049 2.503226 2.008756 2.574462 1.406528 1.152381 1.395545 1.747773 2.191283 2.470622
2.844009 2.691513 2.296889 2.406221 2.248234 2.417128 2.31202 2.270123 2.670622 2.773272 2.849078 2.865668 2.870929 2.897312 2.845891 2.800077 2.834217 2.913095 2.983986 3.016091 3.016206 2.970622 2.953802 2.975998 2.983986 2.969316 2.923848 2.886367 2.884716 2.822657 2.901421 2.857757 2.791897 2.740822 2.716129 2.750269 2.842281 2.87212 2.877727 2.840745 2.884063 2.928956 2.932412 2.974885 3.028725 3.040515 3.030607 2.995161 2.969009 2.939055 2.909716 2.881298 2.877842 2.884293 2.872005 2.84086 2.833833 2.716667 2.641628 2.364055 2.338518 2.451997 2.677535 2.659293 2.366475 2.726959 1.950307 1.23222 1.953495 2.054647 2.110138 2.475653
2.902957 2.734716 2.109908 2.005031 2.233333 2.386098 2.273349 2.106529 2.500691 2.63414 2.810637 2.863748 2.849078 2.884178 2.870584 2.877151 2.81225 2.930261 2.999731 3.029916 3.01298 2.966782 2.967742 3.017281 2.996505 2.94543 2.915591 2.918932 2.911905 2.802227 2.905568 2.862865 2.783641 2.654531 2.59977 2.722811 2.779378 2.721736 2.820315 2.657796 2.757565 2.784063 2.853034 3.020468 2.931567 2.925845 2.909255 2.896121 2.924155 2.928687 2.837865 2.777957 2.683103 2.786559 2.853034 2.872965 2.775499 2.627304 2.177419 2.260484 2.32861 2.403188 2.555223 2.627419 2.587942 2.803802 2.578418 2.553111 1.916052 2.143126 2.537481 2.47139
2.701997 2.473848 2.189132 1.989631 1.904455 2.296006 2.252573 2.273349 2.49616 2.689977 2.829724 2.874962 2.836905 2.811022 2.863172 2.92427 2.872849 2.947197 2.983602 2.99447 2.987558 2.963441 2.932181 3.001037 2.999117 2.965707 2.936943 2.92692 2.932181 2.914631 2.916436 2.8798 2.71179 2.583525 2.540323 2.624462 2.823272 2.839862 3.026267 2.75361 2.677727 2.711482 2.853149 2.961751 2.521544 2.484178 2.615092 2.754954 2.846236 2.904455 2.906605 2.785599 2.60841 2.621774 2.735023 2.793856 2.780261 2.751267 2.326344 2.337327 2.392819 2.43341 2.361329 2.376114 2.547235 2.563479 2.498579 2.575307 2.604416 2.628763 2.60192 2.466129
