features/re_bio8.asc
ncols         768
nrows         589
xllcorner     124.299398925
yllcorner     32.893460211367
cellsize      0.010567299164062
NODATA_value  -9999
[rows 160 to 191 of 589, columns 288 to 359 of 768]
25.61125 25.04573 25.57315 25.67609 25.32305 24.91272 24.97452 24.64219 23.87724 23.36638 23.88785 24.94369 25.40634 25.42488 25.87301 25.98556 26.07771 26.21262 26.34337 26.3086 26.13523 26.27993 26.10344 26.02262 26.05294 26.07796 25.84946 26.17147 25.53143 25.34882 24.9676 24.93337 25.34126 25.43376 25.52416 24.50864 25.14043 25.5976 25.78333 25.99989 25.62588 25.55244 25.36021 24.86151 24.5467 24.68376 24.81115 24.02975 24.42315 25.62251 25.02677 24.31767 24.82108 25.94029 25.63541 25.42774 25.77036 25.88556 25.90652 26.05563 25.79079 25.51993 25.51875 25.40011 25.10538 24.84882 24.77706 24.83692 24.53803 25.07419 24.32839 23.88724
26.04846 25.20444 24.97211 25.0785 24.9352 24.33301 23.75416 24.64706 24.50039 24.42871 24.63169 25.06466 25.61419 25.85147 25.62645 25.09882 25.39244 25.92333 26.35534 -9999 26.26832 26.19136 26.25416 26.18577 26.16387 26.11699 26.07889 26.10831 26.02434 25.65548 24.56305 24.00946 24.62505 25.59574 25.77301 25.64018 25.04638 24.85556 25.09247 26.19541 25.92258 25.80957 25.43588 25.1438 25.03333 25.04208 25.05885 24.98821 24.9557 25.53541 25.3495 25.14717 25.42986 25.98667 26.07781 26.08344 26.09025 26.04079 25.92552 25.82455 25.47961 24.96326 25.08728 25.58595 25.27591 24.55312 23.99219 23.7791 24.40878 24.48054 24.1871 22.92208
25.71272 25.24233 24.56645 24.30215 24.3019 24.22219 23.73254 24.20258 25.04659 24.8928 25.15832 25.68265 25.68237 25.48333 25.36419 25.7333 26.11093 26.25971 26.41717 -9999 26.24405 25.59581 26.43566 26.25298 26.31351 26.46448 26.36043 26.08634 25.18488 25.27276 24.861 24.28921 24.4314 25.43735 26.18294 25.48025 25.11337 25.10509 25.1291 26.22692 26.24412 26.0257 25.92362 25.69441 25.58172 25.28745 24.97455 25.50176 25.61222 25.42104 25.52989 25.88208 26.14857 26.18986 26.16054 25.72925 26.08176 26.03659 26.02989 25.91452 25.77423 25.45118 25.70398 25.82412 25.59229 24.59552 23.61161 23.75394 24.60441 23.27297 23.25996 22.76878
25.97151 25.99079 25.74419 25.3319 24.28538 24.97563 24.96703 24.98738 24.96401 25.40315 25.61183 25.44394 25.12021 24.89344 25.00541 25.44036 25.66308 25.99477 26.17753 -9999 -9999 26.45215 26.36115 26.41007 26.40014 26.44129 26.53806 26.25459 25.82355 25.14634 25.5424 25.92082 26.05437 26.22832 26.02724 25.5934 25.57814 25.30197 25.39118 25.96792 25.79502 26.0253 26.20871 25.83824 25.6785 25.02125 24.5095 25.51685 25.60505 26.11351 26.11699 26.02907 26.03982 26.0071 25.7029 25.20738 25.8128 26.13878 26.01348 25.95602 25.93075 25.82183 25.64584 25.73061 25.11642 23.83806 22.87495 23.049 23.63706 22.45756 21.11824 21.30427
26.09219 25.10441 25.6343 25.53179 24.91867 25.29201 25.37688 25.37136 25.44789 25.51064 25.48534 25.32305 25.1467 25.1272 25.09452 25.88083 25.98627 26.09064 26.29832 26.57434 26.78082 26.52688 26.49491 26.51308 26.62921 26.65197 26.41294 26.26753 26.25208 26.12817 25.62401 25.87943 26.33161 26.22401 25.85878 24.81738 25.48373 25.09559 24.64477 25.42502 25.67247 25.68441 25.58774 25.71348 25.62627 25.47842 25.53186 25.85244 25.88724 26.19771 25.9138 25.9681 26.02477 25.99649 25.84287 25.15276 25.64971 26.18982 26.0734 25.91473 25.86039 25.85925 25.62004 25.67634 25.14584 24.2371 22.82201 21.84731 22.66563 22.69373 21.05072 21.04323
25.84057 25.35258 25.83509 25.67416 25.76168 25.90964 25.86072 25.75957 25.47083 25.29602 25.03581 24.57444 24.45692 25.03806 24.73889 25.86771 26.09599 26.27638 26.49918 26.6567 -9999 26.63301 26.61645 26.58459 26.63341 26.67462 26.57039 26.39344 26.36516 26.08366 25.6019 25.82376 26.25215 26.24774 25.80541 24.75939 25.20122 25.01391 24.73344 24.47509 24.44609 25.61853 25.26975 26.0105 26.18384 25.58606 25.37971 26.10233 25.95104 25.94509 25.9809 26.0667 25.86366 25.73122 25.89394 25.81667 25.81821 26.2805 26.23247 26.10839 25.92358 25.63545 25.50821 25.4267 25.08846 24.10907 22.38857 20.93459 20.98677 21.31502 20.41082 20.90885
26.20405 25.96767 26.09158 25.97176 26.17692 26.11369 25.86129 25.80459 25.65663 24.97824 23.85448 23.64362 24.12125 24.48222 25.45971 25.98627 26.02315 26.31201 26.5153 26.56437 26.54469 -9999 26.81168 26.79975 26.71387 26.61932 26.57484 26.49885 26.41724 26.28366 25.92362 26.06606 26.37706 26.35638 25.96523 25.37778 25.55631 25.28527 24.95387 24.57882 23.97645 25.22169 25.17817 25.301 25.91154 26.19935 26.22215 26.33606 26.31939 25.71093 26.20409 26.14398 25.6753 25.6734 26.18986 26.19416 25.84043 26.32219 26.24699 26.01201 25.76946 25.68441 25.64405 25.22237 24.80269 23.90706 22.5638 21.03462 19.9367 20.09176 20.89656 21.33556
26.49756 26.30577 25.8452 26.2133 25.73054 25.80125 25.41047 25.28516 25.34509 24.27029 24.13391 24.47466 24.75548 24.98036 25.79591 26.08731 26.15466 26.22631 26.20007 26.22054 26.36193 26.39452 26.80828 26.77914 26.68247 26.61079 26.55538 26.47606 26.48814 26.36193 26.15419 26.1281 26.36824 26.5052 26.10649 25.39229 25.89104 25.6647 25.57577 25.20495 24.44545 25.53566 25.68964 25.46394 25.5847 25.66391 25.98541 26.5167 26.45301 26.28577 25.97717 25.85115 25.82649 26.04516 26.27588 26.0324 25.89939 26.22466 26.27444 26.16434 25.99125 25.96717 25.78014 25.52789 24.98986 23.38125 22.01634 21.22054 20.80556 21.12427 21.67498 22.10638
26.22864 25.64505 26.2553 25.54366 25.41369 25.48007 25.76201 25.38423 23.74652 24.50111 25.2871 25.76817 25.94878 26.00108 26.1753 26.28742 26.31896 26.24384 26.22409 26.37075 26.52735 26.46642 26.78222 26.73674 26.70523 26.65986 26.60441 26.56738 26.4871 26.40874 26.31846 26.11634 26.30961 26.54531 26.24007 25.84115 26.12907 25.93344 25.54882 25.40735 25.0062 25.91717 25.1062 25.48111 25.68104 26.06466 26.42312 26.53821 26.47617 26.32179 26.27272 26.07512 26.16574 26.33118 26.20853 25.83613 25.85584 26.19434 26.26505 26.28226 26.20789 26.07828 25.81183 25.57362 24.89971 23.84753 22.36867 21.66842 22.05437 22.2114 21.97846 22.4805
26.16864 25.39996 25.31677 25.50821 25.75004 25.38527 24.94452 24.69513 25.21896 25.78366 26.08233 26.16133 26.17634 26.22427 26.27423 26.30466 26.31656 26.37441 26.43652 26.45376 26.43082 26.40882 26.80072 26.66075 26.68785 26.71061 26.64122 26.54903 26.32172 26.47079 26.23391 26.23154 26.40197 26.50961 26.44548 26.40312 26.42258 26.07262 25.40419 25.5867 25.26828 25.75724 25.4376 26.04624 26.13631 26.39255 26.5185 26.36204 26.25344 26.16244 26.15036 25.98111 25.87283 25.98685 25.76939 25.19487 26.1634 26.17254 26.25416 26.30405 26.20699 26.01315 25.90097 25.72466 24.50208 23.25677 21.7767 21.22419 21.8167 22.25652 22.62559 23.319
25.70753 25.74907 24.7571 25.00645 25.67272 25.81219 25.84907 25.96989 26.17735 26.2109 26.23032 26.17122 26.14824 26.12634 26.06523 26.09986 26.3391 26.46857 26.49918 26.47201 26.44269 26.4457 26.70301 26.58348 26.53893 26.61061 26.66398 26.62193 26.5229 26.57287 26.39681 26.39885 26.52262 26.55953 26.45204 26.3672 26.11308 25.97383 25.22595 25.98452 25.83108 25.9015 25.75061 26.13323 26.53735 26.59459 26.40968 26.25437 26.18502 25.76448 25.45828 25.54337 25.93348 26.00384 25.60495 25.32158 26.19484 26.04853 26.14649 26.19419 26.13971 26.02645 25.81857 25.15129 24.57613 22.73874 21.37172 21.2595 22.11946 23.00957 23.19093 23.24301
25.52437 25.5433 25.42771 24.88151 25.72466 26.01645 26.20885 26.3196 26.30659 26.30355 26.24749 26.23975 26.21244 26.1667 26.18849 26.23849 26.31778 26.49477 26.4633 26.37419 26.3772 26.47029 26.59348 26.4424 26.28 26.33523 26.56029 -9999 -9999 26.58251 26.56301 26.50545 26.60315 26.61609 26.4281 26.2595 26.12914 25.47953 24.92269 25.75753 26.12351 26.07004 25.34832 26.13527 26.62753 26.66323 26.51412 26.32183 25.90362 25.03749 25.03552 25.47143 26.0085 26.07032 26.04961 26.25735 26.20864 25.99824 25.97344 25.93212 25.92993 25.8524 25.40645 24.03405 23.92964 23.24186 22.30556 21.10803 20.56634 21.26652 21.36158 22.52183
25.67459 25.1567 25.19566 25.37419 26.1467 26.23918 26.31093 26.33677 26.28706 26.24778 26.22455 26.3233 26.32545 26.25588 26.33964 26.29297 26.34068 26.37437 26.3319 26.26215 26.32918 26.51925 26.45133 26.32172 26.22889 26.41244 26.63312 26.66713 26.72383 26.69125 -9999 26.53896 26.62373 26.62147 26.45728 26.3724 26.29738 26.04193 25.28753 25.3996 25.80914 26.20358 25.46337 26.41871 26.72738 26.66975 26.41201 25.99244 25.29495 24.25276 23.7943 24.72244 25.72473 25.91183 25.91738 26.12075 26.10749 25.7872 25.3266 25.2538 25.48527 25.66437 25.32699 24.10133 23.19523 23.80462 23.36455 21.88179 20.86 21.15853 21.45803 21.29591
25.67473 25.28513 25.19674 25.30434 26.12903 26.09961 25.97573 25.83401 25.66624 25.94244 26.06426 26.19473 26.33627 26.38409 26.31337 26.26036 26.22323 26.25806 26.2405 26.23706 26.33781 26.53115 26.44011 26.32147 26.26022 26.38627 26.5386 26.56692 26.64208 26.60516 26.73986 26.7181 26.69419 26.56692 26.45821 26.5233 26.37222 25.8291 25.57882 25.76889 25.88297 26.03394 26.39688 26.63262 26.71097 26.64125 26.3933 25.89237 25.15574 24.37663 23.91448 24.70807 25.59301 25.71602 25.6772 25.87398 25.89652 25.64133 24.91781 24.73215 24.97674 25.26348 25.30308 24.76093 23.44957 23.65477 22.76179 21.07269 20.4409 21.54351 22.7124 22.68552
25.68982 25.69638 25.95 25.40143 25.8924 25.93294 25.56423 25.10025 25.37387 25.91591 26.05211 26.15677 26.20695 26.14728 26.02656 26.09391 26.16778 26.16986 26.18154 26.25208 26.34746 26.43864 26.30649 25.9895 25.83978 26.18789 26.55025 26.61251 26.57025 26.48 26.50609 26.53107 26.66022 26.61667 26.51462 26.55789 26.36122 26.07194 25.79495 26.0567 26.00219 25.94251 26.73477 26.72237 26.65416 26.57921 26.4986 26.09642 25.52068 25.09918 24.11781 24.93405 25.3528 25.28778 25.44222 25.73133 25.55405 25.28821 24.48753 24.18771 24.58656 24.81366 24.61885 25.02943 24.29796 23.65928 22.93789 21.52505 20.96057 21.73168 22.34756 23.25989
25.60387 25.83344 26.14993 25.99111 25.83323 25.94903 25.77204 25.25459 25.59004 26.11294 26.22079 26.21341 26.14287 25.96237 25.80462 26.00351 26.15477 26.07742 26.25097 26.34978 26.39233 26.43133 26.30093 26.24681 26.33265 26.37627 26.38498 26.41337 26.43305 26.39602 26.18638 26.47211 26.65337 26.66968 26.49595 26.28186 26.43581 26.09832 26.16125 26.27681 26.29749 26.61161 26.68118 26.60183 26.50186 26.2738 26.41821 26.28229 25.79982 25.3186 24.15857 24.86229 25.08208 25.09412 25.40391 25.26387 24.29276 24.63505 24.01384 23.11745 23.50764 24.01932 23.87025 24.16254 24.82495 24.26986 23.55276 22.57412 21.76108 21.78724 22.85713 23.97613
25.66448 25.39444 26.15351 26.16082 25.92168 26.0086 25.98706 25.61366 25.18875 26.12466 26.30222 26.2252 26.08631 25.90685 25.80781 26.00244 26.04918 26.01412 26.13785 26.28774 26.42892 26.4519 26.2628 26.28724 26.38383 26.38075 26.26007 26.12405 26.17212 26.46634 26.53803 26.62613 26.65541 26.62699 26.54229 26.36724 26.03495 25.74401 25.56767 26.4919 26.61251 26.67129 26.48968 26.19857 25.64018 25.2352 25.9252 26.36484 25.91362 25.09143 24.64842 25.01129 24.84735 24.94208 25.24079 24.75846 23.31068 24.02125 23.10143 22.66889 22.57104 22.56989 22.50889 22.66004 23.78541 24.09477 23.8557 23.45477 22.97642 22.64244 22.93763 24.08369
26.01509 25.94971 26.20262 26.14971 26.03186 26.03452 26.14344 26.03495 25.68186 26.06387 26.31516 26.20018 26.06111 25.95018 25.85004 25.85871 25.85513 26.03459 26.13993 26.30269 26.4462 26.42355 26.21487 26.20158 26.2753 26.2371 26.15108 26.10749 26.16527 26.43355 26.61054 26.63885 26.61713 26.64864 26.5886 26.39075 26.27111 26.0681 -9999 26.3291 26.4472 26.24936 26.22222 25.87032 25.01527 25.14484 25.35251 25.84681 26.02907 25.54315 25.25229 24.9352 23.73491 24.14122 24.82147 24.93552 24.1514 22.99509 22.26412 21.33072 21.76179 22.41577 22.49857 22.22706 21.9643 22.65527 23.07 23.32498 23.66358 23.75692 23.56989 24.06936
25.79193 26.14971 26.04634 26.33982 25.93832 25.92702 26.06828 26.16086 26.21745 26.13581 26.21308 26.07183 25.88251 25.83892 25.93892 26.02703 26.02688 26.13229 26.18875 26.36032 26.41574 26.33649 26.22889 26.17756 26.17742 25.88366 25.94082 26.22337 26.37573 26.41158 26.57448 26.63211 26.53004 26.61455 26.62842 -9999 26.33477 26.31523 -9999 26.02022 26.14939 26.01011 25.6129 25.60394 25.46154 25.21828 25.07821 25.69971 26.14523 25.77885 25.42265 24.68423 23.20129 23.76204 24.01516 23.9328 23.72014 21.49118 22.18731 21.17846 21.64824 22.76652 23.32928 23.071 22.50731 21.96964 22.81871 23.42247 23.94161 24.26326 24.11634 23.74778
25.44609 25.63305 24.85043 26.11606 26.03609 25.97925 26.06039 26.13423 26.18774 26.37591 26.19792 25.57455 25.48269 25.81211 26.14398 26.2343 26.25738 26.32778 26.33652 26.30828 26.32753 26.3491 26.23857 26.12097 26.20964 25.97021 25.96993 26.20244 26.41136 26.50591 26.44853 26.59609 26.41806 26.25409 26.42007 26.6129 26.43448 26.34323 26.27889 26.0381 26.05222 25.85882 25.62326 25.94484 25.90244 25.62552 25.21821 25.24685 25.70538 25.87477 25.2348 25.20125 23.94817 24.22839 23.97301 23.01412 22.12283 22.11584 22.98842 22.01477 21.9143 22.56871 23.48982 23.80932 22.64749 22.03964 22.80455 23.14434 23.29531 23.78079 24.35412 24.26599
25.3291 25.45398 25.10054 26.04401 26.12197 26.05742 26.17488 26.21832 26.02437 26.45842 26.35222 26.17168 25.84728 25.9091 26.18756 26.22011 26.22215 26.37211 26.27774 26.16029 26.29462 26.40527 26.25975 26.28258 26.19007 26.16724 26.09832 26.10362 26.13004 26.0271 26.08269 26.49824 26.34298 26.09541 26.20387 26.38072 26.24154 26.30638 -9999 25.96505 25.94986 25.95964 25.8805 25.85477 25.49996 25.57799 25.19875 24.69466 25.02108 25.78154 25.83788 25.68025 24.95699 25.0591 24.12552 22.88882 21.93158 23.32563 23.39771 22.79957 22.59767 23.03584 23.84785 24.3162 23.64527 22.73269 22.68305 23.39849 23.5405 23.55989 23.82907 24.16158
24.9081 24.81753 25.21817 25.8909 26.13265 25.82165 25.8366 26.14638 26.0495 26.24179 26.34298 26.27803 26.23111 26.22885 26.26896 26.34172 26.36233 26.36003 26.14154 26.22032 26.43627 26.42452 25.83315 26.32527 25.98781 26.01011 26.24896 26.37728 26.32186 26.27617 26.42298 26.59764 26.34674 26.39749 26.34323 26.2909 26.33864 26.22875 -9999 26.17828 25.92348 25.65577 25.50624 25.39541 25.03835 24.45018 24.71728 24.41104 23.91251 23.87753 24.50534 25.2643 24.80491 24.99821 24.62258 23.88767 22.90523 22.16896 22.84047 22.97383 24.05982 24.22459 24.24857 24.5248 24.38247 23.78817 23.38713 23.53896 23.58989 23.59731 23.71552 24.02054
25.87516 25.55086 25.05545 25.95061 25.84541 25.74208 25.54953 25.52864 25.75566 26.30362 26.19297 26.21251 26.24394 26.21047 26.14835 26.21011 26.4076 26.44692 26.19258 26.31803 26.41667 26.31161 26.02803 26.17025 26.38351 26.37176 26.39358 26.31541 26.15806 26.01369 25.91118 26.61821 26.51695 26.41928 26.30312 26.28244 26.25294 25.95563 26.12258 26.19029 25.91154 25.67409 25.63735 25.66014 25.28262 24.69961 24.49319 24.4357 23.95609 23.50333 23.79728 24.87193 25.36749 25.19903 24.67351 24.26964 23.72466 22.79986 22.82487 22.7024 23.19516 24.1138 24.72455 24.2881 23.09126 22.76212 22.43839 21.64763 22.1924 22.49197 22.40258 22.8567
25.95018 25.73143 25.5681 25.88989 25.47882 25.49724 25.08179 24.95638 25.76405 26.26333 26.08749 26.01889 26.14692 26.28935 26.26767 26.21007 26.45093 26.57409 26.24384 26.42437 26.3962 26.22799 25.92681 26.19233 26.19781 26.0095 26.33889 26.46061 26.3509 26.30093 26.25419 26.54846 26.50298 26.39656 26.11674 25.93219 25.8714 25.79756 26.25075 26.26548 25.94552 25.86419 25.8957 25.64742 25.22713 25.05989 24.8914 25.1619 24.83086 24.25857 24.28785 25.05337 25.66176 25.44021 25.0895 24.68878 24.3467 23.38473 23.979 23.34928 23.57964 24.02355 24.27573 24.03577 23.69799 24.23312 23.57179 22.10111 22.7857 23.67179 24.12351 24.1191
26.03341 26.00426 25.96946 25.95297 25.65602 25.53183 25.17631 25.09563 25.64229 26.15344 25.94606 25.36315 25.64 26.10301 26.28914 26.2762 26.36075 26.39914 26.25011 26.31918 26.27455 26.16473 26.17857 26.2943 26.35749 26.22728 26.29885 26.47925 26.60527 26.5833 26.51362 26.53129 26.4476 25.92358 25.84649 25.55459 25.39502 26.00029 26.06222 26.20265 25.92588 25.96308 25.92634 25.55527 25.5614 25.70817 25.09004 25.53979 25.55516 25.02412 24.88509 25.68781 25.75842 25.56857 24.96599 24.54251 24.03545 23.85158 24.12982 24.42064 24.47265 24.81373 24.84735 24.5005 24.31903 24.74258 24.30785 22.84616 22.42165 22.7452 23.40663 24.01064
25.96057 25.96606 25.95953 25.83215 25.55584 25.5481 24.99247 24.82688 25.45642 25.77735 25.84495 25.05638 25.32423 25.94502 26.34538 26.42161 26.34355 26.20459 26.18029 26.2486 26.16154 25.96136 26.13233 26.47892 26.47796 26.2491 26.14874 26.31265 26.56803 26.69419 26.58111 26.39018 25.53907 25.08753 25.29179 25.48168 25.73441 26.27717 26.23043 26.35072 26.35842 26.09129 25.91968 25.83287 25.45179 25.93602 25.4985 25.95151 25.97108 25.83867 25.89523 25.98007 25.65219 25.60014 24.19756 24.05738 23.81627 23.45025 23.3395 23.64305 24.2295 24.95376 25.32516 25.34903 25.23369 25.04215 24.36545 23.02305 22.77685 23.1924 23.62362 23.78964
25.56907 25.75609 25.68312 25.56871 25.74165 25.45885 25.23265 25.21086 25.21075 24.96079 25.26416 24.54294 25.15086 25.87183 26.28753 26.38341 26.32179 26.211 26.16172 26.20061 26.11065 25.80939 26.35817 26.51588 26.49731 26.35939 26.48756 26.58857 26.60609 26.54315 26.36308 26.05921 25.26789 24.98244 24.52545 24.79767 25.64104 26.19036 25.97774 26.16108 25.77663 26.17197 26.47803 26.09455 25.62878 25.85588 26.3352 26.36681 26.2952 26.18771 25.94871 25.47305 24.92993 24.5119 24.41419 24.57172 24.56738 24.06233 24.19272 24.15133 23.93742 24.28158 24.82771 25.28699 25.50505 25.40047 24.99649 24.28907 23.71348 23.46211 23.49022 23.93778
25.23183 24.97609 24.50799 25.75774 26.03419 25.76333 25.71982 25.66975 25.3305 24.96498 25.23111 24.57448 25.24201 25.79025 26.13405 26.28663 26.2671 26.23004 26.26892 26.29502 26.14968 25.77423 26.45817 26.60487 26.56036 26.60265 26.70258 26.71996 26.5909 26.3924 26.21437 26.10903 25.64667 25.13745 24.48667 24.81986 25.47573 25.72265 25.99731 25.45674 24.89419 25.58505 26.33057 -9999 26.11143 25.59896 25.54032 25.78369 25.2428 25.49699 25.78265 25.24272 25.12183 24.4086 25.04276 25.49247 25.55649 25.0819 25.45652 25.09717 23.88208 23.86745 24.51771 25.08133 25.41025 25.58814 25.28502 25.00373 24.24688 24.01764 24.10659 24.2314
24.45842 24.04821 24.87233 25.85878 26.14717 26.01778 25.98405 25.88946 25.69903 25.62695 25.82577 25.19215 25.51183 25.89914 26.10491 26.07125 25.98082 26.26434 26.3686 26.35326 26.26896 26.08488 26.44301 26.60369 26.60154 26.69269 26.721 26.76989 26.67771 26.47143 26.2933 26.05982 25.40857 25.00143 25.00215 25.0628 24.93588 24.95455 25.56401 25.11133 25.58692 25.99409 26.13961 26.23201 26.24832 25.61036 25.60921 25.40613 25.61258 25.71401 25.5871 25.55889 25.87043 25.2072 25.03495 25.86369 25.93663 25.74538 25.29807 24.67029 24.52685 23.67072 24.37427 25.01265 25.36441 25.74014 25.46627 25.07516 23.91226 24.09882 24.62785 24.99416
24.48842 25.47505 25.82534 25.94383 26.15656 26.14817 26.11025 26.04498 26.009 26.01864 25.94957 25.44 25.77731 26.09932 25.97014 25.59702 25.58778 26.28803 26.30896 26.40753 26.41419 26.32961 26.39097 26.55262 26.50488 26.59706 26.66545 26.78828 26.73946 26.57448 26.47226 26.44842 26.35509 26.04133 25.93143 25.53312 25.16269 25.21566 25.56237 25.06312 25.13627 25.12824 25.37577 25.98742 26.3905 25.8928 26.2057 25.56814 25.93527 25.68452 25.14358 25.28466 25.93595 24.45348 24.77423 25.59864 26.1766 25.70419 25.0134 24.90674 25.24129 24.69584 24.9357 25.27659 25.36434 25.45011 25.65315 25.22935 24.22269 24.63215 24.91559 25.17652
24.94928 25.16649 25.72068 26.05914 26.02534 25.95143 25.92097 25.9448 26.07609 26.24351 26.13778 25.87857 26.10176 26.15276 26.13864 26.08961 26.10136 26.27634 26.30695 26.20129 26.34989 26.41104 26.39556 26.43244 26.38004 26.33287 26.60126 26.77624 26.76222 26.6514 26.53079 26.38312 26.32136 26.18369 26.00778 25.86885 25.76 25.72391 25.76642 25.94781 25.66115 25.32426 25.11229 25.4253 26.16753 26.53036 26.45444 25.40728 25.94484 25.72875 25.38018 25.7647 26.22513 25.1557 25.35853 25.08688 25.76466 25.17072 24.68409 25.5995 25.74939 24.59914 24.53491 24.98767 24.69427 24.40867 25.6195 25.39021 25.25563 24.65283 24.91566 25.39699
25.45387 24.86724 24.89276 25.53201 25.97746 25.84814 25.70348 25.67835 25.81512 26.01839 26.29319 26.27355 26.27677 26.27996 26.31484 26.33108 26.29434 26.22806 26.30305 26.33839 26.36219 26.37659 26.3972 26.3386 26.17054 25.56154 26.24803 26.65011 26.69032 26.61107 26.40473 26.01921 26.03437 26.02477 25.87627 25.66452 25.64602 25.69161 25.68616 25.82534 25.96634 26.09882 26.02383 26.00978 26.19039 26.34391 -9999 26.31968 26.06548 25.99821 25.77122 25.85369 26.50412 26.0786 26.09692 25.87312 26.02943 26.31724 25.97731 25.94043 25.98265 25.60577 25.06043 24.12004 23.78004 24.38255 25.24047 24.92219 25.58577 25.22749 25.48602 25.71964
