features/re_bio17.asc
ncols         768
nrows         589
xllcorner     124.299398925
yllcorner     32.893460211367
cellsize      0.010567299164062
NODATA_value  -9999
[rows 340 to 373 of 589, columns 385 to 461 of 768]
-9999 114.1 113 114.5 114.9 114.1 114.6 114 113.4 113.9 112.6 114 115.7 116.9 119.4 128.2 134.9 132.5 127.3 126.3 128.7 130.8 130.5 127.6 127.1 126 125.2 123.4 122.1 124.7 130.3 130.1 131.9 127 126.2 128 132 135.1 134.1 128.9 131.6 136.2 136.9 141.3 141.8 143.1 143.4 139.7 142.8 141.8 141.2 143.7 145.4 142.3 142.8 152.8 161.4 157.9 160.1 163 167.8 161.4 159.1 163.4 168 179.6 185.3 173.7 163 160 160.2 160.3 160.7 164.5 165.1 164.1 161.8
116.1 114.3 112.9 113 112.6 113.1 113 112.7 115 113.1 112.1 112.4 113.9 116.3 118.2 127.3 133.8 132 125.3 125.7 131.5 135.7 131.6 128.6 127.3 125.2 124.9 125.9 124.8 123.7 125.5 127.9 131.8 128.7 127.4 127.9 129.5 131.7 132.9 131 131.8 133.7 138.3 138 140.3 138.8 138 138.4 143.6 142 143.6 151.7 150.3 143.2 143.7 153.1 159.7 169.1 168.6 170.8 162.2 156.2 161.4 170.9 179.3 189.1 175.9 163.9 159.6 159.1 160.9 161.5 162.3 163.7 162.8 164 162.8
115.3 116 113.7 114.9 114.7 -9999 112.9 111.8 112.9 114.5 112.9 112.9 113.1 115.5 118.2 124 125.8 125.5 123.3 127.6 132.9 132 127 124.1 126.1 126.6 122.6 125 125.7 124.5 124.3 126.4 132.6 133.6 130.4 129.3 129.7 130.6 131.4 131.8 133.8 134.8 135.4 134.9 136.8 136.7 137.7 140.6 149.3 146.9 143.9 149.9 155.7 149.7 146.9 152.8 160.2 161.5 164 164.4 157.1 161 172.1 181 184.1 178.8 162.9 159.9 160.6 161.3 159.4 159.9 161.6 162.6 164.5 166.9 165.2
115.1 116.2 120.1 117.3 115.7 114.8 112.9 112.5 113.6 111.8 115 113.9 111.7 116.2 115.6 117.9 120.7 123.7 127.6 131.7 133.8 127.3 121.7 121 121.4 127.1 125.9 125.2 124.7 125.2 125.9 126.7 129.6 136.4 131.8 130.2 130.9 130.9 130.9 131 133.5 140.3 138.6 137.6 140.4 141.3 141.4 141.5 150.5 148.9 146.2 146.6 152.8 151.9 149.1 150.1 155.4 160.3 160.8 155.3 151.9 158.9 168.8 177.8 178.4 169.7 161.7 162.7 162.7 159.4 158.6 162.2 167.9 171.5 171.5 168 169.2
115.3 117 117.8 116.6 114.4 112.4 111.6 113.9 114.6 111.7 115.4 113.4 112.3 113.4 115.2 116.8 122.7 130.7 132.4 132.9 134.1 127.7 121.8 120.7 119.2 120.3 123.6 128.7 127.2 124.7 127 132.4 138.6 133.6 133.1 131.4 131 131.5 132 133.1 136.7 138.6 146.4 139.4 144.2 149.2 147.5 143.3 151.3 152 153.8 148.3 150.7 154 151.6 148.9 152.7 161.6 165.8 155.8 158.3 166.9 175.1 178.7 173.4 168.4 164.9 169.6 163.2 160 160.8 167 175.9 178.5 180.3 178.4 175.2
114.7 115.9 115.2 -9999 115.4 114.9 114.4 113.9 114.3 112.5 113 112.7 111.6 112.5 113.7 115.7 119.5 126.3 124.4 123.8 126.1 126.1 123.9 122.4 123.5 124.1 122 125.4 125.7 126 129.5 135.3 139.6 139.6 135.8 131.6 131.2 133.5 133.3 132.4 135.3 142.3 148.2 152.1 151 152.8 147.8 145.8 150.5 155 157 151.9 154.6 158.2 155.9 154.5 155.5 155.7 161 154.1 162.1 173.4 174.3 169.5 165.8 169.5 171.4 165.8 161.5 161.7 165.4 170 181.2 189.4 186.5 183.6 172.7
115.5 117.2 114.7 113 113.3 115.9 116.5 114.8 115.3 114.1 112.8 112.9 111.7 111.6 111.8 113.1 114.9 116.2 117.1 120.7 125.8 127.5 126.4 125.2 126 125.4 125 125.9 125.8 126.1 127.5 130.3 134.7 141.9 139.8 137.7 136.1 134.5 132.2 132.5 134.2 137.1 142.2 141 143 145.8 151.3 155.9 156.9 153.2 155.1 154.7 157.8 161 162.6 165.7 165.7 160.5 156.6 163.6 171 171.1 163.6 160.5 161.5 163.8 171.5 164.4 161.6 164.6 168.4 172.1 181.9 192.1 191.6 184.9 178.5
114.2 117 114.5 114.3 114.8 117.3 117.6 115.5 116 115.2 115.3 113.4 113.4 113.9 114 112.7 112.9 118.9 124.2 125.1 126.7 127.2 126.6 127.4 129.3 129.8 128.7 129.8 127.8 126.5 129.1 130.1 132.9 138.7 144.5 144.4 138.8 136.3 133.9 133.5 134.9 136.7 137.4 138.3 143.7 147.8 151.9 154.7 158 157.4 156.9 160.6 163.6 164.9 166.5 166.3 165.6 163.5 159.9 168.4 175.4 170.2 163.6 160.9 159.5 158 164.6 162.9 163.6 168.5 172 172.6 177.4 188.1 192 183.8 175.4
115.9 119 116.2 114.2 115.8 118.6 118.5 115.7 114.9 117.1 116.3 114.3 114.5 116.5 117.6 116.8 114.6 115.4 117.3 120.9 127.4 125.8 122.5 122.6 124.7 128.7 125.7 128.9 125.7 128.6 132.9 131.4 134.9 141.5 143.6 141.8 142.3 139.5 136.4 135.9 137.5 138.8 138.7 141.1 147.6 146.9 147.7 147.2 153.2 162.6 158.6 166.1 170.2 156.8 155.6 157.5 158.5 161.6 167.8 172.8 178 179.6 174.2 166.5 161.9 159.5 161.5 161.3 167.4 173.9 177.9 186.1 187.3 185.4 187.8 185.1 159.6
120.1 120.8 118.5 116.6 116.7 -9999 117.8 117.1 117.7 119.1 117.2 116.3 116 119.2 119.9 119.5 119.6 117.4 118.5 122.6 122.3 125.4 125.4 123 122.9 125.1 125.1 126.7 125.2 128 131.7 132.4 138.7 145.3 143.2 139.2 141.8 141.7 140.4 139.4 139.5 139.8 140.9 146.6 148.2 144.3 143.1 145 153.2 152.9 155.2 159.4 167.2 165.4 159.5 156.5 157.1 160.8 168 176.3 181.8 187.2 183.4 175.4 169.2 164.4 161.3 164.4 175.5 185.9 180.2 192.7 199.3 197.6 189.3 160.7 165.5
121.8 121.7 120.2 120.6 121.3 119.9 117.6 118 120.8 120.3 119.3 119.1 118.9 120 120.2 119.9 118.8 119.5 123.5 126.4 126.8 130.6 130.4 124.9 125.1 134 138 134.4 131.8 129.1 131 133.2 137.1 140.8 141.2 141.4 139.3 141.2 142.1 142.4 142.1 141 142.8 147.2 145 146.6 144.4 146.1 149 149.3 156.7 165.4 168.9 163.9 159.2 156.7 162 170.7 175.3 177.1 183.7 181.4 184.8 175.4 170.1 165.4 162.9 168.3 181.2 196.3 194.7 199.1 208.5 203.6 173.2 172.7 170.4
121 122.3 120.8 123.1 122.7 122 -9999 118.5 121.7 121.7 120.9 121.3 122.3 121.2 120.9 120.3 120.4 123.1 123.9 127.7 125.6 124.3 125.7 124.8 125.5 131 133.5 132.7 131.5 132.4 132.2 135.1 137.9 140.2 141.1 141.5 141.1 140.6 141.9 142.7 142.7 142.2 144.1 148 145.6 149.6 146.6 148.5 150.4 153 161.1 163.5 168.6 160.3 151.8 161.3 171.3 176.3 179.2 181.8 177.1 169.6 171.2 174.8 172.5 165.6 163.7 172.3 182.6 204.5 210.2 213.2 215.5 193.1 187.4 174.3 172.2
120.6 120.5 123.6 126.1 124.2 122.1 120.7 119.7 120 120.9 121.8 -9999 123.6 123.3 122.9 121.8 121.1 122.5 123.3 124.9 121.7 -9999 124.7 126 128.4 136 141.5 135.3 134.4 135.4 135.8 136.7 138.8 140.5 142.3 143.8 145.5 142.7 143.1 144.5 145.1 144.8 144.3 146.4 147.1 149.6 -9999 149 148.6 153.6 157.3 161.1 170.5 161.2 155.8 161.1 161.4 165.1 172.7 179.5 176 166.9 165.7 172.9 175 170.3 169 177.1 179.4 192.1 206.4 206.1 197.8 196.7 182.6 175.9 174.3
125.7 125.5 122.3 124.6 124.5 122.5 121.3 121.2 121.3 -9999 124.4 124.6 124.7 124.5 124.3 122.7 121.4 -9999 -9999 -9999 -9999 121.8 124.8 126.8 130.7 136.8 140.5 -9999 -9999 -9999 139 -9999 140.2 142.8 143.4 144 142.6 144.5 144.4 147.9 149.3 148 -9999 147.2 -9999 150 149.7 150.4 152.1 156.5 161.3 163 166.5 154 168.1 173 172.3 173.8 178.7 190.2 186.4 173.1 166.8 162.6 171.4 170.2 174.2 177.7 179.7 186.5 199.5 184.9 182 193.6 185.2 176.5 174.3
128 124 127.5 125.7 124.2 124.6 123.2 123.5 125.8 127 128.7 126 126.1 125.6 125.2 123.6 122 122.8 122.9 120.9 122.7 123.9 125.6 126.9 128.8 131.9 136.7 139.9 140.4 143.1 143.7 143.9 145.2 -9999 148.8 149.4 149 147.5 146.5 148.1 151.4 -9999 150.2 150 151.2 147.7 150.7 152.8 155.9 -9999 -9999 -9999 157.1 155 166.6 180.7 188.2 183.1 181.9 182.9 182.4 186.4 175.9 161.9 161.4 165.9 177.3 182.6 184.7 187 198.8 199.3 178.2 173 178.8 174.9 175.9
123.9 125.5 125.3 128 126.6 -9999 123.7 123 123.2 124.4 126.8 128 127.2 127 126.1 126.4 125.2 124.6 126.5 124.9 125.7 127.2 127.4 126.9 131.6 135.4 135.9 139.8 142.7 143.9 145.6 146 148.5 151.2 -9999 151.5 149.8 149.7 148.8 149.3 151.2 152 152.4 153.4 154 153.5 154.2 153.9 163.4 159.6 156.4 157.2 157.1 157.7 164.3 176.2 180.7 176.4 167.6 165.9 166.3 175.9 174 167.5 164.9 164.2 173.5 172.4 176.1 196.5 199.1 193 201.3 181.8 166.8 178.2 178.5
111.9 124.7 124.3 123.7 123.7 124.5 125.8 125.4 124.6 125.3 127 126.6 126.3 126.4 125.6 125.1 124.7 125.9 129.3 131.2 132.6 129 128.6 132 135.6 137.3 137 138.5 146.5 146.4 147 147.6 148.2 150.8 153.3 154.1 151.4 151.3 151.6 -9999 152.2 153.5 155.6 156.5 157.9 158.8 155.6 154.7 172.2 164.5 158.5 160.8 161.6 159.1 160.5 166.4 171.6 174.3 162.8 156.1 163.9 175.6 182.2 175.7 170 170.2 174.2 180.5 187.7 196.5 196.8 193.2 189.9 179.8 174.7 168 183.7
127.5 124.7 119.8 124.1 125.3 124.8 125.3 125.7 127.2 128.5 128.8 128.6 128.8 128.9 128.3 127.6 128.1 130.9 134.5 135.7 138 136.1 137.4 136.1 136.4 137.9 141.8 145.8 147.6 149 148.9 153.2 152.6 154.5 155.1 158.7 158.9 155.7 160.7 156.1 157.3 160.4 160.8 160.2 160.9 163.9 164.9 161.4 186 178.2 166.1 168.1 177.2 176.5 171 -9999 164.1 159.4 160 165.7 176.9 181.2 176.3 170.6 171.4 171.8 183.8 184.3 186.2 194.2 198 193.5 190.7 191.4 196.1 202.2 195.2
128.9 126.2 125.4 121.3 120.1 117.3 126.6 126.7 128 129.2 128.8 128.1 131 129.2 127.8 129.8 131.1 132.7 137 143 146 135.1 136.2 136.1 136.4 140.5 144.1 151.2 153.3 152.3 153.9 155.4 153.9 155.8 159.3 161.4 162.2 159 162.9 164.4 165.2 165.6 163.6 162.9 163.2 164.5 163.7 162.7 175.2 171.7 170.6 171.9 176.7 177.3 177 165.2 173.3 167.8 165.7 178.3 181.6 172.7 166.9 167.3 171.7 178.4 183.3 186.4 189.4 191 193.5 199 190.6 188.3 194.7 202.4 197.6
131 128.4 128.1 127.3 127.7 124.8 121.3 131 131.2 130.6 129.9 130.5 133 130.9 130.3 129.7 131.8 134.2 136.4 138.6 139 138.5 141.6 141.5 142.1 143.5 146.2 149.7 152 151.6 152.5 154 157.1 160.6 161.5 162.3 162.6 162.5 163.9 166 166.2 167.9 168.5 166.7 163.6 162.6 166.2 166.6 168.2 173.8 179.1 176.6 173.7 173.5 167.3 167 164.9 -9999 166.1 181.9 180 171.7 174.7 174.2 175.4 185.8 184 183.4 186.4 189.2 186.7 189.3 187.1 191.7 195.6 203.3 200.8
132 130.4 130.3 130.9 130.9 130.4 122.6 132.5 131.5 130.8 133.2 135 133.2 132 132.1 132.4 133.8 136.3 142.4 149 148.2 147.1 147.4 141.7 143.1 146 149.5 151.9 152.6 152.2 153.5 155.6 158.1 160.4 162.3 159.3 162.7 166.6 167.3 167.4 169.1 173.2 173.7 171.5 168.3 166.5 169.5 173.1 175.8 178 179.4 178 177.4 174.3 171 177 185.5 -9999 170.6 170.4 175.4 178.7 178.2 177 178.5 192.6 195.2 189.1 187 188.6 187.9 186 182.8 194.3 201.4 206.6 207
136 135.6 134.2 133.1 132.6 132.2 129.2 129.4 126.3 136.1 138.4 139.3 135.9 133.1 134 134.6 136.7 138.9 145.8 155.6 160.6 154.9 149.3 147.6 150.9 152.4 153.4 153.2 152 151.7 157.6 157.8 159.3 162.2 164.2 166 167.6 169.9 169.9 171.1 173.1 177.3 177.6 175.9 174 172.6 173.6 175.2 180.7 181.1 182.1 180.7 180.4 178.2 178.8 187.1 183 180.9 188.6 185 181.9 182.9 181 179.2 184.3 199.1 208.7 198.7 192.5 190.8 188.4 186.9 183.5 192.9 194.6 202.1 202.8
139.1 140.8 139.1 135.2 134.6 134.1 134.1 134.1 130.5 140 142.4 141.7 138.8 137 135.9 138.4 141.6 144 147.9 149.3 155.2 160.4 155.6 152.5 154.3 154.1 158.9 164.7 167 168.5 155.1 156.5 163 162.9 164 167.9 169.3 171.3 172 173.2 175.7 178.2 178.4 181.3 183.8 181.2 179.5 179.9 181.8 182.4 188.8 189.6 190.8 185 183.7 196.1 196.5 195.7 203.4 -9999 184.8 182.8 181.7 182.5 191.7 207.3 212 206.8 202 197.1 188.6 186 186.9 194.5 195.7 199.3 199.6
140.8 139.7 138.8 137.6 136.9 136.4 136.2 136.6 140.1 134.3 140.4 141.4 142.7 143.2 144.2 143.5 144.5 147.8 153.2 157.6 161.1 162.8 169.1 164.6 163.6 161.2 165.6 165.8 167.8 160.7 160.8 164.4 165.6 169 169.4 171.9 175.2 177 175.6 176.3 175 182.4 185.1 188.3 189.3 184.6 180.5 183.6 181.7 188.3 191.6 192.3 197.3 197.6 197.2 200.9 201.6 201.4 200.3 188.8 184.4 -9999 182.1 187.2 200.3 210.9 214.9 209.1 202.6 197.2 188.9 189.6 190.2 197.6 197.9 195.2 195.2
144.7 142.7 141 140.7 140 140.1 139.1 144.5 141.2 141.7 136.7 143.5 143.9 148.6 148.9 147.6 147.9 152.9 156.5 161.8 167.5 167.3 170.5 171.5 166.8 166.3 166.6 163.5 162.6 165.9 172.7 181.4 174.7 172.5 173.5 175.9 174.9 173.5 173.9 174.8 176 185.9 192.8 193.6 194 191.7 186.6 186.7 182.5 190.2 193.6 195.5 199.1 207.3 203.7 201.9 201.8 199.5 195.5 189.9 186 184 183.9 188.9 201.6 213.5 218.7 210.3 203 197.1 194.2 193.3 191.1 195.7 199.5 194.3 193
143.9 143.9 142.7 142.3 143 142.5 141.5 143.2 144.4 143.3 145.7 142.8 153.3 158.2 150.2 153 153.7 156.4 160.2 165.3 167.3 167.1 167.1 -9999 163.1 162.8 162.8 162.3 166.9 171.6 179.1 183.6 182.4 176.6 179 178.8 176.6 176.2 175.6 173.8 178.6 189 191.4 190.8 183.3 179.7 178.1 182.4 185.8 188.7 196.8 193.8 193.6 203.7 203.7 202.5 201 190.2 204.7 192.9 -9999 188.1 188.3 194.5 207.9 211.9 214.5 214.2 205 199.2 195.8 195.3 194.4 198.3 200.2 197.2 196.5
140.4 143.6 144.1 145.4 146.3 144.7 144.5 143.6 144.5 146.6 146.6 152 158.2 153.8 155.3 156.9 163.6 161.3 162.7 167.1 166.5 162.6 164 -9999 -9999 163.5 164 167.3 169.1 171.1 175.8 177.6 181.2 182.7 186.7 182 179.3 178.7 177.2 174.6 178 189.2 196.1 194 191.2 184.5 177.4 181 184.8 184 196.2 189.9 187.2 197.7 203.8 199.4 192 191.2 201.1 194.2 -9999 190.8 191 198.4 206 206.1 211.6 215.8 207 200.4 197.8 199.1 198.3 199 204.4 210.8 200.2
149.1 147.7 140.5 145.8 148.4 146.4 145.8 145.4 149.1 152 150.4 155.5 159.1 161 158.2 168.9 165.9 163.6 163 164.6 165 163.6 165.2 171.4 171.3 -9999 -9999 168.5 170.1 172.2 175.3 178.7 181.2 185.7 192.3 188 185.6 182.7 180.6 178.6 177.2 189.5 191.5 182.1 182.4 181.1 177.7 178.1 182.7 181.1 187.4 186.8 185.1 188.6 193.7 194.5 190.7 192.3 193.1 194 192.7 192.2 192.9 195.4 202.6 211.8 215.8 210 203.3 199.8 201.5 202.8 201.1 203.3 204.7 207.2 203.3
154.1 152.4 152.5 145.2 149.7 150.1 148.9 148.8 150.6 159.1 164.5 169.6 171 161 149.9 169.3 180 175.5 173.7 170.5 167.5 165.9 166.6 -9999 178.1 -9999 170.5 170.1 172.3 173.8 176.5 178.8 181.1 188.4 197.4 195.1 193.6 191 186.2 182.8 182.6 187.5 185.7 182.6 180.8 180.4 178.9 179.9 184.6 182.4 186.9 186.1 184.1 186.1 189.2 191.9 192.2 192.4 191.2 192 192.3 191.5 192.8 200.1 208.4 215.3 219.6 211.7 203.8 200.9 207 205.5 202.1 201.6 203.7 202.8 198.5
157.8 157.9 161.7 162.1 149.6 153.8 156.3 154.9 154.5 161 168.6 178.6 181 174.9 172.7 180 186.4 192.7 179 172.5 -9999 169.9 -9999 -9999 -9999 179 173.9 172.1 173.2 175.4 178.6 182.2 184.8 189.4 200 199.3 202 200.7 196.2 194.3 193.3 189.9 186.7 182.3 181.7 181.8 180.4 180.7 184.6 186.4 185.6 184.5 189.3 188.7 187.6 189.8 191.9 192.7 191.3 191.1 190.9 190.3 191 197 202.7 208.7 216 210.8 203.5 203 204.2 202.7 203.4 203.1 202.3 201.8 206.1
162.1 161.7 168 171.7 171 157.3 155.4 153.6 160.7 161.9 166.8 174 184.6 181.9 170.9 177.6 193.2 201.8 186.5 177.9 -9999 -9999 -9999 -9999 -9999 182.7 176 176.5 177 179.1 182.1 182.7 184.9 189.2 198.4 207 212.2 213.9 211.2 208 202.6 197.3 187.9 187.8 185.9 184.9 185.5 186.1 189.2 188.3 186.5 187.9 190.9 193.5 193.8 193 193.4 191.4 -9999 189.9 190.1 192.1 194.2 201.1 203.9 206.1 211.1 205.7 204.8 205.6 205.4 206.3 206.1 204.8 209.3 217.4 223.8
166.7 167.9 169.8 175.4 183.9 181.7 170 152.2 165.5 168 170.2 176.2 186.8 184.4 174.9 180.3 189.3 193.3 187 -9999 -9999 -9999 -9999 178.4 179.3 182.1 180.3 186.4 187.7 185 183.4 185.2 187.5 186.6 194.7 205 211 215.2 213.1 208.8 205.5 203.1 192.9 191.9 191 187.5 189.8 190.4 190.5 190.7 188 188.9 191.1 192 193.3 193.8 193.8 -9999 194 194.4 193.6 196.2 198.5 213.1 217.2 215.9 207.7 205 204.8 205.1 205.6 204 203.5 206.7 217.2 227.8 226.2
169.6 173.6 171.4 179.1 191.1 189 182.6 176 168.9 172.6 173.6 182.4 193.9 188.3 190.3 178.6 187.2 -9999 -9999 -9999 -9999 -9999 -9999 181.3 182.5 183.4 184.9 187.5 191.6 193.6 191 189.1 189.1 190.6 193.5 197.6 203.3 207.8 207.1 202.7 200.5 199.6 196 199.9 193.4 188.1 190.1 192.3 191 191.8 192 192.5 193.4 193.3 193.7 193.7 194.2 194.1 196 198.3 196.6 206.3 209.6 222.7 221.9 213.1 206 203.9 203.7 -9999 205 204 203 208.3 218.5 225.2 218.5
176.6 178.5 177.5 179.7 188.1 193.8 189.3 183.1 184.4 190.7 165.2 169.5 184.9 195.8 200.4 183.4 191.3 185.9 -9999 -9999 -9999 -9999 -9999 183.1 184.4 188.2 189.4 189.9 196.4 206.2 201 195.6 194.1 197.1 199.4 202.5 207.4 208 206.9 204.5 200.4 196.8 196.4 197.5 193.9 190.6 194.7 195.6 195.2 195.9 -9999 -9999 197.8 197.3 197.7 197.1 196.8 197.6 198.8 199 197.8 208 213.9 223.5 216.6 208.3 203.7 203 202.8 204 206.5 204.2 202.5 205 209.6 212.3 211.6
