features/re_bio8.asc
ncols         768
nrows         589
xllcorner     124.299398925
yllcorner     32.893460211367
cellsize      0.010567299164062
NODATA_value  -9999
[rows 320 to 351 of 589, columns 432 to 503 of 768]
18.69337 19.08283 18.36642 18.65305 18.9028 18.21255 18.0619 18.60269 18.83247 18.49179 18.54014 17.5805 17.64986 17.19477 17.39624 17.45244 17.53276 17.71308 17.36903 17.54161 16.78301 16.73222 16.94086 17.54312 18.25957 18.4671 18.18441 18.66796 18.75907 19.05577 19.44581 19.47545 19.41491 19.45875 19.48821 19.40462 18.85237 17.67039 17.33903 17.96688 18.80039 19.25968 19.401 19.26892 19.38742 19.21663 18.8152 18.2324 17.24057 23.92323 24.82125 25.40004 25.58312 26.09068 26.05921 26.16111 26.36964 -9999 -9999 -9999 -9999 -9999 -9999 -9999 -9999 -9999 -9999 -9999 -9999 -9999 -9999 -9999
18.69789 18.8057 18.86308 18.61921 18.63362 18.41814 18.75778 19.01724 18.74674 18.04875 17.53663 17.58832 16.52964 17.45301 17.9391 18.13176 17.60875 17.18767 17.12355 17.94699 16.87631 16.79237 16.9934 17.80025 18.42556 17.991 17.0828 17.88194 18.73025 18.85548 19.3686 19.24534 19.1652 19.3533 19.41444 19.1571 19.07878 18.20803 17.84943 18.31892 18.89814 19.21348 19.40552 19.43706 19.43993 19.36599 19.0381 18.38595 17.51953 24.28857 24.8605 18.19731 25.65634 26.09516 25.92251 26.25007 26.61724 -9999 -9999 -9999 -9999 -9999 -9999 -9999 -9999 -9999 -9999 -9999 -9999 -9999 -9999 -9999
17.40695 17.35251 18.5696 19.02824 18.1838 19.26889 19.31849 18.24989 17.67599 18.19251 18.80383 18.47548 18.58857 18.06075 17.68151 18.26079 17.84305 17.31878 17.14183 17.9509 16.28201 17.00857 16.30807 17.36785 17.83616 17.72606 18.12036 18.66319 18.57172 18.53649 18.89265 18.94641 19.09043 19.3795 19.45828 19.14584 18.6324 18.13301 18.32082 18.64498 18.55014 18.65326 18.99176 19.07943 19.57179 19.53943 18.8752 17.29749 17.02204 17.01161 17.36645 18.16559 18.34369 18.85943 18.64788 18.87893 19.01516 -9999 -9999 -9999 -9999 -9999 -9999 -9999 -9999 -9999 -9999 -9999 -9999 -9999 -9999 -9999
16.85928 18.0024 18.51251 19.17771 18.59072 19.32376 19.29323 18.51387 17.94222 17.7981 18.15072 18.74004 18.12129 17.30767 17.10298 17.22613 17.58563 16.8272 15.74298 17.12416 16.0985 17.29674 16.13251 17.01369 18.20857 18.52168 18.15753 17.64602 17.3524 18.82229 19.22656 19.05713 19.04728 19.24183 19.45272 19.28201 18.28591 17.69197 16.94609 17.87839 18.21688 18.33774 18.75764 19.22903 19.53333 19.64602 18.99817 18.28541 17.31186 17.01326 17.41642 18.041 18.48971 19.03853 19.0505 19.36383 19.31749 -9999 -9999 -9999 -9999 -9999 -9999 -9999 -9999 -9999 -9999 -9999 -9999 -9999 -9999 -9999
16.84695 18.4024 18.07498 19.24258 19.23936 19.25581 18.35545 18.29394 18.13677 17.9124 18.02201 18.44968 18.2652 17.28341 16.5029 16.75229 17.07874 16.30154 16.10796 17.35595 16.93563 17.33455 17.2167 16.84082 17.67606 18.45552 17.94197 17.34154 18.69251 18.98602 19.06265 18.82179 18.82609 19.13165 19.37893 19.33806 18.17039 17.46767 15.90287 17.07007 17.98817 18.28165 18.69165 19.30724 19.49276 19.5581 19.25989 18.90322 17.83928 17.58376 17.79025 18.12559 18.53771 18.64201 19.12624 -9999 -9999 -9999 -9999 -9999 -9999 -9999 -9999 -9999 -9999 -9999 -9999 -9999 -9999 -9999 -9999 -9999
18.13645 19.03566 18.66871 19.04136 19.24599 18.83817 18.54351 18.08409 17.42638 17.74616 18.09254 25.16814 18.00989 17.6791 17.30011 17.55495 16.81373 22.47158 22.6957 16.99491 16.77806 16.57366 16.91975 16.17878 16.77222 17.65376 18.03953 17.88982 17.85326 18.60086 19.13093 19.04154 18.98326 19.08634 19.10925 19.10369 17.84928 17.46215 16.2148 17.26688 18.28627 18.76781 19.069 19.34376 19.48294 19.721 19.55039 19.02297 17.88867 17.50663 17.78799 18.14186 18.39778 18.78036 19.50448 -9999 -9999 -9999 -9999 -9999 -9999 -9999 -9999 -9999 -9999 -9999 -9999 -9999 -9999 -9999 -9999 -9999
19.37842 19.62262 19.54362 19.46455 19.31516 19.25907 19.18115 18.77652 18.03996 18.16846 18.16416 24.8381 24.46513 17.95925 17.95165 17.81201 23.16875 21.86971 22.26907 16.87599 23.46072 17.0705 17.22638 15.78287 16.22566 17.02581 17.45559 17.5467 17.59168 18.52065 19.16158 19.45921 19.11943 19.04792 19.05878 19.00029 17.53688 16.43842 16.77297 17.77151 18.49746 18.90208 19.28452 19.49194 19.47953 19.61677 19.67462 19.23333 18.25925 17.52613 17.5986 18.15609 18.56921 18.71839 -9999 -9999 -9999 -9999 -9999 -9999 -9999 -9999 -9999 -9999 -9999 -9999 -9999 -9999 -9999 -9999 -9999 -9999
19.63125 19.16215 19.33921 19.25018 19.4019 19.21842 18.68753 18.31032 18.0872 18.07161 18.13319 17.56932 23.85366 23.49082 18.02631 17.83509 16.60577 22.84907 22.31251 16.74627 23.73276 17.06914 17.12846 16.36534 16.4971 17.44351 17.59968 17.50391 18.21387 18.90986 19.24287 19.27667 19.43699 19.33355 18.96742 18.60892 18.08871 17.15627 16.76158 18.26968 18.62169 19.0724 19.17975 19.21233 19.27168 19.33541 19.65093 19.35674 18.92921 18.18384 17.84265 18.18452 18.61527 18.82276 -9999 -9999 -9999 -9999 -9999 -9999 -9999 -9999 -9999 -9999 -9999 -9999 -9999 -9999 -9999 -9999 -9999 -9999
19.70179 18.9095 19.0985 19.11168 19.11831 18.70617 18.33796 17.75523 25.0952 17.42624 17.50627 17.8 17.64728 24.03025 24.30545 22.81384 23.59358 23.84283 22.81932 16.67674 16.85581 22.70215 22.56111 16.29348 17.15771 17.71713 18.13828 18.34251 18.46448 18.9019 19.20756 19.52617 19.50072 19.16749 19.08738 18.98064 18.4548 17.75559 17.84993 18.20914 18.73158 18.97667 18.91358 18.97383 19.22459 19.46093 19.64781 19.5438 19.32548 18.82308 18.04824 18.22409 18.81559 19.1715 -9999 -9999 -9999 -9999 -9999 -9999 -9999 -9999 -9999 -9999 -9999 -9999 -9999 -9999 -9999 -9999 -9999 -9999
19.79968 18.43821 18.16452 -9999 -9999 17.68885 24.79029 24.42903 24.06147 23.83695 17.36986 17.77462 17.80448 18.08692 16.97423 22.98817 21.94814 22.34462 22.91631 17.1724 16.48176 15.81427 22.12638 16.65405 17.96989 18.42735 18.22265 18.42043 19.04276 19.31097 19.08312 19.40523 19.16093 18.15932 18.5386 18.98921 18.41391 18.28315 18.68452 17.96735 18.71627 19.19208 19.1733 19.24896 19.42702 19.54792 19.65559 19.71308 19.61893 19.32247 18.18444 18.12814 18.72731 19.00416 -9999 -9999 -9999 -9999 -9999 -9999 -9999 -9999 -9999 -9999 -9999 -9999 -9999 -9999 -9999 -9999 -9999 -9999
19.7195 18.34613 17.57355 17.52835 17.68455 17.55143 24.88789 23.64624 23.29136 23.55043 24.34108 16.98556 24.36986 16.90728 22.85301 21.83237 22.51971 23.68133 24.38495 18.03659 17.60982 17.57556 16.70591 17.27742 17.95434 18.7195 19.0009 19.06362 19.26918 19.38993 19.16118 19.23918 18.8367 18.25283 18.16366 18.58452 17.71129 17.8166 18.90247 18.42276 19.04398 19.47638 19.12462 19.25011 19.55896 19.61279 19.63462 19.79341 19.71588 19.38961 18.24595 18.0467 18.51953 18.77871 -9999 -9999 -9999 -9999 -9999 -9999 -9999 -9999 -9999 -9999 -9999 -9999 -9999 -9999 -9999 -9999 -9999 -9999
19.24702 18.61312 17.97763 17.74444 17.78075 17.15753 16.78262 17.35505 17.11222 23.88233 23.44319 23.7952 24.16857 23.51398 22.28555 22.62326 24.42452 17.96835 18.37961 18.8676 18.87405 18.53642 17.50072 17.48706 18.3829 18.92064 19.03495 19.22179 19.40649 19.51846 19.50312 19.24685 18.57398 18.64308 18.45613 18.54935 18.10957 18.42054 18.6448 19.25434 19.31971 19.219 19.17842 19.40495 19.7466 19.85201 19.68735 19.65642 19.71287 19.5 18.96125 18.52079 18.63179 18.91434 -9999 -9999 -9999 -9999 -9999 -9999 -9999 -9999 -9999 -9999 -9999 -9999 -9999 -9999 -9999 -9999 -9999 -9999
19.08574 18.32828 18.5238 18.6205 18.67548 18.37875 18.25434 18.92161 17.83656 16.40495 23.4467 23.3371 22.99728 22.52706 22.14864 22.6224 23.94724 17.45692 18.2938 18.34384 18.87591 19.0386 18.54272 18.43029 18.53351 19.13706 19.28441 19.38219 19.48892 19.50742 19.47333 19.26122 18.71244 18.8509 18.18677 18.34498 18.78918 18.53165 18.56133 18.96394 19.49398 19.39405 19.03538 19.2695 19.52878 19.58584 19.63534 19.80445 19.83032 19.68688 19.17462 18.81638 18.73262 19.03642 -9999 -9999 -9999 -9999 -9999 -9999 -9999 -9999 -9999 -9999 -9999 -9999 -9999 -9999 -9999 -9999 -9999 -9999
18.95061 19.02509 19.32624 19.55599 19.69667 19.47237 19.12516 19.0162 18.7347 18.02663 17.93405 17.67115 16.58821 23.24111 16.82215 23.63111 24.36563 17.26882 17.76889 18.67362 19.18369 19.38573 19.36151 19.31624 19.42943 19.45914 19.51197 19.5681 19.45136 19.2205 19.07434 19.16892 19.24362 18.82885 18.58176 18.69265 19.19617 19.13434 19.21348 19.01978 19.53125 19.38957 19.15527 19.29065 19.49907 19.47366 19.46376 19.70229 19.77993 19.80007 19.30774 19.06839 18.61606 18.77319 19.44706 -9999 -9999 -9999 -9999 -9999 -9999 -9999 -9999 -9999 -9999 -9999 -9999 -9999 -9999 -9999 -9999 -9999
18.40756 19.66265 19.90986 19.90656 19.60667 18.97817 18.37921 18.37444 18.44122 18.73566 18.89165 18.54742 17.39283 17.11448 17.93 17.5638 24.31366 17.48978 23.93599 18.67792 19.23308 19.48258 19.58348 19.5228 19.64491 19.6362 19.63065 19.58674 19.48215 19.31842 19.13269 19.10745 19.36803 18.88724 18.78183 19.00305 19.47341 19.47427 19.45319 19.44197 19.64731 19.36548 19.4115 19.50814 19.60018 19.53606 19.58889 19.84394 19.91817 19.76699 19.20215 18.8691 18.3128 18.66806 19.25129 -9999 -9999 -9999 -9999 -9999 -9999 -9999 -9999 -9999 -9999 -9999 -9999 -9999 -9999 -9999 -9999 -9999
18.64387 19.84068 20.01326 19.83305 19.4034 18.74509 18.22939 18.33788 18.19724 18.69279 18.81799 18.63871 18.35158 18.04781 17.46498 23.7705 23.38591 17.06953 24.12326 18.29502 18.7514 19.32749 19.589 19.65706 19.48771 19.33477 19.66695 19.46018 19.24369 19.09867 19.00197 19.05179 19.3214 19.38577 19.24269 19.31125 19.57337 19.54237 19.6114 19.73871 19.58764 19.58426 19.46065 19.40208 19.45255 19.60857 19.76584 19.88437 19.95104 19.83634 19.46204 19.23272 18.93982 18.74685 -9999 -9999 -9999 -9999 -9999 -9999 -9999 -9999 -9999 -9999 -9999 -9999 -9999 -9999 -9999 -9999 -9999 -9999
18.79663 19.97373 20.03527 19.95394 19.55491 19.03398 18.63387 18.32054 18.04118 18.54 18.13004 17.76803 17.41806 17.15921 16.96427 16.90172 17.11057 17.11541 23.96867 18.47219 18.69419 19.08229 19.39341 19.31631 19.51857 19.5614 19.71523 19.42079 19.06021 18.93064 18.97814 19.05953 19.24742 19.70642 19.46014 19.47695 19.64928 19.6491 19.71588 19.69348 19.42717 19.59093 19.53337 19.55057 19.71409 19.90308 19.95362 19.90398 19.89495 19.83204 19.57315 19.46799 19.02968 18.93029 -9999 -9999 -9999 -9999 -9999 -9999 -9999 -9999 -9999 -9999 -9999 -9999 -9999 -9999 -9999 -9999 -9999 -9999
18.70401 19.3957 19.28129 19.47581 19.22305 18.91412 18.68871 18.28749 18.20595 17.77968 17.57179 23.99738 23.85767 23.90649 24.34437 17.74907 17.76667 17.12545 23.65746 18.50846 18.82398 19.01538 19.23287 19.26147 19.17677 19.36484 19.57047 19.34523 19.06573 19.03211 19.06412 19.17724 19.37158 19.29957 19.11043 19.46584 19.72172 19.72928 19.82581 19.81792 19.73975 19.82527 19.81158 19.92799 19.98591 20.02082 20.03272 20.03681 20.00029 19.89032 19.83057 19.54613 18.94685 18.45276 18.61251 -9999 -9999 -9999 -9999 -9999 -9999 -9999 -9999 -9999 -9999 -9999 -9999 -9999 -9999 -9999 -9999 -9999
18.69513 19.37692 18.48462 18.25477 17.96559 18.12369 18.32581 18.22796 18.34538 23.70738 17.43495 17.10695 23.04606 23.47839 17.34986 17.93387 18.03627 17.34104 23.71287 17.84638 18.31602 18.68452 18.9362 19.03523 19.06047 19.16398 19.25072 19.25971 19.0881 18.93219 18.94201 19.23538 19.55151 19.37541 19.01563 19.32796 19.53685 19.6686 20.04111 20.27057 20.14839 20.09011 20.07559 20.07742 20.11452 -9999 20.07996 20.06656 19.99706 19.92426 19.89319 19.59907 19.18491 18.58642 -9999 -9999 -9999 -9999 -9999 -9999 -9999 -9999 -9999 -9999 -9999 -9999 -9999 -9999 -9999 -9999 -9999 -9999
19.3471 18.96358 18.72617 18.52054 18.19613 18.24978 18.74104 18.89405 18.21129 17.789 18.05065 17.81054 17.0481 16.95634 17.44763 17.90749 17.98229 17.59957 17.07348 24.41029 17.90376 18.44695 18.81215 18.97373 19.08595 19.12333 19.12011 18.91885 18.819 18.83878 19.05731 19.21416 19.19301 18.97509 18.36803 17.93437 18.44222 19.10996 19.85312 20.21656 20.14061 20.08774 20.08638 20.0752 20.20358 20.32742 -9999 -9999 -9999 -9999 19.83401 19.75656 19.19301 18.67498 -9999 -9999 -9999 -9999 -9999 -9999 -9999 -9999 -9999 -9999 -9999 -9999 -9999 -9999 -9999 -9999 -9999 -9999
19.53161 19.40961 19.52731 19.56136 19.30416 19.09308 19.30301 19.28982 18.48634 17.79896 18.16918 18.07118 17.69161 17.45785 17.88674 18.14423 17.98559 17.86118 17.35817 17.219 18.01362 18.60018 18.81355 18.87842 18.93667 18.89706 18.76627 18.57047 18.65842 18.83638 18.89774 19.08118 19.15452 19.11882 18.99656 18.12516 19.31491 19.43333 19.52566 19.56082 19.6519 19.95373 20.39287 20.69914 20.60749 20.50853 20.51936 20.26652 -9999 -9999 -9999 -9999 -9999 19.03115 -9999 -9999 -9999 -9999 -9999 -9999 -9999 -9999 -9999 -9999 -9999 -9999 -9999 -9999 -9999 -9999 -9999 -9999
19.53831 19.3471 19.6647 19.50093 18.74681 18.87867 19.39312 19.25796 18.55982 18.12548 17.5153 17.59767 17.28531 17.78337 18.27297 18.07932 17.62143 17.20638 23.93376 17.73154 18.38222 18.77487 18.90584 18.9091 18.84434 18.76746 18.77638 18.77158 18.73412 18.85391 18.7743 19.01724 19.2071 19.18337 18.96961 18.28814 19.46086 19.53552 19.64763 19.80032 19.90677 20.17581 20.60265 20.411 19.95272 19.891 -9999 -9999 -9999 -9999 -9999 -9999 -9999 -9999 -9999 -9999 -9999 -9999 -9999 -9999 -9999 -9999 -9999 -9999 -9999 -9999 -9999 -9999 -9999 -9999 -9999 -9999
19.48108 18.99186 19.33265 19.51742 19.03495 18.66186 19.02247 19.14588 18.59928 18.01742 17.7676 17.48803 17.71645 18.1443 18.16204 17.70677 16.94294 16.62882 17.35136 18.5429 18.77724 18.85656 18.96756 19.05875 19.0653 18.98606 18.90799 18.85272 18.75692 18.83484 18.861 18.97312 19.16405 19.14075 19.00663 19.08756 18.97111 19.28466 19.39674 19.74298 20.34495 20.67638 20.62659 20.64312 20.71538 20.65459 -9999 -9999 -9999 -9999 -9999 -9999 -9999 -9999 -9999 -9999 -9999 -9999 -9999 -9999 -9999 -9999 -9999 -9999 -9999 -9999 -9999 -9999 -9999 -9999 -9999 -9999
19.53473 19.03688 19.27419 19.42713 19.40409 19.01914 18.9619 19.10047 19.04889 18.7762 18.47477 18.12907 18.49 18.77584 18.48419 17.98258 17.46853 17.46817 18.15029 18.86982 18.97427 18.83441 19.23781 19.30577 19.11864 18.95047 18.85136 18.81495 18.84133 18.85541 18.78061 18.86853 19.07272 19.06591 19.03756 19.30473 18.75566 19.10677 19.35172 19.8143 20.46556 20.7652 20.75523 21.09885 21.35444 21.28176 21.01115 -9999 -9999 -9999 -9999 -9999 -9999 -9999 -9999 -9999 -9999 -9999 -9999 -9999 -9999 -9999 -9999 -9999 -9999 -9999 -9999 -9999 -9999 -9999 -9999 -9999
19.46219 18.96208 18.95315 18.96638 19.41287 19.23143 18.82563 18.96957 19.21154 19.00699 18.5176 18.22674 18.89778 18.78756 18.25613 17.86552 17.87631 18.28004 18.72548 19.07728 18.82323 19.07423 19.37742 19.35943 19.15247 18.9324 18.74441 18.63534 18.66161 18.62871 18.80014 18.94301 19.069 18.92581 18.92061 19.28258 19.23333 19.53462 19.56509 19.81412 20.14247 20.61781 21.06036 21.26674 -9999 -9999 21.20337 20.7671 -9999 -9999 -9999 -9999 -9999 -9999 -9999 -9999 -9999 -9999 -9999 -9999 -9999 -9999 -9999 -9999 -9999 -9999 -9999 -9999 -9999 -9999 -9999 -9999
19.24007 19.10928 18.87523 18.5815 19.24129 18.83889 18.47477 18.74298 18.91118 18.88477 18.93545 18.58326 19.04283 18.60939 17.98677 18.03387 18.33846 18.63104 18.65936 18.70111 18.97283 19.29183 19.42799 19.37032 19.09502 18.60767 18.36996 18.57667 18.50204 18.7772 19.03061 19.18803 19.16788 19.06358 19.13197 19.39455 19.45946 19.8266 20.18448 20.03255 20.16434 20.55301 20.86018 20.96319 -9999 20.97692 -9999 -9999 -9999 -9999 -9999 -9999 -9999 -9999 -9999 -9999 -9999 -9999 -9999 -9999 -9999 -9999 -9999 -9999 -9999 -9999 -9999 -9999 -9999 -9999 -9999 -9999
18.37262 18.63968 19.00928 18.7333 18.89814 18.73236 18.47695 18.36351 18.25226 18.28849 18.68448 18.98918 18.63595 18.13634 18.18921 18.68728 18.96871 18.97957 18.89588 18.6472 19.13018 19.41835 19.52566 19.33057 19.12244 18.79344 18.43369 18.33276 18.55803 18.84409 19.15029 19.4357 19.36308 19.2619 19.46928 19.61258 19.02957 19.42581 19.90376 19.89143 20.24961 20.72857 20.74147 20.47839 20.44624 -9999 -9999 -9999 -9999 -9999 -9999 -9999 -9999 -9999 -9999 -9999 -9999 -9999 -9999 -9999 -9999 -9999 -9999 -9999 -9999 -9999 -9999 -9999 -9999 -9999 -9999 -9999
18.83624 18.56065 18.68373 18.709 18.51556 18.4614 18.31165 18.22366 18.31932 18.39419 18.58656 18.97588 18.50072 17.9538 18.37835 18.82373 19.09749 19.18656 19.26767 19.0862 19.42832 19.68971 19.5134 19.24236 19.20383 19.10147 18.84928 18.68982 18.73724 19.09699 19.23236 19.66154 19.33168 19.58674 19.67312 19.43713 19.07892 19.18143 19.27713 19.52455 19.66168 20.15265 20.41168 20.12566 19.88151 -9999 -9999 -9999 -9999 -9999 -9999 -9999 -9999 -9999 -9999 -9999 -9999 -9999 -9999 -9999 -9999 -9999 -9999 -9999 -9999 -9999 -9999 -9999 -9999 -9999 -9999 -9999
19.36631 18.81007 18.37889 18.76057 18.23749 18.10283 18.85387 18.96287 18.84624 18.93642 18.96165 18.7272 18.49624 18.14086 18.09444 18.2605 18.77419 19.12276 19.29427 19.31728 19.57233 19.62803 19.45057 19.44588 19.14068 19.08434 19.07 18.90186 18.85659 19.2505 19.441 19.43086 19.72043 19.86896 19.70799 19.50136 19.46366 19.54029 19.27645 19.45337 19.80441 20.00746 20.07541 19.99613 19.84093 19.81337 -9999 -9999 -9999 -9999 -9999 -9999 -9999 -9999 -9999 -9999 -9999 -9999 -9999 -9999 -9999 -9999 -9999 -9999 -9999 -9999 -9999 -9999 -9999 -9999 -9999 -9999
19.58961 19.02771 19.12996 19.12807 18.94767 18.42613 18.43806 18.90796 19.17846 19.23885 19.12663 18.78878 18.4048 18.16161 17.7238 17.86136 18.18792 18.59921 19.01505 19.49004 19.66462 19.48473 19.22685 19.21896 18.9557 18.58907 18.53201 18.86875 19.29448 19.46387 19.47975 19.64918 19.7972 19.42444 19.56763 19.71964 19.72513 19.69143 19.89928 19.7014 19.86695 19.58362 19.69695 20.01678 19.99236 -9999 -9999 -9999 -9999 -9999 -9999 -9999 -9999 -9999 -9999 -9999 -9999 -9999 -9999 -9999 -9999 -9999 -9999 -9999 -9999 -9999 -9999 -9999 -9999 -9999 -9999 -9999
19.67631 19.49724 19.53796 19.25434 18.79369 18.44935 18.59014 19.0014 19.31695 19.13226 18.70889 18.56781 18.53462 17.96487 18.06828 17.86577 18.28262 18.5762 18.97215 19.49455 19.62272 19.29645 18.71283 18.65559 18.71018 18.26631 18.29186 18.86642 19.40322 19.57688 19.64434 19.83552 19.77369 19.53545 19.3371 18.91208 19.05961 19.32677 19.47548 19.94154 19.89201 19.63362 19.45753 19.57724 19.76921 19.81928 -9999 -9999 -9999 -9999 -9999 -9999 -9999 -9999 -9999 -9999 -9999 -9999 -9999 -9999 -9999 -9999 -9999 -9999 -9999 -9999 -9999 -9999 -9999 -9999 -9999 -9999
19.64778 19.5885 19.57312 19.21147 18.78039 18.18323 18.78154 19.29735 19.26523 18.82172 18.56211 18.50502 18.29735 18.29283 18.77215 18.60602 18.35745 18.49925 18.98434 19.49337 19.51936 19.259 18.53469 18.29122 18.26301 17.94262 18.17287 18.87183 19.44595 19.64143 19.78824 19.72294 19.44401 19.12122 18.7024 18.30602 18.79534 19.23953 19.58405 20.29817 19.77799 19.91426 19.65287 19.48039 19.53513 -9999 -9999 -9999 -9999 -9999 -9999 -9999 -9999 -9999 -9999 -9999 -9999 -9999 -9999 -9999 -9999 -9999 -9999 -9999 -9999 -9999 -9999 -9999 -9999 -9999 -9999 -9999
