features/re_bio4.asc
ncols         768
nrows         589
xllcorner     124.299398925
yllcorner     32.893460211367
cellsize      0.010567299164062
NODATA_value  -9999
[rows 256 to 287 of 589, columns 288 to 359 of 768]
1011.683 1013.536 1015.328 1014.061 1019.273 1018.413 1018.439 1019.078 1018.852 1017.228 1013.361 1011.633 1014.368 1017.4 1015.181 1016.829 1016.881 1017.824 1020.027 1020.99 1019.511 1017.627 1028.932 1028.199 1035.024 1036.377 1033.409 1036.088 1032.482 1022.268 1027.54 1023.153 1027.928 1037.576 1045.352 1044.21 1030.284 1032.081 1033.579 1031.396 1029.839 1028.981 1028.412 1027.362 1031.004 1025.613 1027.961 1029.932 1030.23 1028.44 1022.871 1016.659 1017.123 1022.678 1012.871 1011.248 1013.575 1021.44 1026.565 1011.809 1010.34 1013.65 1014.722 1011.182 1006.412 1003.787 1003.1 1005.398 1006.04 999.3429 999.8672 1000.69
1015.162 1010.498 1010.091 1012.05 1010.846 1013.077 1013.901 1014.601 1014.504 1014.609 1014.573 1012.313 1011.851 1016.848 1012.099 1016.159 1018.48 1021.144 1020.04 1018.406 1018.597 1016.761 1029.04 1028.801 1032.601 1034.168 1036.244 1042.061 1036.279 1022.604 1024.73 1024.214 1024.153 1031.249 1038.771 1036.169 1025.509 1032.879 1034.767 1033.028 1031.014 1027.975 1026.141 1024.626 1025.248 1034.075 1031.435 1032.792 1030.63 1020.198 1011.212 1016.065 1016.018 1025.248 1030.318 1023.322 1017.689 1017.842 1010.394 1010.262 1008.747 1008.261 1009.84 1008.255 1001.145 997.4468 1005.461 1012.813 1001.253 1004.286 1000.165 996.0014
1011.611 1010.809 1007.725 1004.159 998.0055 1004.34 1007.859 1010.685 1012.117 1009.596 1009.073 1008.098 1006.55 1010.348 1012.176 1013.503 1016.544 1018.872 1018.423 1017.59 1017.397 1018.341 1035.057 1036.175 1032.911 1035.206 1039.028 1037.458 1034.522 1025.827 1021.966 1025.006 1033.833 1040.08 1040.065 1035.955 1032.436 1034.481 1033.864 1037.545 1029.336 1021.366 1025.681 1027.962 1023.609 1031.735 1030.76 1026.261 1018.926 1013.978 1015.622 1019.823 1019.043 1028.241 1028.016 1018.884 1013.499 1010.976 1012.315 1012.805 1010.311 1010.174 1003.575 998.0349 993.6387 992.6578 1002.713 1012.09 1005.947 1001.915 1010.992 1006.762
1007.936 1005.356 1001.407 996.8845 994.128 993.841 996.1647 1004.312 1006.732 1006.193 1005.438 1005.716 1006.337 1008.668 1012.497 1012.869 1016.471 1015.497 1018.439 1020.776 1018.884 1017.212 1019.053 1020.106 1018.927 1028.036 1036.727 1032.899 1022.08 1021.106 1027.5 1030.242 1032.989 1033.141 1034.656 1039.964 1042.519 1031.199 1033.289 1038.144 1027.061 1021.356 1027.937 1027.224 1025.805 1026.463 1027.712 1025.624 1023.427 1023.509 1025.377 1024.673 1026.618 1029.601 1015.482 1013.762 1014.565 1013.881 1013.675 1017.208 1017.454 1020.347 1013.621 1012.214 1009.502 999.7874 998.2428 1014.064 1016.462 1010.765 1008.078 1006.252
1008.115 1001.832 998.2088 994.5693 992.7044 994.3418 998.6483 1003.125 1004.581 1005.36 1005.816 1004.937 1005.529 1013.137 1015.456 1013.752 1013.411 1013.461 1012.952 1014.856 1017.026 1018.044 1021.158 1020.467 1021.424 1023.655 1026.928 1028.923 1026.28 1022.463 1025.342 1027.352 1027.658 1026.881 1028.747 1034.472 1037.684 1028.314 1031.1 1021.272 1017.828 1022.595 1025.954 1026.74 1021.169 1035.528 1032.018 1018.74 1018.231 1023.204 1025.148 1027.583 1032.667 1023.601 1020.623 1021.943 1021.381 1015.088 1014.921 1012.404 1017.848 1026.144 1020.298 1013.071 1010.307 1010.443 1008.786 1016.668 1030.007 1006.881 1004.813 1005.045
1012.285 1003.076 998.3566 996.3422 994.8312 996.3469 998.9406 1001.07 1003.546 1004.51 1006.501 1006.403 1006.484 1010.358 1014.787 1013.504 1013.809 1013.422 1013.821 1015.99 1016.18 1013.238 1021.797 1022.922 1020.993 1021.191 1031.723 1038.343 1031.039 1041.191 1034.474 1032.959 1030.161 1027.991 1028.278 1029.466 1029.314 1028.684 1027.46 1011.968 1016.435 1016.928 1016.3 1032.253 1028.672 1041.558 1037.926 1027.419 1025.748 1026.614 1023.426 1020.084 1025.804 1012.217 1013.227 1017.312 1015.891 1012.757 1013.425 1010.698 1021.912 1026.321 1020.906 1015.921 1013.561 1014.359 1015.747 1013.01 1022.67 1009.663 1003.721 1005.147
1013.838 1009.491 1005.611 1001.928 998.3436 998.1954 998.5582 1000.395 1002.945 1004.494 1006.602 1008.438 1009.13 1010.049 1012.699 1013.073 1013.181 1013.154 1015.112 1013.014 1011.983 1019.927 1023.548 1026.047 1025.678 1030.428 1029.991 1026.136 1025.502 1021.084 1025.192 1028.266 1027.798 1027.286 1030.274 1035.494 1034.938 1021.029 1028.784 1013.797 1021.158 1030.599 1034.364 1042.721 1042.141 1034.954 1037.879 1034.465 1031.842 1029.785 1026.794 1022.078 1014.743 1001.12 1001.518 1008.584 1012.909 1014.339 1014.235 1016.224 1022.173 1024.768 1017.537 1015.165 1016.255 1018.889 1020.971 1017.617 1014.49 1011.414 1005.185 1004.557
1009.924 1014.607 1011.58 1005.579 1000.039 997.3019 999.6214 1000.536 1002.499 1004.163 1006.181 1008.408 1010.232 1010.407 1011.787 1012.465 1011.629 1013.262 1015.408 1014.325 1014.702 1019.353 1030.049 1030.721 1032.2 1027.723 1027.203 1031.593 1033.475 1027.401 1027.159 1023.042 1025.303 1027.714 1032.07 1029.607 1018.601 1020.4 1041.528 1025.651 1028.74 1040.3 1049.036 1049.674 1049.445 1046.965 1043.368 1037.721 1033.732 1031.934 1028.642 1022.201 1012.973 999.3325 1002.84 1014.158 1018.174 1015.234 1014.519 1014.78 1021.246 1015.698 1014.67 1016 1021.107 1021.514 1017.126 1015.807 1011.15 1011.286 1004.306 999.2007
1015.676 1014.183 1012.722 1008.018 1002.658 999.6257 996.4968 997.1676 999.6675 1002.729 1004.818 1006.889 1008.896 1010.37 1010.994 1011.426 1008.994 1014.041 1016.112 1017.88 1019.872 1021.774 1029.044 1034.421 1036.746 1032.255 1029.563 1029.477 1029.547 1030.894 1031.136 1028.365 1029.997 1029.272 1029.706 1028.49 1026.741 1030.324 1035.143 1032.522 1042.752 1048.397 1045.444 1041.437 1043.566 1042.859 1034.591 1032.567 1031.221 1031.748 1018.968 1005.618 1014.146 1005.825 1017.846 1026.052 1024.342 1018.251 1013.674 1011.597 1007.251 1012.258 1018.673 1021.383 1026.056 1021.16 1010.959 1013.591 1013.054 1005.203 1000.429 996.2494
1016.779 1018.044 1011.93 1007.331 1002.306 998.5186 992.3455 992.9654 996.5421 1001.801 1003.003 1005.398 1008.818 1010.563 1010.148 1007.298 1011.421 1012.4 1013.02 1017.761 1022.529 1024.733 1030.034 1032.142 1034.581 1032.974 1030.028 1030.235 1035.121 1044.048 1049.406 1035.417 1031.223 1028.198 1030.375 1029.128 1027.379 1034.722 1024.963 1041.04 1043.957 1041.62 1037.272 1035.891 1038.338 1036.012 1034.355 1029.684 1026.667 1018.743 1010.649 1008.296 1013.927 1016.869 1024.501 1022.364 1019.152 1008.565 1012.036 1010.525 1007.617 1012.343 1016.331 1018.286 1017.45 1012.378 1004.656 1002.55 1010.731 1006.282 1002.309 992.6749
1018.84 1015.337 1010.46 1004.531 995.9554 991.0052 988.9381 989.9262 993.8037 1000.042 1005.25 1005.535 1006.437 1008.194 1006.642 1003.285 1003.475 1012.026 1015.323 1019.058 1022.505 1024.568 1028.89 1029.719 1032.411 1033.093 1032.621 1032.807 1036.69 1043.865 1048.871 1029.88 1030.668 1026.311 1023.699 1021.463 1021.003 1029.391 1032.7 1034.109 1034.442 1034.672 1032.665 1029.873 1029.321 1026.607 1026.755 1031.653 1017.639 1018.852 1018.231 1013.864 1019.384 1023.684 1027.762 1016.529 994.1851 1004.01 1011.159 1013.281 1018.189 1019.214 1021.867 1000.594 988.3114 995.494 1003.964 1002.878 1006.956 1007.379 1002.963 998.8879
1017.907 1012.13 1006.876 1001.813 994.1128 988.8819 988.9643 990.1697 991.974 1000.784 1005.6 1005.672 1007.667 1008.794 1004.39 1000.681 1006.931 1014.914 1017.637 1018.707 1019.702 1021.98 1027.8 1031.762 1033.672 1035.214 1034.638 1033.904 1034.909 1039.651 1040.862 1029.515 1027.777 1025.416 1022.727 1024.245 1028.168 1029.914 1025.529 1027.967 1032.719 1032.266 1030.173 1028.76 1026.635 1026.449 1022.02 1025.389 1017.337 1020.793 1021.913 1019.504 1021.532 1022.899 1019.456 979.6282 996.1743 1004.193 1005.708 1012.029 1017.176 1016.893 1004.406 1001.419 1004.95 998.2111 989.3517 990.4094 998.2603 1003.978 1002.898 1002.64
1015.825 1011.686 1007.339 1003.322 994.9764 990.1974 989.4233 991.5881 991.715 997.3268 1004.148 1006.086 1006.889 1009.373 1008.879 1006.743 1014.425 1019.368 1020.44 1019.374 1022.449 1026.372 1027.592 1031.998 1033.327 1034.24 1033.762 1032.221 1031.289 1031.549 1033.099 1036.465 1020.143 1022.38 1023.648 1030.408 1033.618 1028.152 1027.962 1028.647 1029.673 1027.884 1027.215 1024.089 1018.952 1023.256 1024.032 1028.585 1018.792 1018.396 1019.953 1022.163 1022.628 1014.218 998.4631 1006.854 1009.701 1006.648 1006.342 1006.06 1007.728 1012.336 1017.563 1007.599 979.0316 968.8393 978.3184 992.0525 1000.05 1002.062 1002.79 1002.28
1014.055 1010.768 1003.77 1004.679 1001.423 1001.136 1001.809 999.129 997.0623 1000.977 1003.67 1006.755 1011.506 1014.709 1013.467 1011.897 1019.178 1020.279 1022.557 1022.298 1026.026 1031.662 1026.766 1027.454 1027.643 1029.235 1029.378 1028.734 1028.094 1027.477 1028.403 1031.942 1022.901 1023.666 1023.741 1024.043 1025.786 1028.785 1030.231 1015.155 1016.997 1023.8 1024.315 1024.853 1026.862 1027.054 1029.531 1018.688 1019.805 1009.263 1015.535 1024.683 1006.157 972.0433 1005.853 1014.391 982.5027 994.4609 994.6899 991.2175 971.7334 924.4396 967.8224 962.4377 940.6535 957.963 974.1938 974.6516 977.9929 990.0031 996.8937 1000.811
1018.33 1013.028 1005.951 1010.257 1007.667 1008.055 1008.541 1003.167 998.5195 1000.837 1004.302 1004.357 1009.295 1014.49 1013.935 1016.109 1018.259 1020.755 1024.479 1025.13 1025.961 1027.439 1029.292 1026.408 1023.544 1021.249 1027.568 1030.147 1029.504 1027.575 1025.379 1024.459 1008.013 1001.579 1011.787 1015.845 1019.282 1026.294 1027.755 1015.589 1022.413 1028.252 1026.695 1023.43 1022.833 1023.183 1032.423 1023.634 1020.099 1017.421 1020.867 1017.176 1010.131 1009.123 1003.073 992.959 989.6512 986.4915 975.743 948.4751 924.3143 919.1827 952.8409 953.4645 929.9077 949.3931 955.7945 943.4376 944.1156 964.8428 996.1836 998.6711
1014.39 1018.283 1010.83 1009.063 1005.683 1008.85 1011.229 1003.926 1004.04 1004.606 1005.275 1010.008 1013.599 1012.701 1010.241 1011.519 1018.284 1022.725 1023.672 1031.392 1029.137 1023.351 1027.411 1025.093 1024.139 1023.931 1023.14 1022.976 1023.009 1022.4 1022.937 1024.973 1021.645 1016.025 1002.009 1002.316 1010.455 1010.948 1007.715 1025.902 1019.997 1026.003 1024.111 1021.315 1024.372 1027.626 1021.809 1027.948 1027.52 1024.428 1020.583 1015.63 1004.397 994.1409 997.7407 990.5309 996.4962 970.5057 955.1323 935.3198 923.3087 923.0579 946.5019 936.801 954.3016 949.4645 932.3432 928.0749 944.9696 971.9766 995.306 994.5964
1015.967 1014.999 1009.239 1006.279 1005.596 1006.763 1011.074 1006.043 1007.561 1003.7 1001.906 1006.103 1011.99 1014.302 1011.178 1009.779 1019.599 1023.913 1029.719 1025.883 1021.878 1021.347 1024.928 1026.305 1026.249 1027.664 1025.751 1023.274 1020.873 1020.547 1022.814 1027.379 1032.067 1028.85 1027.606 1029.866 1029.449 1020.734 1015.249 1027.835 1031.822 1018.703 1012.976 1012.804 1020.795 1029.202 1017.668 1022.861 1026.854 1020.253 1016.779 1015.232 1007.366 996.3376 995.2373 983.3763 982.0787 968.3578 945.8152 935.5447 941.0457 939.2933 929.2797 922.1541 943.4932 936.5175 922.2584 934.1942 964.2286 980.8077 993.0599 993.4116
1011.367 1009.175 1006.733 1009.917 1010.26 1007.695 1008.406 1003.388 1003.703 1001.621 1007.679 1008.746 1009.455 1009.129 1009.497 1016.078 1028.359 1019.854 1019.711 1020.948 1025.44 1028.241 1031.855 1028.282 1024.5 1025.52 1026.105 1024.7 1023.911 1024.184 1023.7 1026.194 1032.116 1029.398 1034.546 1037.923 1034.756 1033.284 1038.076 1033.502 1020.607 1025.022 1019.608 1021.79 1029.345 1030.7 1023.07 1019.193 1014.295 1017.584 1016.336 1012.794 1004.932 1001.797 1009.227 996.8617 986.4406 960.8147 935.4443 939.0061 958.8845 945.2476 935.3256 956.302 946.2876 944.8493 943.121 957.6871 978.7049 984.8826 988.4967 994.8967
1009.661 1007.795 1004.683 1004.315 1013.673 1010.363 1008.495 1002.255 1006.209 1003.91 1010.112 1010.079 1008.091 1009.482 1013.587 1016.446 1016.266 1016.348 1018.488 1026.023 1031.146 1031.238 1026.123 1027.069 1024.381 1031.006 1029.406 1028.774 1027.404 1027.277 1027.452 1025.556 1027.435 1032.112 1037.901 1035.734 1027.084 1025.174 1026.63 1011.482 1003.399 1016.601 1012.625 1012.161 1017.929 1024.052 1025.638 1014.707 1008.492 1014.643 1004.798 1005.979 1004.821 1001.792 1007.325 996.6385 992.455 972.0411 956.5793 957.2037 961.8817 954.1176 959.4876 962.1794 948.1427 957.882 961.0079 965.4877 972.967 971.3365 962.5311 988.7734
1014.487 1009.84 1004.852 1007.225 1014.708 1012.647 1008.824 1006.466 1004.263 1009.811 1007.912 1005.242 1010.148 1015.705 1016.697 1014.061 1014.283 1016.443 1020.876 1026.882 1025.286 1022.687 1025.762 1025.369 1032.741 1039.623 1035.89 1030.966 1027.382 1026.297 1026.204 1022.872 1011.062 1018.23 1020.406 1028.036 1034.266 1034.996 1028.288 1028.615 1026.492 1015.577 1014.826 1017.569 1023.365 1026.767 1021.685 1013.468 997.3019 997.502 1008.549 1011.878 1010.352 1006.501 997.7441 987.7147 986.1937 977.0705 974.5651 967.2621 954.9664 952.6439 963.6061 962.3246 951.774 950.7612 960.0295 962.0393 957.7573 951.3563 948.0875 990.4558
1017.653 1011.136 1010.282 1018.578 1018.824 1014.133 1009.57 1007.765 1006.759 1005.734 1004.511 1011.515 1016.202 1017.801 1016.725 1016.155 1019.678 1022.502 1021.677 1022.785 1023.63 1021.204 1020.894 1023.468 1029.634 1030.684 1034.392 1032.444 1027.207 1025.884 1027.966 1023.67 1003.658 982.7815 1014.193 1021.994 1028.149 1030.382 1029.363 1027.112 1020.904 1027.316 1025.57 1019.288 1015.336 1017.656 1017.692 1003.154 1008.829 998.0139 1013.855 1017.142 1007.494 993.6393 987.1971 996.8047 997.4771 975.8717 958.4806 954.296 937.8699 922.1937 946.8703 964.9528 959.3559 948.8576 954.0815 955.2132 945.5712 942.1171 964.6463 991.3257
1012.472 1009.664 1021.123 1014.966 1016.924 1014.955 1012.262 1013.645 1013.68 1017.901 1016.928 1017.962 1021.809 1019.251 1016.588 1018.359 1020.857 1021.822 1021.103 1021.945 1020.645 1019.17 1022.167 1023.104 1028.204 1021.092 1026.063 1023.561 1022.066 1024.268 1026.858 1022.222 1006.481 1001.507 1034.487 1029.504 1022.86 1018.072 1015.118 1022.936 1044.15 1032.517 1026.947 1025.792 1009.972 999.9825 1003.888 984.7471 1003.051 1013.465 1015.418 1010.252 1003.638 993.8708 985.3351 988.4974 1001.438 988.1878 962.3876 945.2838 925.463 920.1293 953.0025 958.4365 968.6974 953.9268 953.4114 959.5376 945.8856 937.7375 965.6922 978.7567
1006.653 1009.795 1020.964 1016.899 1018.737 1018.834 1015.492 1015.958 1020.001 1018.763 1017.932 1020.035 1024.192 1022.954 1019.89 1019.76 1021.109 1026.219 1021.255 1021.381 1021.126 1022.008 1022.652 1023.559 1026.413 1018.986 1020.112 1017.638 1020.686 1024.264 1021.032 1007.456 993.1646 1011.966 1033.372 1037.075 1032.906 1019.785 1010.155 1016.857 1033.87 1040.949 1035.746 1033.976 1027.724 1013.642 998.0712 996.0953 1017.285 1002.796 995.2991 988.0356 988.8334 977.1694 965.9188 986.4468 991.4879 983.9346 959.2182 954.6946 943.2086 927.7765 939.7676 967.8635 981.7964 947.2742 955.5663 964.1206 959.924 953.8961 957.0501 958.817
1014.227 1014.652 1018.374 1015.168 1021.153 1023.937 1022.266 1020.007 1019.105 1016.959 1019.518 1020.973 1025.36 1027.247 1024.724 1022.207 1022.783 1025.211 1027.679 1022.617 1021.757 1023.993 1023.562 1023.75 1021.538 994.1003 1011.363 1022.862 1026.794 1020.802 1016.396 1014.417 1004.022 1018.913 1028.504 1029.531 1028.755 1021.125 1012.665 1024.543 1033.458 1040.126 1038.237 1037.313 1031.571 1023.345 1016.353 1009.837 1011.306 1006.295 983.803 967.5236 958.8289 960.1843 974.3567 994.2463 994.0701 982.1956 964.4712 932.72 918.3084 929.0071 951.004 975.1919 984.3025 965.7068 969.476 964.1877 968.2599 975.9301 971.0418 962.9572
1021.107 1020.817 1021.492 1014.431 1024.171 1025.442 1021.223 1016.749 1017.445 1019.199 1018.735 1021.204 1024.411 1026.838 1025.891 1023.194 1023.129 1023.54 1027.98 1022.907 1021.542 1023.046 1024.238 1023.968 1013.518 980.46 1015.833 1022.156 1026.944 1024.802 1021.122 1020.468 1015.557 1032.001 1038.447 1034.556 1029.698 1018.707 1014.01 1032.622 1035.309 1037.423 1035.556 1034.814 1030.803 1024.199 1015.921 1006.924 1003.517 999.5632 986.5419 959.7661 945.3452 956.6576 981.9081 996.5533 997.9017 965.2455 973.8088 963.8948 954.8492 958.9915 973.1111 990.433 991.4026 987.0303 989.6402 979.8969 978.0681 983.5347 982.8441 976.8984
1025.082 1026.556 1028.555 1023.656 1020.477 1018.582 1017.906 1018.391 1018.653 1020.191 1026.26 1023.33 1023.662 1024.689 1025.045 1024.364 1024.148 1025.093 1028.601 1023.504 1022.089 1022.538 1020.849 1017.371 1011.828 1008.182 1008.289 1012.074 1023.725 1025.429 1020.785 1023.753 1034.876 1038.05 1044.565 1039.567 1034.659 1027.077 1025.059 1034.634 1032.567 1033.886 1029.793 1029.383 1024.219 1017.342 1011.085 1002.733 994.075 986.011 990.5446 976.8228 980.3033 974.248 976.8394 996.4595 990.3864 942.2136 955.9135 961.3721 966.3676 968.8963 970.3398 978.3417 992.674 996.7068 996.9119 989.2299 982.2418 983.8423 987.6682 987.1037
1028.875 1029.83 1029.278 1030.314 1022.443 1019.413 1019.253 1021.002 1021.207 1022.206 1023.103 1024.396 1024.191 1024.922 1025.675 1025.147 1024.343 1024.245 1024.36 1022.933 1023.775 1019.548 1016.944 1018.905 1023.164 1021.988 1018.934 1020.554 1036.006 1031.349 1030.672 1040.293 1041.669 1043.049 1044.56 1030.456 1026.489 1020.057 1024.073 1029.535 1026.928 1028.572 1023.642 1024.658 1018.438 1009.173 1004.637 1002.845 988.0891 960.7567 982.1352 973.0322 981.2036 995.0911 1001.489 998.7059 987.9861 930.0405 929.4512 924.864 937.9308 948.6801 960.7025 990.5384 986.4493 988.716 990.259 993.5165 993.7306 992.7586 994.786 999.7631
1021.779 1023.77 1026.812 1030.101 1021.995 1019.26 1018.871 1020.874 1024.615 1025.685 1026.063 1029.313 1027.319 1027.563 1027.865 1027.058 1025.676 1025.731 1025.29 1024.517 1026.05 1025.767 1019.984 1021.453 1027.682 1029.299 1031.81 1024.164 1035.651 1042.346 1045.111 1048.453 1050.656 1047.806 1043.144 1031.734 1029.402 1026.912 1026.435 1027.055 1024.835 1023.923 1023.712 1017.742 1016.716 1011.234 1004.379 995.7017 981.1656 976.127 984.2822 985.6397 990.348 998.1671 999.2453 993.4354 986.2505 962.2244 935.9434 918.0182 918.9431 939.8851 969.4221 988.9765 991.012 991.2555 992.3021 995.3342 998.7321 1000.292 1000.296 1000.942
1016.503 1019.493 1020.984 1026.513 1021.845 1018.859 1020.312 1022.89 1024.545 1026.432 1030.145 1030.793 1031.152 1031.892 1031.915 1030.257 1028.773 1028.559 1027.349 1031.034 1029.761 1027.922 1025.29 1020.297 1015.318 1025.387 1014.97 1019.049 1023.645 1024.722 1031.34 1042.715 1049.614 1047.598 1035.009 1041.823 1041.639 1035.592 1030.807 1022.747 1018.059 1020.556 1021.971 1013.899 1009.147 1003.862 1000.742 996.1901 988.2462 1000.133 993.534 989.6227 990.4425 994.3929 992.892 987.4294 982.1029 960.5118 947.3267 923.5109 930.8257 950.9063 969.7094 983.322 989.6054 993.0473 989.512 994.3261 997.8486 1000.063 1001.433 1000.983
1017.87 1018.417 1014.725 1021.856 1016.66 1016.846 1021.779 1023.28 1022.283 1027.23 1029.639 1030.543 1032.019 1032.435 1032.717 1032.277 1031.473 1031.616 1029.317 1028.279 1024.866 1023.513 1027.788 1028.269 1026.819 1020.4 1012.447 1027.411 1031.482 1041.309 1045.832 1046.597 1047.872 1044.034 1036.028 1043.924 1036.89 1030.787 1027.024 1015.938 1015.893 1009.888 1013.054 1009.58 1000.113 998.4956 999.2031 997.925 999.647 1005.241 991.9821 996.6871 996.1597 998.604 994.0608 989.0825 986.824 964.8884 965.0623 949.0259 949.0814 959.6565 974.3279 987.5518 988.6827 977.5891 981.0256 985.7101 988.6625 989.7555 994.2236 993.6497
1021.201 1018.6 1013.543 1018.667 1015.815 1016.067 1018.372 1020.445 1020.384 1020.656 1026.602 1030.121 1031.634 1032.7 1032.754 1033.211 1033.079 1032.435 1028.839 1025.586 1023.947 1022.771 1028.084 1026.692 1026.752 1026.234 1022.946 1025.86 1033.064 1039.873 1040.91 1040.623 1041.489 1040.543 1038.766 1036.547 1031.686 1025.808 1021.425 1010.241 1011.931 1006.111 1009.442 1012.95 999.8368 995.8681 992.9622 992.1268 998.2339 1000.175 989.1702 995.5811 1000.493 997.7729 994.0787 992.4141 990.0157 970.5767 956.5246 945.321 952.2651 961.3654 974.1909 981.3819 970.2841 958.4905 972.1912 968.0187 978.7227 981.4758 986.5632 989.1861
1024.109 1022.282 1019.306 1010.598 1011.645 1013.239 1013.098 1012.443 1014.991 1023.735 1033.158 1036.617 1031.046 1030.093 1030.942 1031.117 1031.928 1031.352 1026.235 1023.174 1026.471 1029.894 1027.85 1024.756 1026.223 1026.085 1030.721 1024.91 1015.407 1026.467 1034.823 1035.657 1035.649 1035.915 1028.144 1022.836 1015.825 1016.752 1012.276 1002.362 993.6353 992.7762 999.5021 1002.6 999.7313 993.3403 986.9855 984.2732 985.2736 987.0294 993.2098 992.5402 992.8063 986.7619 985.791 985.5225 984.8649 983.6129 977.788 947.6608 955.6972 970.6538 971.9089 963.2882 958.5045 959.5323 936.1931 961.9566 977.3298 983.6083 991.0692 998.0122
