features/re_bio18.asc
ncols         768
nrows         589
xllcorner     124.299398925
yllcorner     32.893460211367
cellsize      0.010567299164062
NODATA_value  -9999
[rows 136 to 169 of 589, columns 385 to 461 of 768]
1367.3 1379.1 1378.6 1371.1 1377.5 1421.4 1421.3 1406.1 1434.1 1403.4 1389.4 1416.1 1464.8 1482.6 1501.5 1477.5 1469.9 1456.9 1449.6 1474.5 1479 1487.1 1472 1496.6 1534.9 1573 1570.3 1580.9 1577.9 1579.3 1568.1 1556.6 1552.6 1574.6 1585.1 1602.2 1605.1 1591.7 1584.9 1546.4 1494.9 1415 1345.8 1306.2 1286.6 1233.2 1224.9 1239.3 1206.7 1195.7 1168.6 1139.8 1132.7 1103.7 1112.9 1122.6 1145.2 1155.2 1099 1064 1061.8 1026.8 1000.9 -9999 -9999 -9999 -9999 -9999 -9999 -9999 -9999 -9999 -9999 -9999 -9999 -9999 -9999
1374.6 1359.3 1337.3 1352.4 1384.1 1384.9 1385.9 1370.5 1407 1391.9 1368.9 1383 1420.5 1451.4 1471.9 1440.6 1448.3 1444.6 1450.3 1434 1428.7 1439.1 1427.2 1430.1 1451.9 1492.2 1525 1547.8 1547.7 1545.7 1528 1528.7 1523.8 1541.8 1555.4 1558.7 1569.8 1580.9 1575.4 1552.4 1454.2 1397.6 1343.6 1320.7 1303 1273.5 1205 1203.6 1253.9 1240.4 1204.2 1184.4 1194.6 1124.6 1167.9 1199.7 1187.9 1136.6 1100.6 1104 1088.8 1031 1010.7 988.7 -9999 -9999 -9999 -9999 -9999 -9999 -9999 -9999 -9999 -9999 -9999 -9999 -9999
1381.2 1355.9 1334.8 1347.8 1363 1359.2 1343.6 1362.2 1360.7 1392.3 1378.6 1370.8 1395.5 1421.3 1443.2 1439.9 1423.1 1437.7 1415.6 1401.7 1399.6 1395.5 1399.8 1419.1 1442.4 1468.5 1495.9 1525.6 1520.9 1506.8 1487.3 1487.7 1497.3 1506.7 1536.7 1551.8 1550.1 1532.3 1496.9 1466.7 1419.5 1382.3 1362.9 1344.9 1319.7 1297.8 1259.7 1192.3 1228.8 1274.6 1259.6 1229.3 1218.9 1164.4 1176.8 1218.3 1196.6 1123.3 1093.1 1117.2 1093.2 1054.2 1015.9 -9999 -9999 -9999 -9999 -9999 -9999 -9999 -9999 -9999 -9999 -9999 -9999 -9999 -9999
1373.8 1348.9 1360.1 1355.4 1345.8 1346.7 1351.6 1341.6 1356.5 1388.5 1374.3 1356.9 1358.5 1408.3 1410.7 1391.9 1375.8 1401.1 1402.1 1366.7 1369.8 1375.1 1380.6 1410.9 1459.8 1478.1 1481 1472.3 1465.5 1469.4 1468.7 1453.1 1453.4 1478.4 1507.2 1563.6 1570.2 1504.1 1418.6 1376.1 1398.7 1366.7 1369.1 1358.5 1338.8 1307.2 1282.2 1238.9 1223.6 1234.9 1269.1 1271.9 1202.5 1185.2 1155.8 1191.6 1175.9 1129.5 1125.5 1135.1 1111.2 1073.6 1023.8 -9999 -9999 -9999 -9999 -9999 -9999 -9999 -9999 -9999 -9999 -9999 -9999 -9999 -9999
1352.5 1334.1 1355.6 1349.8 1339.4 1362.8 1366.2 1337.2 1354.3 1368.3 1382.3 1376.8 1358.2 1376.5 1374.1 1353.2 1341 1345.9 1356.5 1353.5 1320.1 1339.7 1354.3 1382.9 1436.1 1455.4 1430.9 1418.7 1437.9 1439.1 1422.7 1422.1 1427 1422.8 1477.2 1534.3 1543.7 1503.5 1443 1419 1400.6 1386.4 1378.9 1370.9 1352.1 1319.2 1297.1 1270.4 1195.1 1214.6 1256.9 1256.8 1217.1 1185.3 1182.5 1211.3 1192.5 1144.7 1138.7 1155.5 1101.4 1069.9 1038.7 -9999 -9999 -9999 -9999 -9999 -9999 -9999 -9999 -9999 -9999 -9999 -9999 -9999 -9999
1338.3 1346.1 1357.3 1344.9 1352.1 1378.7 1390.7 1354.1 1329.7 1348.5 1351.8 1350.1 1332.7 1334.5 1342.4 1332.3 1331.1 1317.2 1304.2 1300.6 1316.7 1328.6 1361.9 1363.3 1397.1 1420.7 1386.3 1395.1 1396.1 1390.4 1418.6 1420.3 1413.9 -9999 1469.3 1489.6 1481.2 1463.3 1450.9 1419.2 1370 1417.2 1391.1 1390.6 1393.4 1372.1 1318.1 1276.4 1246.5 1262.1 1275.3 1241 1201.1 1189.3 1211.1 1194.5 1161.5 1114.9 1101.7 1106.9 1102.8 1076 1038.2 993.1 -9999 -9999 -9999 -9999 -9999 -9999 -9999 -9999 -9999 -9999 -9999 -9999 -9999
1329.4 1341.1 1345.8 1348.4 1359.9 1377.9 1387.2 1357 1325.7 1332.9 1335.4 1316.4 1313.8 1322.1 1292.9 1295.4 1309.5 1295.1 1282.3 1276.7 1301.5 1329.2 1350.2 1368.5 1403.6 1393.1 1351.5 1347.4 1327.9 1387.2 1412.8 1396.8 1373.3 1364.7 1413.5 1425.3 1435.9 1424.9 1412.2 1403.4 1399.6 1448.6 1410.1 1419.7 1430.2 1410.3 1347.3 1299.5 1255.5 1262.7 1272.8 1267.1 1258.7 1222.8 1175.3 1182.4 1145.9 1120.9 1070.9 1054.6 1061.9 1025 1001.9 972.4 938.2 -9999 -9999 -9999 -9999 -9999 -9999 -9999 -9999 -9999 -9999 -9999 -9999
1324 1326.6 1326.7 1352 1369.3 1379.7 1375.1 1348.9 1327.8 1323.7 1318.2 1306.4 1313.7 1289.9 1261.8 1260.8 1270.3 1263.7 1249.5 1252 1270.2 1302.3 1352.2 1359.8 1334 1326 1334.5 1338.5 1312.7 1369.5 1400.4 1362.7 1346.7 1328.5 1394.8 1415.2 1409.1 1390.7 1387.7 1390.3 1390.3 1410.5 1402.2 1408.5 1430.1 1429.9 1373.8 1320.3 1290 1271 1264.5 1262.1 1253.5 1195.5 1157.2 1158.1 1126.2 1109.1 1075.9 1062.8 1064.5 1024.4 976.7 951.8 928.4 -9999 -9999 -9999 -9999 -9999 -9999 -9999 -9999 -9999 -9999 -9999 -9999
1338.2 1348.7 1338.8 1352.8 1375.6 1379.5 1359.2 1341.7 1311.1 1308.1 1299.2 1288.6 1301.3 1269.7 1242 1226.1 1219.8 1247.3 1235.3 1227.5 1260.4 1302.6 1286.7 1293.9 1266 1263.4 1280.5 1306.4 1304 1385 1321.9 1287.7 1277.7 1294.1 1343.8 1381.8 1392.2 1380.2 1373.9 1375.2 1382.9 1396.9 1403.4 1415 1425.6 1430.2 1398.2 1332.4 1322.7 1322.3 1320.1 1272.1 1225 1192.3 1169.5 1176.6 1140.5 1107.8 1090.9 1066 1046.5 1019.6 989.7 959.7 926.2 918.9 -9999 -9999 -9999 -9999 -9999 -9999 -9999 -9999 -9999 -9999 -9999
1370.4 1350.1 1340.4 1365.2 1376.7 1360.6 1336.3 1340.5 1349.8 1316.6 1303.9 1285.9 1299 1293.6 1234.9 1201.1 1188.3 1188.4 1204.3 1225.6 1243.3 1269.5 1263.3 1309.3 1283.4 1226.6 1209.2 1211.7 1224.7 1295.2 1283 1286 1300.7 1314.5 1337 1289.8 1335.9 1347.2 1357.2 1374.9 1382 1406.9 1431.5 1457.6 1444 1448.7 1421 1366.8 1357.9 1377.7 1364.9 1298.5 1236.4 1183 1153.4 1127.3 1131.8 1117.9 1084.2 1050.8 1027.1 987.9 967.7 953.4 920.8 898.4 887.8 841 -9999 -9999 -9999 -9999 -9999 -9999 -9999 -9999 -9999
1392.7 1378.3 1399 1366.5 1324 1301.9 1302.4 1308 1321.9 1334.8 1341.4 1321.7 1307.4 1235.6 1215.3 1162.9 1191.4 1207.2 1174.9 1158.1 1218 1307.6 1304.8 1291.6 1262.8 1261.2 1238.5 1189.4 1176.5 1147.3 1207.6 1193.2 1199.7 1257.6 1276 1253.2 1273 1363.7 1399.4 1401.6 1409.7 1402.8 1411.6 1453.6 1458.9 1449.3 1435.1 1414.1 1369.8 1340.5 1323.9 1301 1240.8 1175.6 1145.3 1109.1 1097 1075.6 1080.1 1057.1 1043.7 1016.4 976.2 944.6 922.8 900.7 844.8 808 787.5 771.7 -9999 -9999 -9999 -9999 -9999 -9999 -9999
1346.1 1356.1 1374.5 1376.2 1326 1322.7 1324.1 1287.2 -9999 1299.6 1309.2 1265.8 1267.5 1271.9 1267.9 1253.3 1187.4 1186.5 1152.7 1131.5 1138.2 1191.4 1276.3 1235.7 1194.2 1225.8 1221 1168.2 1133.2 1139.4 1194 1181.4 1150.7 1154.7 1202.5 1247.9 1268.7 1358.1 1443.4 1449.1 1407 1392 1429.3 1470.6 1482.4 1437.2 1409.6 1405.2 1385.1 1361.4 1313.5 1297.2 1239.5 1182.1 1142 1117.7 1117.3 1102.2 1097.4 1079.3 1047.6 1006.8 981.3 965.5 950.6 914.2 850.1 812.2 794.5 786.1 -9999 -9999 -9999 -9999 -9999 -9999 -9999
1360.3 1368.9 1369 1330.9 1361.2 1406.5 1391.2 1302.6 1264.3 1268.3 1244 1239.8 1218.9 1313.6 1337.6 1225.2 1225.1 1185.6 1115.6 1090.3 1106.8 1161.2 1209.4 1115.3 1134.6 1164 1186.6 1168.2 1124.3 1135.6 1160.4 1187.2 1178.9 1153 1172.5 1254.8 1290.5 1404 1418.6 1417.2 1422.3 1416.6 1438.7 1467.7 1470.3 1445.1 1415.6 1384.5 1365.8 1354.3 1316.2 1309 1275.2 1223.3 1153.1 1120.2 1129.6 1150.9 1126 1085.1 1032 1001.3 983 962.7 949.8 923 855.9 819.9 802.1 -9999 -9999 -9999 -9999 -9999 -9999 -9999 -9999
1398.3 1411.7 1377.2 1319.8 1363.1 1432.3 1414.1 1304 1249.1 1225 1206.1 1213.2 1212 1238.4 1302.4 1343.7 1302.1 1226.4 1130.4 1095.6 1090 1102.9 1159.7 1101.2 1141.2 1159.8 1194.1 1219.5 1177 1158.8 1113.8 1220.3 1229.1 1168.9 1141.3 1225.7 1329.8 1431.7 1449.9 1439.6 1446.7 1456.9 1439.4 1407 1428.3 1421.4 1396.7 1382.5 1347.5 1338.8 1305.9 1316.8 1298.2 1240.6 1199.7 1161.1 1182.5 1179.2 1141.8 1092.4 1053.4 1030.6 1006.5 990.6 972.8 940.2 865.3 837 820.7 788.4 -9999 -9999 -9999 -9999 -9999 -9999 -9999
1355.6 1362.2 1349.8 1326.8 1317.5 1362.8 1396.2 1336.4 1250 1201.9 1193.6 1222.8 1231.2 1241.8 1299 1366 1258.4 1160.9 1101.6 1071.8 1074.6 1109.6 1130.3 1161.7 1172.5 1216.1 1246.6 1245 1189.2 1120.2 1094.4 1141.5 1182.4 1188.8 1168.9 1181.5 1225.9 1320.3 1377.8 1366.5 1376.9 1409 1429.2 1406.2 1394.8 1371.4 1359.7 1382.9 1362.7 1305.6 1301.7 1317.5 1284.8 1246 1215.9 1202.4 1211.8 1218.2 1176.1 1110.6 1067.9 1035.5 1000.2 981.9 950.3 905.4 874.2 842.7 821 791.5 -9999 -9999 -9999 -9999 -9999 -9999 -9999
1345.6 1322.1 1313.3 1305.4 1314.8 1345.2 1412.1 1382.1 1259.3 1187.9 1196.2 1230.2 1179.7 1294 1328.9 1285.5 1268.5 1190.9 1118.8 1077.2 1092.7 1136.8 1120 1183.6 1163.5 1198.2 1274.9 1281.4 1227.5 1187 1180.4 1155.8 1123.9 1131 1155.9 1152.5 1156 1222 1259.8 1288.8 1327.3 1349 1353.3 1363.4 1373.1 1359.6 1350.7 1345.1 1340.2 1297 1283.8 1284.1 1256.5 1250.9 1245.6 1212.4 1197.8 1205.4 1181.3 1096.9 1045.3 1015.6 978.9 957 950 927.2 887.4 884.1 841.7 808 773.8 -9999 -9999 -9999 -9999 -9999 -9999
1370.6 1341.1 1291.1 1243.8 1332.2 1356.1 1371.3 1317.9 1231.5 1184.5 1174.8 1152 1164.8 1323.3 1358.3 1271.7 1163.5 1135 1136 1081.3 1093.3 1094.1 1050.6 1151.5 1247.3 1193.6 1214.2 1241.2 1260.3 1294.9 1306.1 1270.3 1174 1085.6 1093.8 1150 1156.5 1205.8 1222.3 1228.4 1265.9 1305.5 1326.2 1308.8 1365.2 1341.9 1332 1303.9 1256.1 1259.1 1251.5 1247.6 1235.2 1232.2 1230.4 1201.2 1178.6 1184.9 1135.7 1066.6 1028.2 1008 987.5 954.9 927.2 927.2 880.9 878.4 861.2 816.9 792.9 -9999 -9999 -9999 -9999 -9999 -9999
1348.5 1305 1262.6 1243.8 1277.6 1292.6 1296.3 1260.8 1193.1 1158.9 1110.4 1135.4 1168.5 1313.6 1343.9 1303.4 1230 1172.1 1130.4 1095.4 1091.8 1079.3 1075 1186.5 1131.8 1052.1 1138.9 1184.4 1145.1 1138.3 1317.9 1178 1117.2 1047.8 1051.5 1131 1192.6 1227.7 1201.4 1240.6 1268.2 1270.2 1266.5 1248.2 1272.3 1289.9 1273.3 1247.2 1226.9 1232.2 1237 1203.7 1192.2 1199.3 1187.3 1173.4 1186.9 1174.8 1200 1114.6 1064 1037.8 1003.9 962.7 955.2 911.5 870.4 872.8 862.9 823.2 804.7 800.7 -9999 -9999 -9999 -9999 -9999
1378.5 1322.8 1246.3 1213.6 1231.2 1246.7 1286.4 1250.5 1171.6 1123.2 1093.6 1136.9 1171.7 1289.6 1261.8 1241.8 1203 1141.9 1142.8 1128.1 1087.1 1048.2 1065.9 1146.2 1118.6 1034.1 1076.7 1174.1 1200.7 1143.4 1264.3 1235.6 1146.1 1049.3 1034.1 1098.4 1168.1 1213.5 1160.6 1202.2 1207.6 1223.7 1224.1 1193.3 1195.3 1215.1 1200.8 1185.5 1185.6 1206 1214.7 1211.4 1215.7 1227.2 1224.4 1225.5 1205.8 1149.1 1149.4 1204.5 1148.6 1065.5 1020.1 987.6 941.9 897.8 839.7 840.6 842.6 819.9 788 781.9 789.1 -9999 -9999 -9999 -9999
1331.6 1256.4 1211.6 1164.5 1207.9 1194 1213.8 1209.3 1167.8 1123 1094.9 1118.4 1205.9 1286.5 1254.4 1239.6 1202.4 1142.1 1214.8 1223.2 1132.2 1047.6 1009.9 1009 984.5 1080.7 1148.4 1211.2 1170.8 1051.2 1143.6 1241.7 1105.4 1044.2 1025.2 1047.9 1127.7 1207.2 1097 1120 1157.6 1178.9 1174.7 1158.3 1142.3 1156.6 1139.2 1136.5 1177.5 1204.6 1227.7 1213 1222.1 1231.5 1240.1 1244.7 1236.5 1221 1236.3 1212.8 1160 1079.2 1024.4 982.3 938 908.9 838.9 834.9 830.4 808.7 789.8 794.5 792 796.7 796.5 -9999 -9999
1313.9 1265.7 1193.1 1138.9 1140.5 1130.7 1130.6 1129.8 1105.9 1088.9 1099.2 1135 1252.8 1262.6 1303.6 1314.6 1250.8 1173 1257.3 1346.7 1254.3 1162.1 1111.3 1077.8 1018.5 1003.7 1075.5 1160.8 1153.7 1055.5 1097.2 1073.5 1037.2 967 957.2 980.5 1017.5 1041.5 1015.1 1084 1093.9 1100.5 1089 1086.4 1086.8 1100 1094.1 1098 1147.5 1177.3 1201.5 1241.2 1259.7 1209.2 1211.4 1240.4 1264.7 1261.1 1268.8 1210.7 1181.3 1094.1 1019.7 975.4 943.4 913.5 854 852 847.6 830.9 799.9 804.5 798.8 800.1 809.6 -9999 -9999
1283.9 1299.1 1261.1 1222.6 1171.6 1126.3 1094.5 1081.2 1077.6 1082.8 1101.4 1157.3 1217 1187.6 1262.2 1331.8 1296.6 1251.5 1324.5 1399.6 1355.4 1287.5 1222.9 1160.6 1119.8 1015.3 1003.6 1075.9 1098.2 1030.9 968.2 946.1 971.9 1000.8 981.8 989.8 1025.2 978.1 986.8 981.7 986.4 1005.5 1028.3 1036.1 1076 1099.2 1073.1 1066.8 1143.3 1167.9 1181.6 1223.5 1265.1 1250.9 1251.5 1252.7 1252.8 1247 1260.2 1200.7 1140.9 1080.4 1009.7 973.5 956.9 929.8 898.7 876.5 851.3 841.9 823.3 823.4 821.3 816.4 817.2 818.7 812.6
1224.7 1276.8 1302 1311.6 1247.7 1130 1134.9 1090.1 1047.7 1045.8 1066.1 1100 1129.6 1154.2 1257.7 1326 1273.1 1261.6 1386.8 1337.7 1331.1 1345.4 1318.3 1258.6 1205.6 1092.9 1007.3 1004.3 1024.1 997.3 954.4 1005.8 1043.4 1075.8 1011.7 992.5 1061.4 1096.7 1065.2 962 964.2 981.1 1003.5 1042.1 1069.8 1050.9 1036.5 1034.1 1121.5 1165.8 1199.5 1231.5 1278.3 1278.3 1284.4 1276.7 1270.9 1274.2 1235 1187.4 1150.2 1080.3 1066.7 1060.9 1027.5 984.2 916.2 902 876.9 852.4 822.9 821.6 826.8 820.2 834 835.6 824.5
1172.2 1181 1203 1214.9 1188.9 1164.9 1092.4 1046.7 1049.1 1066.1 1057.3 1062.7 1088.2 1127.5 1259.8 1306.9 1239.2 1245.2 1310.9 1192 1248.8 1289.8 1297.3 1272.8 1196 1091.7 1065.6 1010.6 975.7 956.8 993.4 1049.3 1113.5 1077.1 1001.9 1018.4 1096 1104.2 1118.2 1022.2 993.1 983.5 976.9 997 1030.5 1042.6 1056.2 1033.1 1085.6 1132.9 1183.5 1231.9 1278.2 1301 1275.3 1236.5 1256 1271.7 1250.5 1227.6 1196.5 1129 1129.2 1097.6 1047.3 1002.1 919.1 882.9 861.8 844.1 833.5 822.5 823.3 828.3 827.1 826.4 832.4
1178.4 1124.7 1099.4 1083.2 1058.1 1055 1016.4 1075 1152.1 1209 1180.8 1108.9 1221.3 1134.9 1200.1 1235.5 1207.2 1200.3 1225.6 1137.5 1132.9 1129.2 1172.8 1206.1 1144.4 1081.2 1106.8 1048.7 974.5 953.8 1011.7 1032.3 1064.9 1052.5 1038.1 1013.4 1001.5 1012.2 1028.2 1010.5 1020.8 1006.9 988 984 1007.8 1067.3 1077.3 1045.4 1090.5 1125.5 1176 1225.5 1243.2 1280.4 1263.7 1237 1225.7 1261.8 1291.4 1318 1263.6 1203.1 1188 1138.7 1074.4 1017.7 952.5 904.9 887.1 858.7 844.3 838.5 818.6 817.2 820.6 830.3 839.9
1170.4 1133.9 1083.6 1040.2 1029.4 1044.3 1031.3 1077.4 1183.3 1263.9 1230.7 1155.2 1193.4 1261 1258.7 1246 1169.7 1123.7 1170 1094.8 1081.9 1053.6 1079.8 1111.7 1078.8 1035.7 1076.3 1078.3 1006.2 965.1 1004.3 978.7 974 1032.3 1053 1026.8 1006.6 1016 1032.2 1065.9 1049.7 1008.3 994.2 1016.8 1030.1 1028.4 1093.7 1040.8 1080.2 1145.1 1202.7 1235 1246.9 1271.9 1242.8 1265.6 1258.7 1272.1 1290.8 1313.3 1262.1 1280 1228.5 1159.1 1083 1015 953.1 925.9 895.4 883 868.5 849.1 830.6 828.8 859.3 862.7 860.8
1112.4 1101.8 1082 1049.4 1063.9 1086 1029.8 1108 1154.8 1142.1 1100.7 1079.3 1104.6 1230.6 1235.2 1179.3 1143.7 1128.5 1108.6 1166 1085.6 1017.2 1017 1026.1 1017.3 1031.3 1075.8 1119.1 1079 1047.7 965.5 944.8 941.2 968.9 1005.8 1026.2 1010.1 994.8 1013.5 1042.6 1002.1 1021.8 1005 999.6 1007.1 1011.2 1059.4 1019.7 1084.2 1150.9 1206 1232.7 1254.9 1256.5 1235.3 1265.2 1277.9 1283.5 1298.6 1297.4 1277.8 1292.7 1244.7 1172.8 1094.5 1028.5 955.9 926.7 898.9 898.4 883.4 862.9 833.7 854.1 881.2 892 865.8
1115.1 1062.8 1033.2 1005.9 969.9 965.6 1043.2 1147.6 1093.6 1040.7 1079 1177.1 1215.4 1178.3 1233.7 1218.3 1222.8 1212.8 1157.2 1078.1 1060.4 1028.8 1005.4 991 992.9 1011.6 1029.3 1001.2 1038.3 1021.9 977.4 982.5 991.5 1015.9 974.3 979.4 1002.9 997.7 938.7 925 932.2 964.9 962.5 973.6 1038.7 1064.7 1061.4 1076.1 1128.1 1175.6 1207.8 1241.7 1315 1362.3 1342 1348.5 1371.4 1380.3 1390.8 1392.3 1398.7 1363.6 1342.8 1292.4 1213.5 1133.1 1050.3 999.6 957.5 943.1 910.8 882.1 880.8 881.8 898.1 878.9 863.8
1130.4 1074 1045 1006.9 962.9 960.7 1088 1079.2 1034.5 1014.1 1062.4 1118.6 1114.2 1198.1 1194.1 1117.5 1121.8 1179.9 1194 1090.8 1058.3 1095.3 1096.5 1028.8 976 977.6 978.7 1013.4 968 960.2 971.5 985.4 991.8 964.8 960.2 968.5 969.9 970.5 939.8 922.8 927.5 943.1 927.2 948.6 1055.6 1103.9 1065.9 1089.7 1173.6 1222.2 1251.9 1280 1329.3 1379.8 1393.3 1387.3 1421.6 1452.7 1484.6 1478.9 1467 1433.1 1392.7 1340 1273.3 -9999 -9999 1030.5 986.7 966.7 935 897.6 896.9 912.4 909.6 895.8 898.3
1167.6 1107.6 1044.9 -9999 958.7 951.3 999.8 1026.7 983.4 1024 1096.9 1106.2 1072.5 1169.3 1158.7 1099.2 1079 1118.4 1166.5 1124.2 1093.4 1095.4 1071 1021.3 988 995.8 1038.3 1063.2 990.4 969.8 954.9 948.7 953.4 976.3 954.9 949.7 957.6 957.9 942.3 928.9 948.3 964.7 928.9 962.1 1042.8 1078 1071.5 1110.6 1235.8 1289.7 1323.4 1356.9 1389.8 1430.6 1481.3 1513.3 1515.2 1535.8 1576.8 1571.7 1526.5 1500.2 1458 1399.3 1318.3 1240.9 1104.8 1063.8 1016 -9999 941.2 917.6 925.4 925.7 919.3 909.2 919.2
1077.2 1101.1 1030.8 976.2 963.2 969.2 995.3 989.1 983.6 1040.2 1104.3 1095 1054.8 1047.7 1094.1 1042.1 1038.9 1096.5 1144.2 1102.3 1081.3 1046.4 1049.6 1022.3 996.2 994.1 1010.3 1025 1040.9 1051.6 993.6 961.7 974.1 975.7 977.2 989.1 1002.3 1002.5 967.3 916.2 897.4 927.7 954.3 993.9 1039.4 1071 1100.4 1157 1294.2 1348.5 1388.8 1445.6 1487.1 1510 1540.1 1591 1606.5 1618.5 1643 1632.7 1590.3 1514.1 1565.5 1481.5 1403.4 1294.9 1130.9 1098.8 -9999 994.7 969.8 929 -9999 937.8 926.2 900.3 904.6
1062.4 1037.5 1015.3 981.5 969.3 996.5 1022.3 1080.8 998.7 1067.2 1122.1 1090 1015.6 983.6 1026.7 1014.5 1060.3 1104.4 1106.3 1079.1 1090.8 1088.7 1061.9 1026 985.9 974.5 994.7 1067.5 1036.9 1056.8 1054.8 1007.6 994.7 1006.8 968.8 946.9 931.4 927 933.8 930.2 926.7 889.4 953.5 950.8 1017 1077.5 1142 1199.7 1349.8 1404.4 1455.3 1490.7 1535.9 1584.9 1605.8 1640.3 1666.5 1667.9 1673.2 1649.1 1617.4 1609 1609.6 1529.7 1408.8 1306.3 1177.1 1096.9 1065.3 1006.9 992.5 949.5 923.7 921.7 926.7 910.8 881.4
1073.2 1020.8 977.5 993.1 1027.2 1083.2 1161.9 1145 1081.1 1060.4 1061.2 1025.1 983.8 952.7 977.4 1029.3 1084 1076.9 1051.4 1053.6 1090.3 1104.1 1060.7 1047 1001.1 991.3 1050 1096 1089.3 1121.5 1023.6 1024.5 1055.9 1041.5 1009.8 1004 996.8 990.5 974.5 962.7 960 916.9 912.5 925.2 1003.1 1077.6 1181.1 1249.1 1418.1 1463.2 1514.6 1564.3 1631.5 1689.9 1698.9 1708.6 1731.5 1731.9 1704.5 1699.2 1695.2 1686.5 1671 1557 1446 1354.2 1212.8 1155.9 -9999 1014.2 994.5 985.6 952.8 940.8 974.1 966.1 879.8
1029.2 1004.9 974.3 983.3 1038.1 1076.1 1046.1 1081.8 1077.6 1129.6 1069.7 1031.5 1024.6 1005.1 963.7 997.7 988 989.6 1005.6 1044.2 1105.2 1089.9 1056.6 1026.8 988.4 999.7 1050.9 1049.2 1036.6 1031.2 1004.5 1012 1005.3 992 1010.3 1014.3 1049 1016.3 979.4 988.1 985.8 952.5 936 1004 1068.7 1152.2 1229.8 1260.3 1458.8 1514.2 1567.4 1627.2 1704.1 1768.9 1801.4 1828 1825.6 1812.4 1787.9 1789 1775.7 1756.1 1704.7 1608 1524.4 1453.6 1261.1 1220.1 -9999 1074.7 990.1 973.7 975.1 973.1 947.2 925.4 900
