features/re_dem.asc
ncols         768
nrows         589
xllcorner     124.299398925
yllcorner     32.893460211367
cellsize      0.010567299164062
NODATA_value  -9999
[rows 185 to 221 of 589, columns 328 to 409 of 768]
43 79 80 232 100 111 83 94 95 140 269 192 314 352 389 435 493 561 528 464 306 283 234 248 305 519 465 648 583 455 308 295 271 296 260 254 292 275 294 269 258 285 301 266 259 320 319 439 515 433 455 295 301 275 265 334 334 331 268 324 273 286 300 302 422 332 220 309 246 -9999 569 342 648 625 608 736 829 793 656 746 936 721
115 55 84 65 60 108 142 204 148 215 448 348 374 188 253 263 300 257 338 583 513 436 290 253 235 283 303 423 510 501 420 536 351 217 230 286 274 250 282 329 265 265 263 250 270 258 300 403 494 603 656 409 315 305 330 357 438 438 313 324 320 325 357 420 366 312 414 369 296 285 -9999 -9999 302 246 413 479 742 425 404 712 758 751
93 67 48 -9999 231 237 190 204 141 231 179 300 426 150 281 204 246 172 330 425 532 348 317 248 212 243 376 536 452 281 284 271 259 210 289 223 269 264 315 279 260 250 260 244 303 253 258 344 422 426 691 524 351 317 290 331 432 521 347 326 347 386 424 454 495 315 330 438 453 636 723 466 171 462 651 386 228 403 402 665 516 511
316 159 177 59 235 84 160 133 237 369 121 270 445 183 109 110 160 385 454 342 409 317 295 211 276 242 369 563 290 384 273 340 201 245 237 267 262 228 234 263 229 236 237 234 244 268 264 443 322 380 462 551 409 505 308 355 516 600 443 331 285 392 310 346 524 462 558 610 913 738 511 586 294 317 180 195 262 200 209 222 243 454
242 367 266 69 51 95 330 95 253 282 123 185 181 187 220 97 293 364 221 200 403 313 301 414 199 232 179 367 272 220 238 330 194 295 283 337 333 429 304 307 301 236 309 248 254 256 272 414 469 341 410 573 382 340 407 360 542 637 416 291 230 261 403 358 402 485 628 879 809 529 166 165 208 220 236 373 469 530 464 317 492 301
119 124 196 141 76 54 83 145 107 261 85 169 106 121 214 88 101 226 148 154 273 332 447 602 358 264 178 278 229 246 184 305 211 225 244 228 309 305 473 332 253 295 314 259 257 268 390 281 380 593 449 405 321 371 305 242 291 384 391 252 301 287 375 312 282 578 668 833 529 348 195 468 349 363 467 446 687 660 571 307 659 480
149 105 89 86 164 93 -9999 59 229 144 63 202 106 86 105 75 105 133 128 145 165 324 692 408 492 496 244 160 181 269 230 304 273 292 295 290 256 319 375 320 298 258 245 195 273 303 223 287 310 401 634 407 320 447 456 418 412 274 428 295 256 208 243 324 256 496 550 570 504 305 170 269 429 429 549 680 768 877 584 303 544 779
389 376 243 128 74 57 53 50 107 55 91 121 111 65 86 139 117 123 130 156 222 272 477 263 301 587 518 282 316 478 266 238 275 266 387 275 340 257 189 237 216 227 181 245 338 265 257 239 277 296 568 614 295 235 499 346 370 195 480 657 338 241 232 270 459 441 484 221 160 190 232 261 275 393 602 790 877 620 491 403 521 875
532 404 440 298 233 193 60 70 84 87 60 54 59 62 67 83 109 89 99 132 166 241 234 175 199 135 218 257 324 433 413 328 342 373 374 240 164 160 170 187 162 207 309 298 310 351 274 203 195 262 267 350 552 302 310 319 321 282 247 415 555 264 234 182 324 219 211 285 169 225 327 205 217 246 312 408 528 686 528 375 550 688
403 557 259 204 99 82 67 92 107 88 87 57 60 70 149 95 119 178 163 151 370 498 423 401 428 360 298 139 296 216 246 258 483 340 397 367 314 179 191 255 217 251 273 530 341 347 321 270 248 294 227 256 386 372 205 284 220 170 235 299 621 211 163 378 317 344 470 260 217 219 394 357 391 284 642 725 650 763 704 505 390 504
343 360 264 105 157 279 184 200 312 131 62 59 78 87 91 89 101 126 119 164 229 224 394 469 306 135 273 250 456 545 460 267 184 408 238 307 235 270 135 273 249 253 395 306 289 399 283 283 374 262 209 193 253 399 340 196 354 338 285 158 230 145 367 339 522 583 641 336 278 385 280 430 645 581 522 541 745 923 654 485 601 596
120 117 115 116 145 133 167 98 152 65 98 69 77 67 70 81 98 102 126 107 138 435 262 292 218 142 281 577 580 436 448 206 275 285 337 372 402 170 135 332 328 665 638 479 331 228 291 229 181 230 220 160 179 332 347 396 313 537 205 276 -9999 -9999 399 274 495 700 492 375 472 310 349 461 651 814 695 932 886 897 759 488 724 897
182 231 266 229 248 127 88 70 65 78 76 76 81 104 94 82 100 107 -9999 84 120 126 208 147 135 135 143 184 276 292 438 330 135 151 156 191 313 135 135 228 308 373 486 670 449 406 246 195 221 224 239 204 204 351 284 353 210 272 140 187 495 453 659 614 304 354 453 513 451 566 533 293 652 772 972 1129 926 766 589 627 716 889
140 282 196 215 190 183 169 75 70 65 92 92 94 86 65 65 65 70 80 105 330 460 388 292 217 204 310 199 188 210 379 361 155 137 135 135 135 -9999 -9999 208 270 438 504 641 625 595 448 304 240 189 257 227 172 150 276 242 237 338 -9999 390 565 431 768 538 417 419 631 718 812 689 681 437 480 753 640 778 935 674 629 702 803 853
105 157 117 110 132 219 186 121 186 70 70 75 108 100 78 134 105 105 185 188 121 199 343 548 349 287 152 135 213 223 269 219 135 148 140 402 189 140 135 233 343 227 313 379 514 546 525 376 292 309 400 261 219 147 180 247 185 252 183 403 182 358 487 438 537 593 740 823 1096 1015 880 649 606 630 883 952 792 621 843 736 655 751
92 110 117 109 146 179 150 135 139 108 86 -9999 102 -9999 88 110 196 201 300 529 374 160 144 385 430 442 503 317 135 182 154 -9999 135 135 150 155 193 228 286 135 231 406 508 522 688 742 777 527 383 313 292 237 190 244 135 178 279 -9999 140 385 395 226 236 308 399 657 914 882 1073 1240 1078 1098 802 785 916 788 597 577 706 642 680 405
85 85 85 123 102 110 110 135 168 207 153 65 80 70 83 83 94 144 240 561 555 195 135 299 206 348 351 190 313 135 200 -9999 135 135 135 135 139 190 135 135 -9999 330 351 535 649 840 930 581 452 310 378 420 315 339 160 271 215 135 159 453 414 436 378 325 413 392 487 647 748 962 1177 1153 935 856 745 565 477 487 477 651 596 463
95 85 85 80 76 75 84 122 135 239 206 65 65 70 75 82 90 115 148 276 470 360 214 142 220 296 316 135 310 135 135 198 345 135 140 148 164 240 172 146 135 -9999 228 468 468 457 660 507 340 297 348 373 266 262 135 135 201 144 492 277 212 286 529 421 606 666 860 909 981 1133 1263 1146 975 917 668 493 487 521 304 423 354 320
90 105 94 157 165 88 79 75 69 68 71 69 69 70 83 114 97 117 163 273 330 145 169 152 132 133 135 228 208 207 135 240 377 246 246 270 201 216 206 263 267 135 -9999 219 191 298 666 598 369 258 371 230 155 233 135 274 257 437 637 328 521 325 455 634 793 861 1026 1219 1239 1297 1205 970 863 802 715 500 452 607 461 340 270 280
126 115 122 269 151 200 153 107 109 170 212 68 70 75 92 108 113 288 482 586 410 416 298 348 125 -9999 132 129 -9999 145 130 125 181 386 277 217 162 212 185 155 199 288 140 -9999 300 429 480 655 353 229 181 337 295 125 245 332 439 205 325 373 429 509 606 653 839 1040 1216 1299 1211 901 914 759 797 604 476 569 412 374 346 266 243 239
183 119 199 284 175 383 195 241 245 243 125 65 73 -9999 -9999 -9999 161 139 195 287 424 183 212 329 195 125 125 150 266 260 204 166 125 135 184 370 266 221 328 192 248 347 312 125 -9999 125 194 377 525 363 195 268 231 149 207 283 463 365 357 380 596 807 743 863 885 1117 1094 895 936 891 713 592 622 557 365 599 382 374 264 234 220 272
135 230 227 163 189 250 289 229 314 281 249 92 76 95 151 70 274 273 322 307 293 170 163 161 150 125 125 163 272 376 256 362 349 258 462 294 341 337 188 220 157 235 165 141 237 197 159 161 170 357 125 201 140 140 379 242 405 386 483 711 706 1016 1084 1161 1038 1310 991 716 610 634 823 767 522 333 300 360 293 246 280 248 252 265
225 268 175 170 188 167 275 275 278 215 242 257 172 154 145 157 203 158 328 465 343 260 213 216 138 125 160 171 130 147 190 150 409 256 472 285 245 271 255 201 391 296 352 149 366 220 310 524 457 125 245 226 294 308 151 207 256 288 528 630 798 970 1052 1139 1049 905 883 722 492 410 503 623 508 556 342 289 229 255 357 251 250 280
110 142 154 159 156 218 329 337 180 165 180 144 412 271 189 267 289 107 243 240 184 177 177 158 135 180 434 252 132 157 126 145 155 177 533 283 320 262 347 342 259 235 223 280 372 203 448 613 503 553 444 227 455 444 322 173 270 364 255 364 489 668 712 797 908 630 720 900 696 647 383 534 462 300 285 233 212 258 240 245 205 260
140 108 -9999 113 128 175 230 272 275 160 183 106 159 -9999 127 256 255 225 124 129 222 207 141 166 324 429 231 402 362 131 320 348 299 206 364 375 291 357 285 362 386 462 320 267 267 282 339 509 635 724 419 199 345 720 355 238 311 382 497 584 558 554 538 808 716 504 522 600 738 600 590 373 426 323 259 279 194 200 220 179 204 235
167 143 162 114 102 99 135 150 318 293 298 166 94 218 93 131 194 113 159 248 162 191 180 378 341 470 337 300 476 149 497 811 605 347 375 209 520 449 485 300 345 342 503 318 301 399 635 608 470 292 285 239 562 376 214 383 496 556 879 760 917 740 883 644 493 364 341 367 390 403 407 303 305 258 274 215 187 180 189 207 245 231
254 345 261 190 266 142 95 95 92 -9999 139 -9999 180 257 399 192 104 135 118 125 145 165 202 365 416 282 353 628 451 191 284 623 797 548 366 532 256 462 555 680 600 690 434 393 503 652 789 945 850 614 320 293 372 396 342 263 455 529 588 569 811 1063 1068 911 692 595 405 271 259 250 242 234 240 249 248 217 219 184 165 207 191 254
341 233 160 166 241 230 213 169 95 95 94 -9999 338 167 225 130 296 323 206 204 258 387 319 223 408 316 581 521 434 328 237 458 770 544 517 585 246 402 913 734 773 962 562 488 505 526 635 802 441 327 370 657 512 358 471 260 366 345 552 731 902 1115 1005 1074 1181 756 503 330 264 238 217 211 207 225 252 204 174 202 180 160 230 189
241 306 215 163 147 115 106 130 200 117 90 125 207 150 194 127 145 124 309 307 339 533 509 348 274 558 567 341 502 456 210 292 428 618 586 539 372 300 678 636 704 872 634 547 779 463 487 355 478 354 644 756 712 647 502 447 373 379 387 628 705 794 706 832 1100 787 552 350 334 333 288 199 191 182 202 226 191 164 181 155 257 173
189 160 195 163 145 105 118 95 129 131 135 163 312 386 185 250 264 231 203 234 207 269 312 449 305 691 549 478 548 462 240 559 658 674 689 456 632 485 432 343 499 856 1080 941 785 581 702 695 417 -9999 448 617 638 824 485 474 652 623 386 382 511 498 520 839 1024 699 560 628 561 554 329 217 200 207 170 174 189 203 192 150 179 220
224 237 146 167 186 130 151 150 98 110 119 149 181 428 625 470 524 255 209 286 238 225 224 235 253 281 387 499 534 512 468 379 710 901 900 764 701 510 495 575 449 694 859 675 584 517 515 567 481 395 621 611 547 843 642 533 560 565 613 410 438 657 785 796 833 651 693 692 568 436 332 237 290 216 211 165 160 155 149 145 146 235
129 298 250 249 189 167 103 105 179 142 116 173 337 579 443 586 368 197 230 487 298 378 235 540 499 453 635 545 478 554 495 442 470 682 708 723 716 547 643 740 608 700 889 615 718 703 616 598 569 577 453 415 618 875 697 731 699 709 776 588 531 565 847 883 702 474 573 827 723 559 359 409 301 225 210 206 202 168 158 150 145 181
121 -9999 132 165 147 109 107 190 344 345 224 160 309 349 563 547 372 203 375 263 577 328 265 288 401 592 743 872 629 515 424 413 642 709 540 524 555 680 837 951 981 785 880 731 656 826 689 732 906 696 742 522 528 649 839 969 722 876 974 950 676 779 957 729 507 363 575 794 631 558 345 575 340 168 160 159 177 173 170 183 134 137
169 193 115 166 105 120 125 147 317 231 190 250 315 289 411 406 351 260 382 666 381 399 434 693 359 487 634 652 554 696 -9999 653 647 502 417 323 352 453 513 508 668 620 770 870 839 624 510 813 966 778 800 764 543 803 869 854 767 1044 840 821 842 857 819 600 552 318 623 460 628 343 271 508 269 174 196 169 135 166 198 167 135 137
143 124 129 299 247 105 167 255 171 215 221 237 301 366 205 215 205 365 424 421 389 334 558 482 368 410 591 757 532 809 872 782 602 418 368 457 365 345 489 353 345 414 427 577 715 573 440 672 622 818 710 679 559 727 749 841 798 736 647 554 571 611 765 533 396 278 572 482 281 250 305 252 191 199 184 155 145 167 170 174 133 129
125 179 134 193 345 261 148 108 -9999 118 123 153 204 162 160 182 253 388 276 349 262 345 382 250 357 528 721 727 412 553 651 949 683 377 377 274 346 280 326 336 439 650 876 675 813 833 596 396 456 475 623 451 397 527 512 674 670 692 672 527 362 374 572 585 372 252 490 605 327 209 499 274 195 165 157 140 157 124 141 204 157 150
209 270 144 215 295 352 154 120 123 174 154 135 183 165 369 383 271 174 185 192 355 341 356 253 414 582 772 486 290 386 565 877 785 550 350 484 299 234 271 363 470 787 618 488 397 391 398 568 442 346 358 355 322 446 413 463 625 559 641 659 637 342 300 355 258 250 428 546 321 190 393 275 205 175 154 157 143 120 165 180 150 180
