features/re_dem.asc
ncols         768
nrows         589
xllcorner     124.299398925
yllcorner     32.893460211367
cellsize      0.010567299164062
NODATA_value  -9999
[rows 370 to 406 of 589, columns 164 to 245 of 768]
-9999 -9999 -9999 -9999 -9999 -9999 -9999 -9999 -9999 -9999 -9999 -9999 -9999 -9999 -9999 -9999 -9999 -9999 -9999 -9999 -9999 -9999 -9999 -9999 -9999 -9999 -9999 -9999 -9999 -9999 -9999 -9999 -9999 11 13 123 86 111 90 185 234 95 80 85 41 231 119 53 90 270 209 106 149 50 34 30 30 74 43 61 85 33 81 127 106 247 128 67 24 25 35 50 32 35 23 35 38 19 20 25 43 56
-9999 -9999 -9999 -9999 -9999 -9999 -9999 -9999 -9999 -9999 -9999 -9999 -9999 -9999 -9999 -9999 -9999 -9999 -9999 -9999 -9999 -9999 -9999 -9999 -9999 -9999 -9999 -9999 -9999 -9999 -9999 -9999 -9999 125 116 156 179 122 65 195 135 165 80 66 101 138 85 117 163 157 416 112 85 59 39 29 34 70 151 49 43 32 99 70 103 101 47 28 50 35 34 44 30 25 28 27 34 20 18 55 71 45
-9999 -9999 -9999 -9999 -9999 -9999 -9999 -9999 -9999 -9999 -9999 -9999 -9999 -9999 -9999 -9999 -9999 -9999 -9999 -9999 -9999 -9999 -9999 -9999 -9999 -9999 -9999 -9999 -9999 -9999 -9999 -9999 -9999 111 109 194 182 228 222 126 62 168 75 65 140 78 119 193 204 154 144 114 80 38 40 28 41 39 41 109 35 54 85 84 91 28 23 23 34 112 87 32 32 20 20 37 15 14 35 38 45 34
-9999 -9999 -9999 -9999 -9999 -9999 -9999 -9999 -9999 -9999 -9999 -9999 -9999 -9999 -9999 -9999 -9999 -9999 -9999 -9999 -9999 -9999 -9999 -9999 -9999 -9999 -9999 -9999 -9999 -9999 -9999 -9999 -9999 46 68 35 111 174 200 175 63 60 92 55 104 82 167 127 111 113 128 125 50 40 30 25 35 50 68 48 55 25 67 25 22 23 24 42 161 243 118 68 30 22 16 15 16 18 24 25 25 29
-9999 -9999 -9999 -9999 -9999 -9999 -9999 -9999 -9999 -9999 -9999 -9999 -9999 -9999 -9999 -9999 -9999 -9999 -9999 -9999 -9999 -9999 -9999 -9999 -9999 -9999 -9999 -9999 -9999 -9999 -9999 -9999 -9999 -9999 66 14 21 117 153 181 103 92 90 59 61 164 183 103 75 240 118 203 50 36 40 23 39 45 69 51 38 45 37 54 39 21 20 136 152 157 53 55 45 26 14 14 13 17 25 25 26 30
-9999 -9999 -9999 -9999 -9999 -9999 -9999 -9999 -9999 -9999 -9999 -9999 -9999 -9999 -9999 -9999 -9999 -9999 -9999 -9999 -9999 -9999 -9999 -9999 -9999 -9999 -9999 -9999 -9999 -9999 -9999 -9999 -9999 -9999 -9999 8 17 82 93 139 75 56 39 95 37 196 172 60 94 181 304 212 118 35 26 26 68 38 76 38 56 125 43 47 66 101 142 26 15 25 20 19 24 39 14 10 19 20 34 49 28 43
-9999 -9999 -9999 -9999 -9999 -9999 -9999 -9999 -9999 -9999 -9999 -9999 -9999 -9999 -9999 -9999 -9999 -9999 -9999 -9999 -9999 -9999 -9999 -9999 -9999 -9999 -9999 -9999 -9999 -9999 -9999 -9999 -9999 -9999 -9999 -9999 -9999 21 52 112 75 66 62 45 57 144 103 62 242 240 226 325 133 45 27 20 28 51 72 44 62 69 99 116 49 33 64 135 21 18 17 15 15 15 15 15 16 47 44 45 89 37
-9999 -9999 -9999 -9999 -9999 -9999 -9999 -9999 -9999 -9999 -9999 -9999 -9999 -9999 -9999 -9999 -9999 -9999 -9999 -9999 -9999 -9999 -9999 -9999 -9999 -9999 -9999 -9999 -9999 -9999 -9999 -9999 -9999 -9999 -9999 -9999 -9999 3 38 47 112 34 20 31 82 97 73 45 246 226 85 242 52 26 40 18 106 82 112 72 86 32 37 48 42 28 30 24 22 15 15 14 13 13 9 14 25 25 57 48 65 50
-9999 -9999 -9999 -9999 -9999 -9999 -9999 -9999 -9999 -9999 -9999 -9999 -9999 -9999 -9999 -9999 -9999 -9999 -9999 -9999 -9999 -9999 -9999 66 35 17 1 -9999 -9999 -9999 -9999 -9999 -9999 -9999 -9999 -9999 -9999 -9999 -9999 109 38 12 14 55 20 198 103 45 141 191 256 118 137 17 30 19 25 149 110 103 160 29 27 51 41 35 68 30 17 15 13 15 12 12 11 16 71 58 43 125 145 92
-9999 -9999 -9999 -9999 -9999 -9999 -9999 -9999 -9999 -9999 -9999 -9999 -9999 -9999 -9999 -9999 -9999 -9999 -9999 -9999 -9999 -9999 -9999 20 14 18 9 -9999 -9999 -9999 -9999 -9999 -9999 -9999 -9999 -9999 -9999 -9999 -9999 -9999 -9999 5 18 28 18 71 49 181 202 95 90 84 47 15 15 42 106 101 151 190 98 33 20 30 28 38 40 35 22 13 11 12 14 9 20 25 76 76 58 61 48 97
-9999 -9999 -9999 -9999 -9999 -9999 -9999 -9999 -9999 -9999 -9999 -9999 -9999 -9999 -9999 -9999 1 -9999 -9999 -9999 -9999 -9999 -9999 2 0 -9999 -9999 -9999 -9999 -9999 -9999 -9999 -9999 -9999 -9999 -9999 -9999 -9999 -9999 -9999 -9999 -9999 37 35 15 17 146 222 210 78 64 44 18 14 132 145 108 101 105 94 183 35 28 17 15 21 37 25 24 23 12 11 9 25 22 114 64 29 46 77 69 125
-9999 -9999 -9999 -9999 -9999 1 -9999 -9999 -9999 -9999 -9999 -9999 -9999 -9999 40 125 79 9 -9999 -9999 -9999 -9999 -9999 -9999 -9999 -9999 -9999 -9999 -9999 -9999 -9999 -9999 -9999 -9999 -9999 -9999 -9999 -9999 -9999 -9999 -9999 -9999 17 30 15 13 177 100 135 88 84 158 30 12 30 141 119 90 77 111 333 44 32 22 15 13 31 25 29 34 22 10 9 15 24 25 22 57 33 44 96 157
-9999 -9999 -9999 -9999 1 75 -9999 -9999 -9999 -9999 -9999 -9999 -9999 -9999 46 17 51 0 0 -9999 -9999 -9999 -9999 1 -9999 -9999 -9999 -9999 -9999 -9999 -9999 -9999 -9999 -9999 -9999 -9999 -9999 -9999 -9999 -9999 -9999 24 24 38 20 16 15 58 38 29 115 24 9 35 180 55 61 107 68 173 159 157 49 32 19 10 25 12 19 14 9 9 9 18 27 19 26 69 81 86 177 239
-9999 -9999 -9999 -9999 -9999 97 -9999 -9999 -9999 -9999 -9999 -9999 -9999 -9999 -9999 -9999 -9999 -9999 16 1 -9999 -9999 9 -9999 -9999 -9999 -9999 -9999 -9999 -9999 -9999 -9999 -9999 -9999 -9999 -9999 -9999 -9999 -9999 -9999 -9999 12 15 28 163 36 10 14 48 19 38 111 51 14 132 24 52 140 48 176 194 224 94 50 24 12 10 9 8 5 9 10 11 14 15 19 33 69 60 106 150 187
-9999 -9999 -9999 -9999 -9999 -9999 -9999 -9999 -9999 -9999 -9999 -9999 -9999 -9999 -9999 -9999 -9999 -9999 -9999 -9999 -9999 -9999 -9999 -9999 -9999 -9999 -9999 -9999 -9999 -9999 -9999 -9999 57 14 -9999 -9999 -9999 -9999 -9999 -9999 33 156 30 46 73 19 5 28 18 31 45 80 5 16 15 81 223 213 141 190 203 197 247 268 43 30 14 8 5 4 9 11 11 12 14 15 46 17 68 33 127 95
-9999 -9999 -9999 -9999 -9999 -9999 -9999 -9999 -9999 -9999 -9999 -9999 -9999 -9999 -9999 -9999 -9999 -9999 -9999 -9999 -9999 -9999 -9999 -9999 -9999 -9999 -9999 -9999 -9999 -9999 -9999 -9999 -9999 -9999 -9999 -9999 -9999 -9999 -9999 -9999 104 55 18 10 23 59 4 5 47 17 92 27 4 5 15 33 150 217 125 60 151 205 97 122 33 20 5 9 15 28 29 20 12 14 14 15 16 18 39 50 121 185
-9999 -9999 -9999 -9999 -9999 -9999 -9999 -9999 -9999 -9999 -9999 -9999 -9999 -9999 -9999 -9999 -9999 -9999 -9999 -9999 7 -9999 -9999 -9999 -9999 -9999 -9999 -9999 -9999 -9999 -9999 -9999 -9999 -9999 -9999 -9999 -9999 -9999 -9999 -9999 70 37 16 9 23 4 4 8 8 19 65 25 53 4 8 14 33 42 180 305 128 204 226 176 25 14 5 8 25 26 25 25 15 15 15 17 65 31 19 96 165 240
-9999 -9999 -9999 -9999 -9999 -9999 -9999 -9999 -9999 -9999 -9999 -9999 -9999 -9999 -9999 -9999 -9999 -9999 -9999 -9999 -9999 -9999 -9999 -9999 -9999 -9999 -9999 -9999 -9999 -9999 -9999 -9999 -9999 -9999 -9999 -9999 -9999 -9999 -9999 -9999 43 124 69 15 28 3 2 5 9 14 46 93 30 8 43 18 28 17 155 152 138 73 90 61 35 18 7 9 23 35 45 32 27 19 22 44 58 86 25 136 264 158
-9999 -9999 -9999 -9999 -9999 -9999 -9999 -9999 -9999 -9999 -9999 -9999 -9999 -9999 -9999 -9999 -9999 -9999 -9999 -9999 -9999 -9999 -9999 -9999 -9999 -9999 -9999 -9999 -9999 -9999 -9999 -9999 -9999 -9999 -9999 3 9 25 20 38 29 36 14 15 10 22 2 5 5 9 20 22 43 2 55 24 20 11 53 25 60 55 81 71 39 4 6 6 9 11 15 24 24 25 37 72 103 30 21 92 126 86
-9999 -9999 -9999 -9999 -9999 -9999 -9999 -9999 -9999 -9999 -9999 -9999 -9999 -9999 -9999 -9999 -9999 -9999 -9999 -9999 -9999 -9999 -9999 -9999 -9999 -9999 -9999 -9999 -9999 -9999 -9999 -9999 -9999 -9999 1 -9999 11 14 9 30 13 9 9 8 4 7 1 13 61 60 49 3 3 11 62 18 25 5 29 64 25 10 12 5 6 4 5 6 24 15 19 20 25 29 38 213 95 124 44 26 24 24
-9999 -9999 -9999 -9999 -9999 -9999 -9999 -9999 -9999 -9999 -9999 -9999 -9999 -9999 -9999 -9999 -9999 -9999 -9999 -9999 -9999 -9999 -9999 -9999 -9999 -9999 -9999 -9999 -9999 -9999 -9999 -9999 -9999 -9999 0 -9999 -9999 1 15 53 29 20 23 39 43 62 7 2 112 9 24 64 2 2 15 22 4 3 5 5 6 24 61 66 16 14 6 9 33 23 10 25 35 32 40 97 92 34 75 115 26 29
-9999 -9999 -9999 -9999 -9999 -9999 -9999 -9999 -9999 -9999 -9999 -9999 -9999 -9999 -9999 -9999 -9999 -9999 -9999 -9999 -9999 -9999 -9999 -9999 -9999 -9999 -9999 -9999 -9999 -9999 -9999 -9999 -9999 -9999 -9999 -9999 -9999 -9999 -9999 34 27 30 107 113 72 61 16 10 0 10 2 -9999 3 98 0 35 4 1 0 15 8 8 60 21 7 25 9 25 96 29 24 19 28 52 75 64 124 168 91 70 31 48
-9999 -9999 -9999 -9999 -9999 -9999 -9999 -9999 -9999 -9999 -9999 -9999 -9999 -9999 -9999 -9999 -9999 -9999 -9999 -9999 -9999 -9999 -9999 -9999 -9999 -9999 -9999 -9999 -9999 -9999 -9999 -9999 -9999 -9999 -9999 -9999 -9999 -9999 -9999 7 32 86 167 67 25 100 7 4 2 16 72 1 10 60 43 0 3 3 3 4 20 30 25 20 9 31 34 14 31 37 18 27 37 35 70 91 113 93 42 38 35 194
-9999 -9999 -9999 -9999 -9999 -9999 -9999 -9999 -9999 -9999 -9999 -9999 -9999 -9999 -9999 -9999 -9999 -9999 -9999 -9999 -9999 -9999 -9999 -9999 -9999 -9999 -9999 -9999 -9999 -9999 -9999 -9999 -9999 -9999 -9999 -9999 13 20 15 18 115 140 80 263 30 4 3 0 3 61 29 15 20 20 68 26 9 4 2 8 11 17 41 25 10 10 27 14 14 25 35 20 25 45 152 70 65 65 40 106 134 68
-9999 -9999 -9999 -9999 -9999 -9999 -9999 -9999 -9999 -9999 -9999 -9999 -9999 -9999 -9999 -9999 -9999 -9999 -9999 -9999 -9999 -9999 -9999 -9999 -9999 -9999 -9999 -9999 9 9 -9999 -9999 -9999 -9999 -9999 -9999 45 73 17 76 87 93 29 40 25 4 2 2 56 65 9 4 15 13 16 18 35 21 29 30 20 34 36 25 12 13 24 35 28 35 30 35 32 50 156 106 129 81 65 83 177 50
-9999 -9999 -9999 -9999 -9999 -9999 -9999 -9999 -9999 -9999 -9999 -9999 -9999 -9999 -9999 -9999 -9999 -9999 -9999 -9999 -9999 -9999 -9999 -9999 -9999 -9999 -9999 -9999 -9999 -9999 -9999 -9999 -9999 -9999 -9999 -9999 13 29 48 121 108 126 105 117 58 43 32 -9999 -9999 40 9 4 13 11 13 5 19 66 19 14 24 21 25 38 33 15 25 35 26 23 42 68 70 122 147 157 137 65 124 76 152 91
-9999 -9999 -9999 -9999 -9999 -9999 -9999 -9999 -9999 -9999 -9999 -9999 -9999 -9999 -9999 -9999 -9999 -9999 -9999 -9999 -9999 -9999 -9999 -9999 -9999 -9999 -9999 -9999 -9999 -9999 -9999 -9999 -9999 -9999 -9999 -9999 30 23 99 145 112 98 74 72 5 -9999 0 2 5 51 14 11 2 2 2 4 5 28 16 5 5 12 21 33 26 15 23 36 39 94 172 64 227 190 96 118 136 65 190 199 118 107
-9999 -9999 -9999 -9999 -9999 -9999 -9999 -9999 -9999 -9999 -9999 -9999 -9999 -9999 -9999 -9999 -9999 -9999 -9999 -9999 -9999 -9999 -9999 -9999 -9999 -9999 -9999 -9999 -9999 -9999 -9999 -9999 -9999 -9999 -9999 -9999 -9999 28 35 149 99 216 62 33 16 -9999 5 0 15 28 13 0 1 2 13 2 2 3 44 9 6 18 30 22 30 28 20 28 97 49 131 374 263 294 322 173 195 64 65 66 98 115
-9999 -9999 -9999 -9999 -9999 -9999 -9999 -9999 -9999 -9999 -9999 -9999 -9999 -9999 -9999 -9999 -9999 -9999 -9999 -9999 -9999 -9999 -9999 -9999 -9999 -9999 -9999 -9999 -9999 -9999 -9999 -9999 -9999 -9999 -9999 -9999 -9999 -9999 130 140 127 99 212 83 86 13 -9999 83 19 7 7 0 -9999 10 2 18 9 10 19 21 10 10 18 29 45 48 22 101 77 218 66 131 182 331 232 270 130 115 137 75 193 164
1 95 38 13 -9999 -9999 -9999 -9999 -9999 -9999 -9999 -9999 -9999 -9999 -9999 -9999 -9999 -9999 -9999 -9999 -9999 -9999 -9999 -9999 -9999 -9999 -9999 -9999 -9999 -9999 -9999 -9999 -9999 -9999 -9999 -9999 -9999 48 51 85 121 39 134 34 62 9 4 0 -9999 5 0 -9999 -9999 11 10 4 13 20 20 32 15 20 22 88 51 55 36 30 91 179 228 130 381 246 374 104 286 282 206 91 204 166
11 12 180 196 -9999 -9999 -9999 -9999 -9999 -9999 -9999 -9999 -9999 -9999 -9999 -9999 -9999 -9999 -9999 -9999 -9999 -9999 -9999 -9999 -9999 -9999 -9999 -9999 -9999 -9999 -9999 -9999 -9999 -9999 -9999 -9999 -9999 0 68 23 60 25 93 15 20 86 4 0 -9999 -9999 -9999 -9999 -9999 0 9 20 15 23 39 33 23 22 26 43 68 65 55 35 110 75 226 219 203 257 232 291 197 132 149 195 338 362
44 69 61 -9999 -9999 -9999 -9999 -9999 -9999 -9999 -9999 -9999 -9999 -9999 -9999 -9999 -9999 -9999 -9999 -9999 -9999 -9999 -9999 -9999 -9999 -9999 -9999 -9999 -9999 -9999 -9999 -9999 -9999 -9999 -9999 -9999 5 53 75 71 59 15 142 80 20 3 29 0 -9999 -9999 -9999 -9999 -9999 6 3 9 19 30 24 24 24 27 38 40 85 102 68 39 88 244 302 456 366 327 230 150 285 189 421 432 325 336
-9999 -9999 -9999 -9999 -9999 -9999 -9999 -9999 -9999 -9999 -9999 -9999 -9999 -9999 -9999 -9999 -9999 -9999 -9999 -9999 -9999 -9999 -9999 -9999 -9999 -9999 -9999 -9999 -9999 -9999 -9999 -9999 -9999 -9999 -9999 -9999 75 66 81 112 175 19 44 56 12 13 2 4 0 -9999 -9999 -9999 19 15 15 12 38 18 4 16 10 30 27 59 80 221 149 47 102 139 105 309 323 250 313 285 289 299 295 319 230 247
-9999 -9999 -9999 -9999 -9999 -9999 -9999 -9999 -9999 -9999 -9999 -9999 -9999 -9999 -9999 -9999 -9999 -9999 -9999 -9999 -9999 -9999 -9999 -9999 -9999 -9999 -9999 -9999 -9999 -9999 -9999 -9999 -9999 -9999 -9999 -9999 -9999 22 125 105 92 55 3 10 4 0 0 0 -9999 -9999 -9999 -9999 5 15 38 29 18 12 0 20 25 28 68 97 221 371 224 64 109 60 177 230 310 288 239 228 264 199 204 260 186 293
-9999 -9999 -9999 -9999 -9999 -9999 -9999 -9999 -9999 -9999 -9999 -9999 -9999 -9999 -9999 -9999 -9999 -9999 -9999 -9999 -9999 -9999 -9999 -9999 -9999 -9999 -9999 -9999 -9999 -9999 -9999 -9999 -9999 -9999 -9999 -9999 -9999 8 35 123 20 34 1 1 10 1 10 0 -9999 -9999 -9999 -9999 -9999 5 12 10 20 5 1 5 23 25 19 74 116 108 188 123 90 96 78 100 194 310 296 260 346 333 157 145 194 354
-9999 -9999 -9999 -9999 -9999 148 -9999 -9999 -9999 -9999 -9999 -9999 -9999 -9999 -9999 -9999 -9999 -9999 -9999 -9999 -9999 -9999 -9999 -9999 -9999 -9999 -9999 -9999 -9999 -9999 -9999 -9999 -9999 -9999 -9999 -9999 24 25 31 44 71 1 1 1 2 14 2 0 -9999 -9999 -9999 4 5 15 4 1 -9999 4 3 28 3 64 29 19 20 21 70 105 204 235 231 167 309 506 361 283 271 340 229 267 196 330
-9999 -9999 -9999 -9999 -9999 -9999 -9999 -9999 -9999 -9999 -9999 -9999 -9999 -9999 -9999 -9999 -9999 -9999 -9999 -9999 -9999 -9999 -9999 -9999 -9999 -9999 -9999 -9999 -9999 -9999 -9999 -9999 -9999 -9999 -9999 60 31 4 3 9 153 127 65 2 45 13 20 0 -9999 -9999 -9999 -9999 -9999 -9999 -9999 -9999 -9999 -9999 -9999 1 -9999 10 5 15 19 15 36 192 357 323 235 165 276 401 400 240 262 308 441 314 243 144
