features/re_dem.asc
ncols         768
nrows         589
xllcorner     124.299398925
yllcorner     32.893460211367
cellsize      0.010567299164062
NODATA_value  -9999
[rows 370 to 406 of 589, columns 246 to 327 of 768]
75 109 122 93 173 127 120 68 66 115 213 324 297 351 355 342 288 331 210 386 235 228 211 275 230 386 326 514 489 262 302 223 305 410 686 366 233 541 298 404 591 463 245 247 151 182 338 310 208 258 427 114 54 30 25 20 29 43 50 39 206 247 289 102 57 10 16 260 211 45 229 506 717 876 965 576 484 303 643 816 890 513
50 52 88 73 213 133 177 102 -9999 208 145 425 360 315 334 444 344 219 294 206 305 322 233 240 267 264 336 510 534 227 239 154 307 270 439 463 230 241 210 301 573 405 407 355 131 30 133 54 55 99 299 261 46 30 30 55 27 19 28 25 15 46 10 150 397 190 195 58 75 175 437 781 557 800 783 666 275 143 392 507 701 514
39 51 51 64 164 154 333 190 90 88 90 126 188 307 322 448 326 315 194 343 300 357 317 560 433 369 299 441 472 392 426 223 196 162 277 401 289 166 118 197 491 304 158 76 107 289 187 135 163 62 35 165 123 33 186 306 174 74 69 58 30 43 185 384 668 382 462 260 11 68 241 388 362 702 588 344 195 81 257 521 428 417
32 37 42 70 252 215 143 336 198 129 189 261 232 250 282 315 243 275 189 271 284 306 285 499 674 505 490 520 320 389 401 276 138 90 107 243 423 222 99 181 297 210 56 59 314 474 281 197 402 197 158 25 46 64 200 515 75 473 249 370 146 68 193 327 530 643 481 160 299 64 28 92 400 456 343 232 86 82 260 618 648 431
35 39 49 86 177 219 264 278 250 227 444 257 243 156 286 256 278 190 222 294 200 289 316 299 608 457 500 505 249 262 375 421 293 75 165 257 357 324 200 80 180 45 80 55 120 268 420 273 499 200 297 178 45 91 194 365 188 363 646 557 162 90 189 456 632 541 326 221 507 280 69 4 91 337 160 83 42 79 303 518 651 543
40 44 52 79 116 274 229 406 308 373 550 353 381 249 311 210 305 280 226 258 221 245 267 255 315 359 416 351 447 189 147 149 182 117 182 260 196 470 400 69 43 99 347 94 211 431 441 447 637 438 532 319 94 34 283 602 314 344 326 198 192 179 447 699 723 622 330 472 569 275 135 125 81 23 20 10 17 95 292 542 431 544
68 51 78 116 182 196 390 476 502 559 703 684 652 289 232 322 207 415 193 254 212 310 253 195 339 333 407 416 332 358 408 282 101 155 63 267 66 250 193 64 295 306 424 173 195 381 391 717 513 278 269 177 138 35 110 270 265 208 336 246 136 141 249 390 661 693 539 558 746 283 248 243 280 93 5 8 92 389 310 572 337 240
60 66 63 101 211 198 190 460 854 754 1078 658 387 275 300 322 294 244 196 165 162 194 174 229 288 409 361 433 412 368 507 217 123 60 60 60 65 58 82 85 231 655 394 202 171 369 394 340 377 295 217 113 74 70 68 208 531 485 512 321 160 209 462 549 646 918 747 808 473 585 357 492 468 309 119 21 233 553 696 418 257 112
142 118 78 90 100 206 270 507 614 924 842 670 375 261 215 211 359 361 261 164 186 243 473 279 339 364 255 342 207 281 412 283 131 91 202 245 105 93 155 297 248 376 556 404 174 361 269 237 304 218 132 92 154 175 119 180 218 250 259 367 475 317 549 739 844 977 849 938 773 784 706 813 524 275 132 5 193 270 569 376 390 200
94 203 186 80 272 380 257 351 527 694 809 576 478 243 227 319 219 247 227 165 162 242 199 175 260 217 325 397 154 322 117 155 104 89 110 182 302 134 102 247 311 535 579 377 228 356 213 151 205 187 138 131 118 127 159 94 95 115 255 515 588 392 694 900 965 643 621 896 1137 834 797 440 510 303 186 5 176 392 475 296 115 232
181 265 341 140 229 339 196 294 569 330 407 694 506 296 534 575 448 273 165 220 233 292 152 168 287 265 434 304 127 377 184 75 69 93 116 410 328 106 109 347 487 536 477 501 274 155 150 225 215 199 92 142 110 208 349 179 239 190 418 704 570 771 803 523 751 612 496 759 1076 881 777 645 520 360 128 60 5 107 141 110 335 121
156 137 270 117 200 178 195 320 310 358 326 224 583 387 569 536 505 255 165 270 297 163 168 238 328 367 307 207 119 116 164 78 80 59 70 168 232 145 311 192 485 670 355 203 145 158 140 101 211 181 345 94 315 152 208 278 461 516 423 657 613 399 484 338 655 602 375 530 647 679 790 571 393 241 409 126 9 9 16 67 185 75
165 150 205 241 221 225 169 145 127 253 444 297 280 500 348 311 455 312 222 135 135 130 142 150 261 227 378 288 201 190 222 80 73 68 80 245 109 211 420 389 404 635 365 253 361 318 212 146 287 120 266 319 211 238 371 329 641 298 360 551 468 364 185 349 531 531 313 290 338 518 772 807 452 235 320 350 207 61 7 4 107 112
221 185 367 110 254 298 189 73 80 105 213 442 150 291 365 238 282 281 285 193 211 130 156 298 315 265 260 516 517 330 303 136 186 95 74 85 94 124 170 333 334 518 551 343 428 559 450 238 207 215 469 423 331 139 220 409 281 294 490 645 391 182 206 209 363 426 345 364 203 495 669 528 553 287 102 355 407 95 60 3 4 3
104 99 206 92 123 109 66 54 58 65 155 123 167 168 140 246 165 189 233 176 165 122 145 291 320 382 430 522 202 197 154 265 126 331 120 105 108 183 223 339 391 276 405 225 277 393 564 449 422 351 300 270 185 356 357 296 138 226 422 440 555 472 153 200 379 219 182 244 150 264 512 517 452 190 84 171 232 245 265 187 6 3
54 203 203 90 59 40 60 49 86 56 98 95 89 162 136 170 217 145 363 219 174 132 205 292 277 479 552 476 400 444 345 157 237 267 163 159 145 166 242 445 266 278 256 212 190 304 380 415 435 284 137 221 244 277 146 355 289 157 388 529 457 369 157 165 339 160 85 97 178 287 528 354 297 390 86 238 65 71 134 172 68 3
114 139 118 65 86 44 54 62 143 125 113 82 191 127 172 149 120 253 208 185 117 186 145 230 260 492 740 633 394 224 329 125 195 100 220 222 468 326 200 370 232 277 189 321 248 157 274 242 149 115 92 77 186 123 100 283 163 145 292 524 305 295 383 80 328 270 161 59 87 240 500 507 332 235 305 382 55 61 68 200 78 2
38 196 98 88 35 52 142 143 237 199 119 74 81 157 158 265 283 197 205 120 114 135 191 285 338 490 610 558 592 316 123 216 117 100 132 260 400 454 313 409 263 197 175 165 182 196 235 199 164 401 292 204 60 81 61 225 141 127 247 440 429 196 445 297 98 148 336 164 76 264 461 275 339 383 210 255 166 58 53 301 290 203
55 54 29 30 31 68 99 168 225 171 114 92 183 168 407 330 251 133 136 113 106 247 343 371 399 378 315 417 208 120 143 100 100 175 247 213 480 567 547 675 476 328 365 220 265 225 119 160 214 260 325 152 125 58 75 92 131 58 214 163 237 165 348 121 51 99 147 36 48 187 367 136 211 124 99 252 191 5 53 270 198 5
26 28 32 33 33 34 90 265 134 123 217 123 180 381 559 236 215 221 117 291 108 201 243 335 284 187 335 154 296 364 110 164 203 243 290 240 460 598 757 725 378 367 395 169 186 268 213 228 454 433 458 366 323 188 138 34 88 45 185 177 98 55 131 311 82 64 35 28 74 285 430 181 53 71 122 64 156 1 34 19 273 38
61 70 174 130 110 42 66 119 179 128 261 226 244 294 422 289 146 125 129 182 392 292 100 234 128 180 317 152 134 286 105 100 125 300 303 462 496 610 652 461 296 213 140 171 105 203 260 343 486 400 360 379 206 258 210 80 29 34 124 73 74 46 50 59 28 185 15 121 111 338 388 249 69 45 15 16 55 -9999 14 1 37 128
155 92 93 224 136 109 40 113 175 68 127 100 214 400 301 230 141 262 159 184 234 419 236 110 140 192 227 100 100 146 100 270 222 119 150 309 394 659 527 533 498 440 223 228 100 114 276 176 405 277 256 380 253 85 183 23 104 32 45 141 184 106 155 19 22 14 28 175 107 206 200 100 132 24 190 142 11 -9999 -9999 -9999 -9999 2
223 111 148 151 84 74 54 134 173 188 202 152 192 397 307 153 157 188 294 230 248 490 265 162 161 121 143 100 170 117 103 365 187 206 128 211 259 277 539 466 317 338 213 107 166 289 100 100 320 524 464 149 335 312 93 21 43 323 126 25 48 97 96 116 11 10 5 39 59 67 161 207 81 95 150 255 195 -9999 -9999 -9999 -9999 -9999
80 166 98 74 93 48 44 98 243 244 299 350 363 430 207 168 237 359 294 367 451 310 204 169 246 150 113 186 136 351 323 170 334 311 189 187 239 299 398 601 420 244 304 364 261 278 160 100 188 213 420 295 126 267 181 13 62 192 23 43 67 46 42 21 7 -9999 3 14 59 159 127 97 110 85 264 325 271 -9999 -9999 -9999 -9999 -9999
165 214 80 64 96 52 78 79 175 186 238 249 426 298 265 220 279 404 353 380 354 506 417 326 247 124 214 215 151 205 474 317 429 207 136 276 348 361 499 592 341 369 273 166 153 232 106 254 100 92 104 20 149 98 81 17 9 13 8 20 96 86 73 103 59 -9999 -9999 -9999 68 190 349 291 280 36 89 53 -9999 -9999 -9999 -9999 -9999 -9999
101 200 137 142 142 59 118 183 112 242 228 154 191 408 256 466 399 445 442 382 245 238 362 308 212 115 183 178 226 261 588 561 316 206 279 166 227 398 454 334 268 223 215 210 438 420 250 161 142 186 78 38 10 157 302 58 5 5 38 34 25 15 23 45 -9999 -9999 -9999 -9999 305 277 331 157 130 40 31 -9999 -9999 -9999 -9999 -9999 -9999 -9999
97 112 115 80 70 106 159 162 64 158 81 180 94 126 350 290 601 489 224 464 256 184 317 200 190 126 150 391 465 373 388 331 348 453 338 217 229 321 471 348 277 368 533 423 290 308 216 120 96 206 166 68 135 29 163 34 4 4 13 19 28 45 -9999 -9999 -9999 -9999 -9999 -9999 -9999 200 271 46 63 -9999 -9999 -9999 -9999 -9999 -9999 -9999 -9999 -9999
139 195 150 140 199 257 129 105 64 117 199 383 225 162 284 202 286 379 249 294 345 277 128 167 100 115 146 145 211 219 341 490 393 278 228 200 263 257 394 237 100 109 315 278 351 173 173 185 181 289 241 43 78 25 43 10 4 2 3 4 5 17 11 66 -9999 -9999 -9999 -9999 -9999 64 50 20 -9999 -9999 -9999 -9999 -9999 -9999 -9999 -9999 -9999 -9999
228 276 169 226 332 252 139 70 82 113 124 228 143 146 235 189 249 325 276 140 177 167 286 138 100 171 150 151 183 182 275 382 342 257 323 295 213 269 416 236 79 42 59 288 559 500 416 469 247 416 252 190 105 102 148 20 5 4 4 3 102 40 42 23 -9999 -9999 -9999 -9999 -9999 -9999 -9999 -9999 -9999 -9999 -9999 -9999 -9999 -9999 -9999 -9999 -9999 -9999
220 393 253 424 222 189 96 73 72 198 279 255 274 273 269 305 330 352 216 251 120 112 105 109 155 263 282 375 311 225 347 441 355 293 420 340 210 278 270 156 47 24 27 57 202 285 328 305 326 261 245 248 129 10 26 104 13 40 3 3 108 47 17 -9999 -9999 -9999 -9999 -9999 -9999 -9999 -9999 -9999 -9999 -9999 -9999 -9999 -9999 -9999 -9999 -9999 -9999 -9999
199 334 250 292 158 114 159 117 78 155 223 165 283 233 155 180 303 495 410 221 264 124 148 150 105 128 178 233 173 170 160 201 327 366 328 191 85 149 71 45 30 13 10 47 147 199 117 166 271 236 64 28 7 3 38 -9999 -9999 -9999 -9999 10 227 121 56 -9999 -9999 -9999 -9999 -9999 -9999 -9999 -9999 -9999 -9999 -9999 -9999 -9999 -9999 -9999 -9999 -9999 -9999 -9999
200 358 427 304 197 120 97 87 135 101 142 215 230 128 145 214 246 506 454 262 124 247 217 219 147 240 181 141 139 148 154 180 328 379 351 187 216 126 22 15 10 7 23 188 446 273 248 132 183 207 97 52 24 28 2 -9999 -9999 -9999 -9999 -9999 -9999 78 47 52 -9999 -9999 -9999 -9999 -9999 -9999 -9999 -9999 -9999 -9999 -9999 -9999 -9999 -9999 -9999 -9999 -9999 -9999
356 419 410 294 266 359 137 151 208 105 97 112 106 221 175 242 304 362 267 241 179 287 204 108 109 136 126 286 240 306 399 399 499 567 501 232 111 83 155 20 7 5 65 188 317 295 277 199 15 128 9 2 42 8 55 -9999 -9999 -9999 -9999 -9999 -9999 145 71 54 63 -9999 -9999 -9999 -9999 -9999 -9999 -9999 -9999 -9999 -9999 -9999 -9999 -9999 -9999 -9999 -9999 -9999
333 381 290 171 318 250 278 285 262 185 184 163 189 139 154 330 283 380 189 225 212 183 149 116 110 180 153 181 358 358 498 612 530 558 347 165 94 207 221 19 6 4 102 100 136 182 45 90 5 -9999 14 13 3 49 166 -9999 -9999 -9999 -9999 -9999 -9999 74 18 171 204 -9999 -9999 -9999 -9999 -9999 -9999 -9999 -9999 -9999 -9999 -9999 -9999 -9999 -9999 -9999 -9999 -9999
393 290 416 217 362 345 283 233 271 219 388 224 266 288 316 216 189 239 265 182 211 157 166 125 191 163 225 395 295 314 418 332 175 160 94 63 58 47 119 83 143 59 3 2 4 101 43 4 3 -9999 -9999 -9999 -9999 -9999 -9999 -9999 -9999 -9999 -9999 -9999 -9999 -9999 27 252 242 123 -9999 -9999 -9999 -9999 -9999 -9999 -9999 -9999 -9999 -9999 -9999 -9999 -9999 -9999 11 -9999
240 317 422 281 301 285 232 180 239 221 219 252 339 273 282 186 166 188 152 278 217 259 143 113 155 257 393 464 470 513 330 376 297 267 206 123 152 106 84 19 34 19 31 -9999 -9999 -9999 -9999 -9999 -9999 -9999 -9999 -9999 -9999 -9999 -9999 -9999 -9999 -9999 -9999 -9999 -9999 -9999 -9999 192 130 294 134 -9999 -9999 -9999 -9999 -9999 -9999 -9999 -9999 -9999 -9999 -9999 240 20 117 -9999
350 200 206 266 470 245 224 170 232 232 160 312 417 236 164 269 244 210 143 203 146 351 202 120 148 183 470 346 236 361 122 68 55 97 29 116 267 74 44 176 349 98 51 -9999 -9999 -9999 -9999 -9999 -9999 -9999 -9999 -9999 -9999 -9999 -9999 -9999 -9999 -9999 -9999 -9999 -9999 -9999 -9999 195 220 172 90 -9999 -9999 -9999 -9999 -9999 -9999 -9999 48 37 174 394 58 115 217 -9999
