features/re_dem.asc
ncols         768
nrows         589
xllcorner     124.299398925
yllcorner     32.893460211367
cellsize      0.010567299164062
NODATA_value  -9999
[rows 185 to 221 of 589, columns 410 to 491 of 768]
552 546 482 363 410 357 512 630 574 739 789 758 794 795 1029 759 872 862 985 671 851 975 951 1021 1226 1107 1332 1397 1334 1054 877 786 729 691 825 1089 813 660 742 875 1030 1155 993 894 771 452 522 565 330 684 577 579 399 219 238 327 397 256 190 84 205 204 97 198 59 10 71 -9999 -9999 -9999 -9999 -9999 -9999 -9999 -9999 -9999 -9999 -9999 -9999 -9999 -9999 -9999
560 512 557 533 308 494 353 315 652 864 974 866 1097 1091 969 1062 646 888 945 679 601 723 863 904 1161 1226 1203 1107 1135 928 1029 894 852 665 698 840 942 692 839 718 748 770 840 913 870 789 478 588 267 381 637 355 419 216 110 195 209 277 71 75 112 86 69 34 57 101 161 149 -9999 -9999 -9999 -9999 -9999 -9999 -9999 -9999 -9999 -9999 -9999 -9999 -9999 -9999
469 737 638 329 419 283 390 446 392 626 672 680 783 785 699 710 581 753 918 617 919 1169 893 986 976 1162 931 889 1030 905 862 943 677 942 734 738 888 804 667 768 771 722 856 957 841 635 479 365 359 186 345 144 141 344 266 427 646 264 240 215 47 56 40 177 91 -9999 97 50 35 -9999 -9999 -9999 -9999 -9999 -9999 -9999 -9999 -9999 -9999 -9999 -9999 -9999
523 453 503 321 690 659 627 656 522 366 485 514 583 696 476 552 608 580 531 623 801 1304 1290 1083 846 986 1050 943 846 786 927 799 965 774 630 655 989 859 622 610 739 805 852 858 578 707 618 585 322 219 375 511 460 495 399 695 520 360 407 223 215 200 110 265 175 163 147 109 25 -9999 -9999 -9999 -9999 -9999 -9999 -9999 -9999 -9999 -9999 -9999 -9999 -9999
294 241 243 249 535 661 910 836 626 582 530 549 435 423 584 904 776 638 967 738 679 776 832 875 1069 1058 1037 1014 1179 959 964 1082 1136 809 717 633 820 843 600 780 900 722 794 824 665 463 494 559 330 193 287 297 679 484 563 573 475 439 249 225 388 335 347 351 174 216 164 109 48 -9999 -9999 -9999 -9999 -9999 -9999 -9999 -9999 -9999 -9999 -9999 -9999 -9999
527 523 434 371 285 440 575 891 870 778 854 615 695 561 525 686 818 969 867 924 854 887 847 715 976 1178 1330 1234 1161 1211 1178 1196 911 974 710 580 652 751 638 554 707 665 786 1088 837 760 481 360 387 432 501 330 576 462 668 830 582 337 431 419 231 177 173 158 267 141 75 131 23 31 -9999 -9999 -9999 -9999 -9999 -9999 -9999 -9999 -9999 -9999 -9999 -9999
493 613 754 637 320 444 464 574 911 1104 911 785 685 830 901 683 656 650 1007 1031 1124 1026 1054 960 820 979 1346 1474 1436 1409 1196 993 981 891 687 735 586 563 536 530 898 893 1128 1041 944 -9999 773 632 645 612 551 338 265 540 762 818 574 576 563 458 278 321 435 150 65 168 117 21 45 49 -9999 -9999 -9999 -9999 -9999 -9999 -9999 -9999 -9999 -9999 -9999 -9999
598 818 871 686 486 480 679 599 769 716 725 857 932 810 767 880 974 933 893 1009 1067 995 1024 866 823 877 1250 1216 1029 984 1072 871 803 828 784 715 649 694 599 600 865 1149 889 662 679 802 852 827 743 591 536 751 504 392 656 643 781 738 593 281 256 194 122 115 77 65 116 77 125 135 55 -9999 -9999 -9999 -9999 -9999 -9999 -9999 -9999 -9999 -9999 -9999
913 739 960 685 522 709 601 728 448 636 564 520 740 724 836 803 1100 967 1094 1036 875 940 878 928 1016 1086 1355 1087 945 902 758 824 687 922 812 753 765 764 878 605 758 760 686 802 905 765 895 995 862 997 967 635 653 598 460 805 819 685 364 494 359 241 211 224 145 180 160 171 164 46 45 72 -9999 -9999 -9999 -9999 -9999 -9999 -9999 -9999 -9999 -9999
632 812 958 917 769 660 770 678 835 633 741 551 552 677 898 925 893 909 904 1251 1119 933 1058 986 912 1160 1192 1074 1139 928 931 886 777 659 627 574 644 533 647 570 734 619 690 713 707 592 635 632 772 896 914 710 725 746 733 613 762 591 532 341 251 264 124 203 223 152 135 145 140 147 99 52 68 45 -9999 -9999 -9999 -9999 -9999 -9999 -9999 -9999
443 512 641 787 939 1080 880 877 1061 828 849 634 855 624 614 629 809 1006 938 972 1188 1034 1096 1209 1037 1026 895 813 800 1052 1198 1002 866 789 676 711 837 973 800 508 505 585 622 604 701 622 715 909 667 831 728 899 938 835 725 693 802 590 582 393 514 261 135 202 159 179 141 104 106 130 70 60 44 -9999 -9999 -9999 -9999 -9999 -9999 -9999 -9999 -9999
855 720 628 559 731 916 1192 1174 1033 1146 977 935 788 931 784 776 848 785 673 779 831 742 990 990 979 1153 954 814 791 757 1099 1181 997 912 663 845 962 716 692 489 469 742 824 756 758 853 980 848 834 822 995 948 1051 839 735 751 797 822 630 610 466 220 172 115 174 78 130 118 111 115 62 40 40 -9999 -9999 -9999 -9999 -9999 -9999 -9999 -9999 -9999
1021 871 709 754 635 708 878 799 745 813 890 895 806 1059 979 905 609 636 740 1062 741 720 857 678 873 1102 1008 981 702 726 849 1140 1076 845 825 888 949 747 917 674 477 623 805 894 840 984 1011 953 875 883 924 1017 951 680 581 610 705 673 570 314 329 232 153 204 136 57 95 75 104 118 69 51 84 -9999 -9999 -9999 -9999 -9999 -9999 -9999 -9999 -9999
846 771 676 885 849 846 887 665 455 563 595 705 761 952 1065 775 629 508 616 760 768 648 691 660 811 1052 765 792 762 662 865 922 926 825 920 924 847 881 735 693 684 478 596 664 944 889 1021 830 863 1064 917 805 654 738 550 565 590 550 350 453 208 263 257 182 230 188 103 95 100 24 61 50 74 -9999 -9999 -9999 -9999 -9999 -9999 -9999 -9999 -9999
754 585 419 462 455 577 676 503 597 465 480 634 624 789 748 672 550 551 464 513 681 545 581 584 869 1141 855 820 632 583 742 778 739 695 803 931 873 721 838 750 816 468 410 671 796 732 856 678 841 1065 973 799 597 583 521 662 516 521 512 505 278 214 301 263 277 195 135 121 118 89 22 15 30 -9999 -9999 -9999 -9999 -9999 -9999 -9999 -9999 -9999
457 383 344 346 408 495 480 371 387 483 662 718 730 782 750 720 677 596 521 473 428 549 536 605 842 945 983 771 794 568 701 741 708 774 641 830 827 679 828 1066 776 646 420 443 570 846 687 785 913 785 867 698 627 592 489 612 699 730 584 547 452 384 550 385 375 278 225 225 181 114 25 10 23 -9999 -9999 -9999 -9999 -9999 -9999 -9999 -9999 -9999
345 391 297 353 364 350 341 429 324 351 398 465 566 672 625 822 925 936 701 537 460 409 451 575 701 694 706 969 821 706 561 422 684 523 477 629 460 689 816 911 734 596 495 395 584 681 534 640 661 753 712 584 584 493 463 632 676 602 617 476 449 564 409 256 260 241 231 228 184 131 25 19 7 -9999 -9999 -9999 -9999 -9999 -9999 -9999 -9999 -9999
268 307 284 334 340 380 320 326 296 311 334 355 497 439 464 672 959 1120 838 606 736 598 513 402 416 424 593 727 630 879 816 678 458 702 456 413 713 724 551 834 743 893 651 438 409 478 651 650 825 885 681 568 506 540 444 445 560 530 480 430 528 487 364 273 252 83 281 178 97 91 161 114 5 -9999 -9999 -9999 -9999 -9999 -9999 -9999 -9999 -9999
250 308 290 284 304 298 290 390 375 395 302 369 326 506 584 627 837 710 755 843 829 741 725 642 619 530 404 432 468 609 691 523 373 487 507 479 570 547 445 772 585 644 504 371 679 638 753 766 687 756 639 665 634 472 403 454 630 648 448 259 399 303 251 292 232 137 227 89 40 67 6 4 9 -9999 -9999 -9999 -9999 -9999 -9999 -9999 -9999 -9999
319 340 240 301 285 290 314 341 354 309 256 353 371 478 572 542 671 636 573 653 722 657 683 467 395 392 381 481 539 471 555 692 701 430 345 397 565 522 386 524 465 340 442 458 618 643 667 761 799 773 785 700 693 520 393 353 554 599 436 302 369 323 196 115 119 265 229 75 23 39 9 36 3 -9999 -9999 -9999 -9999 -9999 -9999 -9999 -9999 -9999
258 290 300 254 286 287 469 440 408 271 242 271 312 323 411 364 546 491 511 586 652 500 447 445 462 382 324 454 416 488 645 630 512 412 345 421 306 427 367 497 330 432 464 391 410 591 643 674 685 691 685 627 591 519 542 389 513 461 354 319 165 235 213 374 385 237 282 154 37 93 13 86 47 -9999 -9999 -9999 -9999 -9999 -9999 -9999 -9999 -9999
232 218 268 282 225 362 512 448 278 244 269 291 367 426 346 398 399 551 382 419 598 489 516 458 531 424 328 353 331 396 475 583 832 533 419 308 436 398 317 342 388 367 523 693 480 453 497 643 533 689 580 559 432 488 385 414 270 280 213 303 339 354 347 468 361 452 341 215 55 269 15 76 87 57 -9999 -9999 -9999 -9999 -9999 -9999 -9999 -9999
293 205 252 200 257 265 317 365 262 246 221 295 334 280 267 304 346 314 372 538 543 443 423 463 374 442 420 305 376 330 343 486 543 608 468 428 283 408 468 359 413 689 617 699 579 520 617 530 573 645 642 602 696 593 687 596 524 368 314 452 490 525 520 475 443 348 137 99 168 320 17 39 81 44 -9999 -9999 -9999 -9999 -9999 -9999 -9999 -9999
260 217 247 235 270 319 243 228 235 205 263 238 260 252 239 275 268 303 323 425 428 430 391 378 379 388 409 413 339 426 409 385 404 501 537 430 309 393 749 579 529 385 517 700 679 731 691 568 483 667 722 783 621 603 833 765 542 565 570 474 478 385 337 554 370 218 81 307 307 260 46 82 133 -9999 -9999 -9999 -9999 -9999 -9999 -9999 -9999 -9999
275 270 213 189 237 218 238 198 255 200 204 210 219 239 329 306 333 395 387 408 384 460 429 383 343 377 430 383 318 364 529 472 418 397 333 364 411 586 618 614 853 563 560 571 810 824 723 679 546 656 595 769 841 745 793 637 566 495 321 370 526 291 520 280 136 314 424 230 221 150 27 90 90 69 -9999 -9999 -9999 -9999 -9999 -9999 -9999 -9999
277 282 254 189 180 230 241 185 187 205 210 280 259 286 265 350 348 372 350 447 393 375 372 358 399 369 359 460 404 422 356 486 544 412 428 260 340 356 401 500 536 587 648 875 920 728 725 771 555 658 679 741 905 947 718 479 435 387 463 339 207 221 182 167 367 405 282 113 201 81 46 84 133 -9999 -9999 -9999 -9999 -9999 -9999 -9999 -9999 -9999
226 243 284 196 184 174 175 201 205 210 262 325 261 261 301 335 370 300 345 382 367 360 333 360 434 391 300 264 406 397 338 315 420 244 312 396 425 749 725 559 430 425 463 634 794 857 856 797 639 539 815 907 833 759 588 594 539 503 363 222 275 205 265 368 336 482 258 196 130 108 170 137 128 -9999 -9999 -9999 -9999 -9999 -9999 -9999 -9999 -9999
184 198 235 240 244 174 213 202 295 214 258 315 250 288 314 346 328 347 347 343 352 326 323 292 278 254 502 477 431 365 377 242 293 339 275 439 558 529 676 664 664 623 720 637 704 674 655 637 645 664 613 701 704 697 602 451 425 434 336 220 273 311 470 367 529 422 256 92 160 247 260 205 171 -9999 -9999 -9999 -9999 -9999 -9999 -9999 -9999 -9999
235 218 211 192 180 225 244 233 225 249 312 336 247 302 335 357 319 298 343 317 380 335 320 283 229 250 259 239 220 350 303 269 402 453 504 437 343 479 570 599 639 782 998 748 792 744 720 760 616 781 554 505 472 600 609 551 496 509 559 480 397 272 478 524 495 399 322 76 217 253 337 297 283 220 -9999 -9999 -9999 -9999 -9999 -9999 -9999 -9999
187 200 200 175 170 168 229 219 190 251 279 328 231 304 359 352 287 432 425 400 422 388 327 320 213 380 514 442 452 577 601 494 372 552 509 645 414 525 465 651 861 849 870 889 830 677 610 832 655 736 647 554 524 474 410 461 459 541 630 457 326 513 649 565 485 400 325 145 280 260 245 202 201 151 -9999 -9999 -9999 -9999 -9999 -9999 -9999 -9999
180 165 186 210 218 162 175 201 253 283 311 253 248 310 290 379 401 445 431 501 649 705 364 247 205 238 269 297 369 406 507 357 391 517 680 613 586 628 687 563 761 700 720 785 765 640 740 811 789 803 764 617 764 751 703 540 601 491 399 465 284 458 563 486 506 200 237 115 225 401 278 272 130 215 88 -9999 -9999 -9999 -9999 -9999 -9999 -9999
158 175 222 206 198 192 158 174 244 258 287 209 273 315 341 325 328 526 486 519 405 502 555 537 190 478 568 488 468 380 321 370 390 487 565 663 691 586 701 866 699 854 807 776 724 794 734 784 670 820 676 671 757 604 670 613 440 353 373 331 296 524 571 598 327 310 272 132 280 202 243 228 234 97 120 130 -9999 -9999 -9999 -9999 -9999 -9999
161 172 207 244 227 197 191 227 239 263 260 251 279 252 284 424 477 417 439 666 632 344 363 360 314 633 765 672 751 492 367 305 432 529 518 447 595 508 533 599 923 940 934 719 624 576 675 610 550 635 603 664 515 591 722 530 485 392 417 363 542 579 553 439 472 220 256 225 275 255 222 170 117 97 105 30 -9999 -9999 -9999 -9999 -9999 -9999
149 186 182 240 251 279 170 209 227 252 206 288 254 254 327 265 398 445 426 572 550 496 438 369 333 366 477 581 650 710 378 413 342 418 525 483 448 487 479 675 789 595 919 1111 859 848 600 466 603 523 572 638 474 635 627 675 542 465 345 449 501 655 561 502 281 480 319 182 387 255 224 154 174 146 125 62 45 -9999 -9999 -9999 -9999 -9999
164 150 200 238 235 234 153 243 223 243 200 257 279 247 229 289 480 477 330 448 541 518 549 439 202 533 540 560 481 463 503 324 379 431 347 354 406 400 522 615 700 676 832 930 944 1021 757 464 477 400 573 461 480 515 529 528 536 501 399 575 588 559 542 425 406 355 282 320 179 140 229 160 153 85 64 76 10 -9999 -9999 -9999 -9999 -9999
136 222 208 254 233 186 176 267 160 171 180 180 282 329 284 362 523 519 337 335 337 489 529 434 222 253 422 670 720 502 384 344 428 449 449 490 496 582 682 570 710 543 684 659 609 710 477 469 440 524 470 389 524 479 459 420 350 431 463 443 389 475 475 480 462 380 251 242 324 174 224 239 62 70 190 130 43 -9999 -9999 -9999 -9999 -9999
171 184 242 238 197 158 208 237 237 299 269 284 354 489 379 484 383 356 333 342 250 256 264 259 243 560 672 609 538 516 403 430 497 540 598 649 547 520 443 557 509 483 523 507 523 508 474 556 350 493 435 400 461 455 436 500 557 678 866 780 563 530 641 844 625 505 266 406 248 244 326 274 245 163 178 85 145 127 -9999 -9999 -9999 -9999
